     141.000           0.9148
     142.000           0.9317
     143.000           0.9412
     144.000           0.9494
     145.000           0.9548
     146.000           0.9568
     147.000           0.9582
     148.000           0.9613
     149.000           0.9620
     150.000           0.9630
     151.000           0.9637
     152.000           0.9663
     153.000           0.9687
     154.000           0.9674
     155.000           0.9673
     156.000           0.9706
     157.000           0.9722
     158.000           0.9716
     159.000           0.9718
     160.000           0.9747
     161.000           0.9726
     162.000           0.9744
     163.000           0.9731
     164.000           0.9745
     165.000           0.9777
     166.000           0.9780
     167.000           0.9785
     168.000           0.9783
     169.000           0.9788
     170.000           0.9794
     171.000           0.9805
     172.000           0.9827
     173.000           0.9823
     174.000           0.9799
     175.000           0.9793
     176.000           0.9813
     177.000           0.9815
     178.000           0.9839
     179.000           0.9833
     180.000           0.9851
     181.000           0.9878
     182.000           0.9859
     183.000           0.9860
     184.000           0.9853
     185.000           0.9858
     186.000           0.9855
     187.000           0.9863
     188.000           0.9877
     189.000           0.9887
     190.000           0.9896
     191.000           0.9901
     192.000           0.9893
     193.000           0.9915
     194.000           0.9918
     195.000           0.9909
     196.000           0.9896
     197.000           0.9909
     198.000           0.9909
     199.000           0.9919
     200.000           0.9935
     201.000           0.9919
     202.000           0.9912
     203.000           0.9914
     204.000           0.9924
     205.000           0.9928
     206.000           0.9940
     207.000           0.9931
     208.000           0.9920
     209.000           0.9926
     210.000           0.9940
     211.000           0.9953
     212.000           0.9948
     213.000           0.9953
     214.000           0.9949
     215.000           0.9943
     216.000           0.9927
     217.000           0.9923
     218.000           0.9910
     219.000           0.9919
     220.000           0.9946
     221.000           0.9922
     222.000           0.9927
     223.000           0.9937
     224.000           0.9944
     225.000           0.9962
     226.000           0.9951
     227.000           0.9954
     228.000           0.9941
     229.000           0.9932
     230.000           0.9933
     231.000           0.9929
     232.000           0.9906
     233.000           0.9900
     234.000           0.9894
     235.000           0.9927
     236.000           0.9930
     237.000           0.9922
     238.000           0.9919
     239.000           0.9919
     240.000           0.9913
     241.000           0.9937
     242.000           0.9945
     243.000           0.9968
     244.000           0.9977
     245.000           0.9965
     246.000           0.9957
     247.000           0.9944
     248.000           0.9939
     249.000           0.9935
     250.000           0.9941
     251.000           0.9939
     252.000           0.9936
     253.000           0.9930
     254.000           0.9953
     255.000           0.9962
     256.000           0.9962
     257.000           0.9954
     258.000           0.9954
     259.000           0.9959
     260.000           0.9966
     261.000           0.9976
     262.000           0.9927
     263.000           0.9944
     264.000           0.9955
     265.000           0.9940
     266.000           0.9949
     267.000           0.9942
     268.000           0.9951
     269.000           0.9946
     270.000           0.9957
     271.000           0.9946
     272.000           0.9949
     273.000           0.9943
     274.000           0.9943
     275.000           0.9948
     276.000           0.9926
     277.000           0.9937
     278.000           0.9934
     279.000           0.9952
     280.000           0.9962
     281.000           0.9965
     282.000           0.9960
     283.000           0.9972
     284.000           0.9965
     285.000           0.9949
     286.000           0.9924
     287.000           0.9927
     288.000           0.9939
     289.000           0.9955
     290.000           0.9956
     291.000           0.9962
     292.000           0.9965
     293.000           0.9956
     294.000           0.9950
     295.000           0.9931
     296.000           0.9911
     297.000           0.9941
     298.000           0.9939
     299.000           0.9949
     300.000           0.9943
     301.000           0.9946
     302.000           0.9956
     303.000           0.9972
     304.000           0.9981
     305.000           0.9993
     306.000           0.9983
     307.000           0.9960
     308.000           0.9968
     309.000           0.9964
     310.000           0.9967
     311.000           0.9982
     312.000           0.9976
     313.000           0.9971
     314.000           0.9947
     315.000           0.9953
     316.000           0.9966
     317.000           0.9979
     318.000           0.9975
     319.000           0.9970
     320.000           0.9955
     321.000           0.9952
     322.000           0.9948
     323.000           0.9933
     324.000           0.9934
     325.000           0.9953
     326.000           0.9947
     327.000           0.9937
     328.000           0.9959
     329.000           0.9981
     330.000           0.9974
     331.000           0.9970
     332.000           0.9939
     333.000           0.9967
     334.000           0.9986
     335.000           0.9996
     336.000           0.9976
     337.000           0.9971
     338.000           0.9971
     339.000           0.9987
     340.000           1.0002
     341.000           0.9986
     342.000           0.9972
     343.000           1.0002
     344.000           0.9997
     345.000           0.9971
     346.000           0.9978
     347.000           0.9975
     348.000           0.9985
     349.000           0.9984
     350.000           0.9967
     351.000           0.9977
     352.000           0.9990
     353.000           0.9970
     354.000           0.9999
     355.000           0.9980
     356.000           0.9979
     357.000           0.9990
     358.000           0.9986
     359.000           0.9975
     360.000           0.9954
     361.000           0.9940
     362.000           0.9957
     363.000           0.9962
     364.000           0.9950
     365.000           0.9966
     366.000           0.9969
     367.000           0.9978
     368.000           0.9982
     369.000           0.9982
     370.000           0.9975
     371.000           0.9962
     372.000           0.9960
     373.000           0.9975
     374.000           0.9955
     375.000           0.9954
     376.000           0.9968
     377.000           0.9964
     378.000           0.9982
     379.000           0.9941
     380.000           0.9944
     381.000           0.9959
     382.000           0.9997
     383.000           0.9989
     384.000           1.0007
     385.000           0.9989
     386.000           0.9980
     387.000           0.9955
     388.000           0.9972
     389.000           0.9973
     390.000           0.9996
     391.000           0.9978
     392.000           0.9990
     393.000           0.9977
     394.000           0.9971
     395.000           0.9984
     396.000           0.9992
     397.000           1.0005
     398.000           1.0019
     399.000           0.9996
     400.000           0.9987
     401.000           0.9968
     402.000           0.9974
     403.000           0.9970
     404.000           0.9969
     405.000           0.9969
     406.000           0.9964
     407.000           0.9964
     408.000           0.9967
     409.000           0.9973
     410.000           0.9969
     411.000           0.9970
     412.000           0.9979
     413.000           0.9981
     414.000           0.9961
     415.000           0.9976
     416.000           0.9979
     417.000           0.9986
     418.000           0.9951
     419.000           0.9963
     420.000           0.9966
     421.000           0.9975
     422.000           0.9977
     423.000           0.9977
     424.000           0.9987
     425.000           0.9987
     426.000           0.9977
     427.000           0.9974
     428.000           0.9981
     429.000           0.9976
     430.000           0.9962
     431.000           0.9966
     432.000           0.9958
     433.000           0.9953
     434.000           0.9960
     435.000           0.9941
     436.000           0.9956
     437.000           0.9977
     438.000           0.9975
     439.000           0.9959
     440.000           0.9967
     441.000           0.9985
     442.000           0.9984
     443.000           0.9968
     444.000           0.9987
     445.000           0.9968
     446.000           0.9974
     447.000           0.9994
     448.000           0.9994
     449.000           0.9978
     450.000           0.9984
     451.000           0.9972
     452.000           0.9980
     453.000           0.9999
     454.000           1.0015
     455.000           1.0027
     456.000           1.0027
     457.000           1.0011
     458.000           0.9994
     459.000           0.9987
     460.000           1.0001
     461.000           0.9994
     462.000           0.9985
     463.000           0.9977
     464.000           0.9960
     465.000           0.9966
     466.000           0.9988
     467.000           0.9975
     468.000           0.9989
     469.000           0.9993
     470.000           0.9999
     471.000           1.0008
     472.000           0.9991
     473.000           0.9993
     474.000           0.9988
     475.000           0.9995
     476.000           1.0003
     477.000           1.0007
     478.000           1.0001
     479.000           1.0012
     480.000           1.0012
     481.000           1.0017
     482.000           1.0010
     483.000           1.0003
     484.000           0.9985
     485.000           0.9999
     486.000           0.9990
     487.000           1.0001
     488.000           1.0005
     489.000           1.0018
     490.000           0.9996
     491.000           1.0010
     492.000           1.0008
     493.000           1.0016
     494.000           1.0006
     495.000           1.0010
     496.000           1.0030
     497.000           1.0028
     498.000           1.0000
     499.000           0.9993
     500.000           1.0005
     501.000           1.0006
     502.000           0.9993
     503.000           0.9995
     504.000           0.9982
     505.000           0.9994
     506.000           0.9989
     507.000           1.0020
     508.000           0.9999
     509.000           1.0001
     510.000           1.0004
     511.000           0.9991
     512.000           0.9989
     513.000           0.9989
     514.000           0.9995
     515.000           0.9978
     516.000           0.9968
     517.000           0.9990
     518.000           0.9985
     519.000           1.0000
     520.000           1.0011
     521.000           1.0014
     522.000           1.0003
     523.000           1.0000
     524.000           0.9979
     525.000           0.9964
     526.000           0.9997
     527.000           0.9998
     528.000           1.0008
     529.000           1.0003
     530.000           0.9997
     531.000           1.0011
     532.000           1.0014
     533.000           0.9999
     534.000           0.9991
     535.000           0.9985
     536.000           0.9988
     537.000           0.9994
     538.000           1.0001
     539.000           1.0011
     540.000           0.9998
     541.000           0.9991
     542.000           1.0007
     543.000           1.0021
     544.000           1.0020
     545.000           1.0028
     546.000           1.0021
     547.000           1.0037
     548.000           1.0024
     549.000           1.0028
     550.000           1.0024
     551.000           1.0022
     552.000           1.0028
     553.000           1.0028
     554.000           1.0004
     555.000           1.0005
     556.000           1.0010
     557.000           1.0004
     558.000           1.0029
     559.000           0.9990
     560.000           0.9985
     561.000           0.9993
     562.000           1.0000
     563.000           0.9989
     564.000           1.0000
     565.000           1.0022
     566.000           1.0018
     567.000           1.0022
     568.000           1.0019
     569.000           1.0010
     570.000           1.0017
     571.000           1.0004
     572.000           1.0001
     573.000           0.9992
     574.000           0.9984
     575.000           0.9992
     576.000           1.0015
     577.000           1.0016
     578.000           1.0009
     579.000           0.9996
     580.000           1.0006
     581.000           1.0016
     582.000           1.0019
     583.000           0.9993
     584.000           1.0001
     585.000           1.0022
     586.000           1.0017
     587.000           1.0006
     588.000           1.0013
     589.000           1.0016
     590.000           1.0005
     591.000           1.0010
     592.000           1.0001
     593.000           1.0001
     594.000           1.0034
     595.000           1.0040
     596.000           1.0012
     597.000           1.0002
     598.000           1.0005
     599.000           1.0025
     600.000           0.9996
     601.000           1.0001
     602.000           1.0005
     603.000           1.0022
     604.000           1.0004
     605.000           1.0005
     606.000           1.0007
     607.000           1.0025
     608.000           1.0000
     609.000           0.9999
     610.000           0.9999
     611.000           1.0016
     612.000           1.0004
     613.000           1.0021
     614.000           1.0030
     615.000           1.0041
     616.000           1.0013
     617.000           0.9997
     618.000           0.9993
     619.000           1.0017
     620.000           1.0028
     621.000           1.0012
     622.000           0.9999
     623.000           1.0001
     624.000           1.0018
     625.000           1.0018
     626.000           1.0030
     627.000           1.0027
     628.000           1.0014
     629.000           1.0019
     630.000           0.9995
     631.000           1.0017
     632.000           1.0022
     633.000           1.0017
     634.000           1.0029
     635.000           1.0013
     636.000           0.9997
     637.000           1.0003
     638.000           1.0009
     639.000           1.0016
     640.000           1.0022
     641.000           1.0018
     642.000           1.0018
     643.000           0.9997
     644.000           1.0010
     645.000           1.0024
     646.000           1.0030
     647.000           1.0021
     648.000           1.0041
     649.000           1.0038
     650.000           1.0023
     651.000           1.0041
     652.000           1.0041
     653.000           1.0023
     654.000           1.0016
     655.000           1.0012
     656.000           1.0012
     657.000           1.0018
     658.000           1.0027
     659.000           1.0034
     660.000           1.0030
     661.000           1.0033
     662.000           1.0020
     663.000           1.0014
     664.000           1.0022
     665.000           1.0026
     666.000           1.0016
     667.000           1.0028
     668.000           1.0029
     669.000           1.0046
     670.000           1.0052
     671.000           1.0035
     672.000           1.0033
     673.000           1.0039
     674.000           1.0038
     675.000           1.0010
     676.000           1.0007
     677.000           1.0010
     678.000           1.0031
     679.000           1.0009
     680.000           1.0036
     681.000           1.0009
     682.000           1.0025
     683.000           1.0013
     684.000           1.0007
     685.000           1.0013
     686.000           1.0011
     687.000           1.0013
     688.000           1.0011
     689.000           1.0019
     690.000           1.0018
     691.000           1.0020
     692.000           1.0015
     693.000           1.0038
     694.000           1.0035
     695.000           1.0026
     696.000           1.0030
     697.000           1.0010
     698.000           1.0024
     699.000           1.0025
     700.000           1.0025
     701.000           1.0018
     702.000           1.0039
     703.000           1.0017
     704.000           1.0015
     705.000           1.0001
     706.000           1.0008
     707.000           1.0015
     708.000           1.0015
     709.000           1.0012
     710.000           1.0007
     711.000           0.9998
     712.000           1.0021
     713.000           1.0005
     714.000           1.0023
     715.000           1.0017
     716.000           1.0020
     717.000           1.0011
     718.000           1.0017
     719.000           1.0006
     720.000           1.0010
     721.000           0.9992
     722.000           1.0001
     723.000           1.0012
     724.000           1.0029
     725.000           1.0033
     726.000           1.0030
     727.000           1.0016
     728.000           1.0011
     729.000           0.9990
     730.000           0.9993
     731.000           0.9980
     732.000           1.0004
     733.000           1.0014
     734.000           0.9996
     735.000           0.9996
     736.000           1.0005
     737.000           1.0004
     738.000           1.0012
     739.000           1.0001
     740.000           1.0018
     741.000           1.0029
     742.000           1.0027
     743.000           1.0033
     744.000           1.0048
     745.000           1.0060
     746.000           1.0011
     747.000           1.0034
     748.000           1.0045
     749.000           1.0049
     750.000           1.0033
     751.000           1.0030
     752.000           1.0046
     753.000           1.0052
     754.000           1.0041
     755.000           1.0026
     756.000           1.0025
     757.000           1.0023
     758.000           1.0016
     759.000           1.0047
     760.000           1.0058
     761.000           1.0062
     762.000           1.0041
     763.000           1.0004
     764.000           1.0009
     765.000           1.0033
     766.000           1.0044
     767.000           1.0033
     768.000           1.0023
     769.000           1.0039
     770.000           1.0050
     771.000           1.0045
     772.000           1.0037
     773.000           1.0051
     774.000           1.0033
     775.000           1.0027
     776.000           1.0009
     777.000           1.0029
     778.000           1.0022
     779.000           1.0034
     780.000           1.0047
     781.000           1.0061
     782.000           1.0056
     783.000           1.0036
     784.000           1.0023
     785.000           1.0011
     786.000           1.0008
     787.000           1.0019
     788.000           1.0030
     789.000           1.0023
     790.000           1.0039
     791.000           1.0046
     792.000           1.0037
     793.000           1.0024
     794.000           1.0039
     795.000           1.0053
     796.000           1.0058
     797.000           1.0037
     798.000           1.0055
     799.000           1.0047
     800.000           1.0062
     801.000           1.0062
     802.000           1.0074
     803.000           1.0066
     804.000           1.0047
     805.000           1.0041
     806.000           1.0048
     807.000           1.0039
     808.000           1.0037
     809.000           1.0052
     810.000           1.0049
     811.000           1.0047
     812.000           1.0007
     813.000           1.0000
     814.000           1.0016
     815.000           1.0025
     816.000           1.0037
     817.000           1.0040
     818.000           1.0037
     819.000           1.0033
     820.000           1.0040
     821.000           1.0048
     822.000           1.0044
     823.000           1.0045
     824.000           1.0056
     825.000           1.0045
     826.000           1.0042
     827.000           1.0055
     828.000           1.0048
     829.000           1.0045
     830.000           1.0052
     831.000           1.0052
     832.000           1.0036
     833.000           1.0031
     834.000           1.0020
     835.000           1.0026
     836.000           1.0039
     837.000           1.0026
     838.000           1.0030
     839.000           1.0022
     840.000           1.0025
     841.000           1.0056
     842.000           1.0065
     843.000           1.0067
     844.000           1.0063
     845.000           1.0063
     846.000           1.0073
     847.000           1.0065
     848.000           1.0063
     849.000           1.0056
     850.000           1.0050
     851.000           1.0057
     852.000           1.0062
     853.000           1.0066
     854.000           1.0037
     855.000           1.0053
     856.000           1.0057
     857.000           1.0026
     858.000           1.0032
     859.000           1.0040
     860.000           1.0051
     861.000           1.0056
     862.000           1.0057
     863.000           1.0053
     864.000           1.0056
     865.000           1.0030
     866.000           1.0039
     867.000           1.0049
     868.000           1.0053
     869.000           1.0025
     870.000           1.0029
     871.000           1.0053
     872.000           1.0063
     873.000           1.0028
     874.000           1.0065
     875.000           1.0071
     876.000           1.0069
     877.000           1.0052
     878.000           1.0046
     879.000           1.0052
     880.000           1.0060
     881.000           1.0062
     882.000           1.0046
     883.000           1.0053
     884.000           1.0058
     885.000           1.0070
     886.000           1.0057
     887.000           1.0044
     888.000           1.0060
     889.000           1.0061
     890.000           1.0062
     891.000           1.0039
     892.000           1.0046
     893.000           1.0048
     894.000           1.0067
     895.000           1.0082
     896.000           1.0084
     897.000           1.0065
     898.000           1.0049
     899.000           1.0046
     900.000           1.0044
     901.000           1.0056
     902.000           1.0046
     903.000           1.0038
     904.000           1.0041
     905.000           1.0042
     906.000           1.0031
     907.000           1.0033
     908.000           1.0041
     909.000           1.0060
     910.000           1.0023
     911.000           1.0032
     912.000           1.0045
     913.000           1.0035
     914.000           1.0061
     915.000           1.0029
     916.000           1.0031
     917.000           1.0050
     918.000           1.0044
     919.000           1.0088
     920.000           1.0069
     921.000           1.0070
     922.000           1.0060
     923.000           1.0059
     924.000           1.0056
     925.000           1.0068
     926.000           1.0082
     927.000           1.0095
     928.000           1.0091
     929.000           1.0088
     930.000           1.0087
     931.000           1.0081
     932.000           1.0048
     933.000           1.0037
     934.000           1.0034
     935.000           1.0041
     936.000           1.0045
     937.000           1.0033
     938.000           1.0032
     939.000           1.0014
     940.000           1.0035
     941.000           1.0047
     942.000           1.0044
     943.000           1.0046
     944.000           1.0039
     945.000           1.0050
     946.000           1.0071
     947.000           1.0058
     948.000           1.0069
     949.000           1.0051
     950.000           1.0051
     951.000           1.0073
     952.000           1.0094
     953.000           1.0095
     954.000           1.0082
     955.000           1.0082
     956.000           1.0080
     957.000           1.0071
     958.000           1.0084
     959.000           1.0090
     960.000           1.0060
     961.000           1.0057
     962.000           1.0065
     963.000           1.0058
     964.000           1.0045
     965.000           1.0048
     966.000           1.0049
     967.000           1.0044
     968.000           1.0048
     969.000           1.0065
     970.000           1.0069
     971.000           1.0062
     972.000           1.0067
     973.000           1.0067
     974.000           1.0055
     975.000           1.0076
     976.000           1.0083
     977.000           1.0075
     978.000           1.0060
     979.000           1.0054
     980.000           1.0054
     981.000           1.0062
     982.000           1.0059
     983.000           1.0055
     984.000           1.0068
     985.000           1.0069
     986.000           1.0064
     987.000           1.0067
     988.000           1.0050
     989.000           1.0059
     990.000           1.0077
     991.000           1.0073
     992.000           1.0068
     993.000           1.0059
     994.000           1.0045
     995.000           1.0066
     996.000           1.0050
     997.000           1.0052
     998.000           1.0082
     999.000           1.0066
    1000.000           1.0043
    1001.000           1.0059
    1002.000           1.0071
    1003.000           1.0078
    1004.000           1.0052
    1005.000           1.0064
    1006.000           1.0066
    1007.000           1.0074
    1008.000           1.0057
    1009.000           1.0061
    1010.000           1.0061
    1011.000           1.0067
    1012.000           1.0070
    1013.000           1.0061
    1014.000           1.0047
    1015.000           1.0062
    1016.000           1.0047
    1017.000           1.0056
    1018.000           1.0059
    1019.000           1.0074
    1020.000           1.0070
    1021.000           1.0051
    1022.000           1.0055
    1023.000           1.0046
    1024.000           1.0042
    1025.000           1.0056
    1026.000           1.0084
    1027.000           1.0060
    1028.000           1.0052
    1029.000           1.0050
    1030.000           1.0056
    1031.000           1.0067
    1032.000           1.0054
    1033.000           1.0044
    1034.000           1.0045
    1035.000           1.0070
    1036.000           1.0073
    1037.000           1.0076
    1038.000           1.0050
    1039.000           1.0054
    1040.000           1.0070
    1041.000           1.0066
    1042.000           1.0052
    1043.000           1.0064
    1044.000           1.0062
    1045.000           1.0064
    1046.000           1.0076
    1047.000           1.0064
    1048.000           1.0053
    1049.000           1.0040
    1050.000           1.0043
    1051.000           1.0044
    1052.000           1.0065
    1053.000           1.0056
    1054.000           1.0064
    1055.000           1.0069
    1056.000           1.0083
    1057.000           1.0067
    1058.000           1.0072
    1059.000           1.0074
    1060.000           1.0061
    1061.000           1.0052
    1062.000           1.0050
    1063.000           1.0055
    1064.000           1.0055
    1065.000           1.0064
    1066.000           1.0068
    1067.000           1.0058
    1068.000           1.0048
    1069.000           1.0065
    1070.000           1.0082
    1071.000           1.0089
    1072.000           1.0092
    1073.000           1.0076
    1074.000           1.0084
    1075.000           1.0064
    1076.000           1.0056
    1077.000           1.0056
    1078.000           1.0057
    1079.000           1.0078
    1080.000           1.0088
    1081.000           1.0091
    1082.000           1.0103
    1083.000           1.0106
    1084.000           1.0096
    1085.000           1.0088
    1086.000           1.0083
    1087.000           1.0082
    1088.000           1.0087
    1089.000           1.0075
    1090.000           1.0078
    1091.000           1.0104
    1092.000           1.0083
    1093.000           1.0080
    1094.000           1.0052
    1095.000           1.0062
    1096.000           1.0050
    1097.000           1.0044
    1098.000           1.0047
    1099.000           1.0068
    1100.000           1.0053
    1101.000           1.0070
    1102.000           1.0072
    1103.000           1.0062
    1104.000           1.0058
    1105.000           1.0073
    1106.000           1.0068
    1107.000           1.0064
    1108.000           1.0064
    1109.000           1.0053
    1110.000           1.0055
    1111.000           1.0072
    1112.000           1.0087
    1113.000           1.0075
    1114.000           1.0069
    1115.000           1.0060
    1116.000           1.0055
    1117.000           1.0071
    1118.000           1.0066
    1119.000           1.0049
    1120.000           1.0058
    1121.000           1.0052
    1122.000           1.0075
    1123.000           1.0061
    1124.000           1.0080
    1125.000           1.0068
    1126.000           1.0080
    1127.000           1.0079
    1128.000           1.0076
    1129.000           1.0068
    1130.000           1.0079
    1131.000           1.0067
    1132.000           1.0052
    1133.000           1.0058
    1134.000           1.0065
    1135.000           1.0076
    1136.000           1.0076
    1137.000           1.0106
    1138.000           1.0079
    1139.000           1.0071
    1140.000           1.0065
    1141.000           1.0079
    1142.000           1.0057
    1143.000           1.0051
    1144.000           1.0058
    1145.000           1.0057
    1146.000           1.0086
    1147.000           1.0091
    1148.000           1.0097
    1149.000           1.0094
    1150.000           1.0084
    1151.000           1.0088
    1152.000           1.0104
    1153.000           1.0103
    1154.000           1.0089
    1155.000           1.0097
    1156.000           1.0095
    1157.000           1.0103
    1158.000           1.0092
    1159.000           1.0083
    1160.000           1.0092
    1161.000           1.0086
    1162.000           1.0091
    1163.000           1.0080
    1164.000           1.0045
    1165.000           1.0052
    1166.000           1.0053
    1167.000           1.0081
    1168.000           1.0083
    1169.000           1.0081
    1170.000           1.0084
    1171.000           1.0092
    1172.000           1.0079
    1173.000           1.0089
    1174.000           1.0077
    1175.000           1.0102
    1176.000           1.0098
    1177.000           1.0086
    1178.000           1.0078
    1179.000           1.0060
    1180.000           1.0060
    1181.000           1.0064
    1182.000           1.0056
    1183.000           1.0055
    1184.000           1.0040
    1185.000           1.0087
    1186.000           1.0085
    1187.000           1.0077
    1188.000           1.0076
    1189.000           1.0087
    1190.000           1.0085
    1191.000           1.0075
    1192.000           1.0092
    1193.000           1.0075
    1194.000           1.0076
    1195.000           1.0072
    1196.000           1.0078
    1197.000           1.0072
    1198.000           1.0072
    1199.000           1.0070
    1200.000           1.0072
    1201.000           1.0067
    1202.000           1.0077
    1203.000           1.0067
    1204.000           1.0078
    1205.000           1.0095
    1206.000           1.0091
    1207.000           1.0067
    1208.000           1.0086
    1209.000           1.0080
    1210.000           1.0081
    1211.000           1.0063
    1212.000           1.0056
    1213.000           1.0065
    1214.000           1.0073
    1215.000           1.0079
    1216.000           1.0069
    1217.000           1.0079
    1218.000           1.0094
    1219.000           1.0088
    1220.000           1.0087
    1221.000           1.0105
    1222.000           1.0097
    1223.000           1.0073
    1224.000           1.0081
    1225.000           1.0088
    1226.000           1.0083
    1227.000           1.0085
    1228.000           1.0073
    1229.000           1.0072
    1230.000           1.0086
    1231.000           1.0088
    1232.000           1.0105
    1233.000           1.0120
    1234.000           1.0102
    1235.000           1.0085
    1236.000           1.0077
    1237.000           1.0076
    1238.000           1.0055
    1239.000           1.0057
    1240.000           1.0053
    1241.000           1.0077
    1242.000           1.0065
    1243.000           1.0074
    1244.000           1.0096
    1245.000           1.0103
    1246.000           1.0088
    1247.000           1.0088
    1248.000           1.0087
    1249.000           1.0069
    1250.000           1.0070
    1251.000           1.0075
    1252.000           1.0070
    1253.000           1.0075
    1254.000           1.0088
    1255.000           1.0062
    1256.000           1.0081
    1257.000           1.0055
    1258.000           1.0057
    1259.000           1.0069
    1260.000           1.0078
    1261.000           1.0064
    1262.000           1.0060
    1263.000           1.0083
    1264.000           1.0082
    1265.000           1.0081
    1266.000           1.0075
    1267.000           1.0075
    1268.000           1.0088
    1269.000           1.0092
    1270.000           1.0075
    1271.000           1.0080
    1272.000           1.0065
    1273.000           1.0065
    1274.000           1.0066
    1275.000           1.0086
    1276.000           1.0089
    1277.000           1.0085
    1278.000           1.0085
    1279.000           1.0095
    1280.000           1.0075
    1281.000           1.0086
    1282.000           1.0065
    1283.000           1.0026
    1284.000           1.0047
    1285.000           1.0057
    1286.000           1.0072
    1287.000           1.0091
    1288.000           1.0115
    1289.000           1.0075
    1290.000           1.0076
    1291.000           1.0066
    1292.000           1.0076
    1293.000           1.0078
    1294.000           1.0081
    1295.000           1.0089
    1296.000           1.0075
    1297.000           1.0060
    1298.000           1.0068
    1299.000           1.0085
    1300.000           1.0083
    1301.000           1.0094
    1302.000           1.0077
    1303.000           1.0062
    1304.000           1.0070
    1305.000           1.0080
    1306.000           1.0104
    1307.000           1.0086
    1308.000           1.0079
    1309.000           1.0079
    1310.000           1.0064
    1311.000           1.0061
    1312.000           1.0077
    1313.000           1.0095
    1314.000           1.0075
    1315.000           1.0101
    1316.000           1.0105
    1317.000           1.0085
    1318.000           1.0082
    1319.000           1.0083
    1320.000           1.0093
    1321.000           1.0075
    1322.000           1.0087
    1323.000           1.0073
    1324.000           1.0077
    1325.000           1.0077
    1326.000           1.0080
    1327.000           1.0077
    1328.000           1.0095
    1329.000           1.0077
    1330.000           1.0089
    1331.000           1.0078
    1332.000           1.0076
    1333.000           1.0075
    1334.000           1.0083
    1335.000           1.0068
    1336.000           1.0081
    1337.000           1.0081
    1338.000           1.0087
    1339.000           1.0105
    1340.000           1.0098
    1341.000           1.0096
    1342.000           1.0094
    1343.000           1.0088
    1344.000           1.0071
    1345.000           1.0066
    1346.000           1.0078
    1347.000           1.0069
    1348.000           1.0091
    1349.000           1.0072
    1350.000           1.0083
    1351.000           1.0085
    1352.000           1.0101
    1353.000           1.0111
    1354.000           1.0100
    1355.000           1.0109
    1356.000           1.0087
    1357.000           1.0096
    1358.000           1.0076
    1359.000           1.0065
    1360.000           1.0066
    1361.000           1.0072
    1362.000           1.0075
    1363.000           1.0099
    1364.000           1.0124
    1365.000           1.0102
    1366.000           1.0092
    1367.000           1.0084
    1368.000           1.0081
    1369.000           1.0099
    1370.000           1.0118
    1371.000           1.0115
    1372.000           1.0106
    1373.000           1.0090
    1374.000           1.0089
    1375.000           1.0102
    1376.000           1.0090
    1377.000           1.0076
    1378.000           1.0087
    1379.000           1.0089
    1380.000           1.0080
    1381.000           1.0077
    1382.000           1.0092
    1383.000           1.0093
    1384.000           1.0084
    1385.000           1.0076
    1386.000           1.0060
    1387.000           1.0075
    1388.000           1.0085
    1389.000           1.0070
    1390.000           1.0098
    1391.000           1.0087
    1392.000           1.0077
    1393.000           1.0079
    1394.000           1.0090
    1395.000           1.0089
    1396.000           1.0105
    1397.000           1.0099
    1398.000           1.0104
    1399.000           1.0094
    1400.000           1.0076
    1401.000           1.0093
    1402.000           1.0084
    1403.000           1.0089
    1404.000           1.0101
    1405.000           1.0087
    1406.000           1.0077
    1407.000           1.0097
    1408.000           1.0112
    1409.000           1.0110
    1410.000           1.0115
    1411.000           1.0110
    1412.000           1.0112
    1413.000           1.0111
    1414.000           1.0116
    1415.000           1.0119
    1416.000           1.0114
    1417.000           1.0100
    1418.000           1.0096
    1419.000           1.0090
    1420.000           1.0076
    1421.000           1.0077
    1422.000           1.0075
    1423.000           1.0077
    1424.000           1.0081
    1425.000           1.0103
    1426.000           1.0106
    1427.000           1.0096
    1428.000           1.0101
    1429.000           1.0108
    1430.000           1.0094
    1431.000           1.0109
    1432.000           1.0119
    1433.000           1.0087
    1434.000           1.0083
    1435.000           1.0049
    1436.000           1.0073
    1437.000           1.0071
    1438.000           1.0048
    1439.000           1.0078
    1440.000           1.0095
    1441.000           1.0098
    1442.000           1.0097
    1443.000           1.0089
    1444.000           1.0104
    1445.000           1.0106
    1446.000           1.0120
    1447.000           1.0126
    1448.000           1.0129
    1449.000           1.0134
    1450.000           1.0113
    1451.000           1.0095
    1452.000           1.0096
    1453.000           1.0078
    1454.000           1.0076
    1455.000           1.0078
    1456.000           1.0106
    1457.000           1.0105
    1458.000           1.0098
    1459.000           1.0105
    1460.000           1.0090
    1461.000           1.0094
    1462.000           1.0092
    1463.000           1.0083
    1464.000           1.0091
    1465.000           1.0106
    1466.000           1.0086
    1467.000           1.0076
    1468.000           1.0093
    1469.000           1.0084
    1470.000           1.0102
    1471.000           1.0104
    1472.000           1.0103
    1473.000           1.0100
    1474.000           1.0087
    1475.000           1.0071
    1476.000           1.0072
    1477.000           1.0062
    1478.000           1.0064
    1479.000           1.0075
    1480.000           1.0100
    1481.000           1.0092
    1482.000           1.0092
    1483.000           1.0095
    1484.000           1.0074
    1485.000           1.0099
    1486.000           1.0099
    1487.000           1.0086
    1488.000           1.0093
    1489.000           1.0096
    1490.000           1.0104
    1491.000           1.0119
    1492.000           1.0126
    1493.000           1.0116
    1494.000           1.0093
    1495.000           1.0076
    1496.000           1.0083
    1497.000           1.0097
    1498.000           1.0090
    1499.000           1.0100
    1500.000           1.0107
    1501.000           1.0075
    1502.000           1.0105
    1503.000           1.0078
    1504.000           1.0073
    1505.000           1.0066
    1506.000           1.0068
    1507.000           1.0080
    1508.000           1.0085
    1509.000           1.0093
    1510.000           1.0105
    1511.000           1.0110
    1512.000           1.0117
    1513.000           1.0115
    1514.000           1.0095
    1515.000           1.0114
    1516.000           1.0115
    1517.000           1.0099
    1518.000           1.0106
    1519.000           1.0130
    1520.000           1.0131
    1521.000           1.0140
    1522.000           1.0116
    1523.000           1.0112
    1524.000           1.0119
    1525.000           1.0112
    1526.000           1.0102
    1527.000           1.0101
    1528.000           1.0097
    1529.000           1.0111
    1530.000           1.0078
    1531.000           1.0067
    1532.000           1.0075
    1533.000           1.0089
    1534.000           1.0076
    1535.000           1.0080
    1536.000           1.0087
    1537.000           1.0098
    1538.000           1.0087
    1539.000           1.0083
    1540.000           1.0093
    1541.000           1.0099
    1542.000           1.0104
    1543.000           1.0119
    1544.000           1.0102
    1545.000           1.0080
    1546.000           1.0101
    1547.000           1.0105
    1548.000           1.0126
    1549.000           1.0116
    1550.000           1.0122
    1551.000           1.0118
    1552.000           1.0121
    1553.000           1.0138
    1554.000           1.0124
    1555.000           1.0131
    1556.000           1.0134
    1557.000           1.0120
    1558.000           1.0104
    1559.000           1.0084
    1560.000           1.0096
    1561.000           1.0106
    1562.000           1.0106
    1563.000           1.0123
    1564.000           1.0134
    1565.000           1.0127
    1566.000           1.0124
    1567.000           1.0120
    1568.000           1.0099
    1569.000           1.0111
    1570.000           1.0112
    1571.000           1.0119
    1572.000           1.0104
    1573.000           1.0116
    1574.000           1.0101
    1575.000           1.0108
    1576.000           1.0121
    1577.000           1.0119
    1578.000           1.0107
    1579.000           1.0115
    1580.000           1.0119
    1581.000           1.0128
    1582.000           1.0108
    1583.000           1.0089
    1584.000           1.0107
    1585.000           1.0099
    1586.000           1.0120
    1587.000           1.0121
    1588.000           1.0114
    1589.000           1.0140
    1590.000           1.0126
    1591.000           1.0135
    1592.000           1.0121
    1593.000           1.0127
    1594.000           1.0125
    1595.000           1.0116
    1596.000           1.0102
    1597.000           1.0127
    1598.000           1.0127
    1599.000           1.0113
    1600.000           1.0108
    1601.000           1.0089
    1602.000           1.0105
    1603.000           1.0103
    1604.000           1.0099
    1605.000           1.0111
    1606.000           1.0091
    1607.000           1.0105
    1608.000           1.0108
    1609.000           1.0115
    1610.000           1.0110
    1611.000           1.0109
    1612.000           1.0117
    1613.000           1.0116
    1614.000           1.0116
    1615.000           1.0107
    1616.000           1.0115
    1617.000           1.0091
    1618.000           1.0108
    1619.000           1.0100
    1620.000           1.0100
    1621.000           1.0107
    1622.000           1.0086
    1623.000           1.0089
    1624.000           1.0114
    1625.000           1.0101
    1626.000           1.0101
    1627.000           1.0105
    1628.000           1.0103
    1629.000           1.0104
    1630.000           1.0114
    1631.000           1.0132
    1632.000           1.0128
    1633.000           1.0102
    1634.000           1.0101
    1635.000           1.0098
    1636.000           1.0087
    1637.000           1.0115
    1638.000           1.0120
    1639.000           1.0111
    1640.000           1.0110
    1641.000           1.0108
    1642.000           1.0125
    1643.000           1.0126
    1644.000           1.0123
    1645.000           1.0132
    1646.000           1.0125
    1647.000           1.0140
    1648.000           1.0126
    1649.000           1.0110
    1650.000           1.0106
    1651.000           1.0122
    1652.000           1.0106
    1653.000           1.0121
    1654.000           1.0131
    1655.000           1.0119
    1656.000           1.0131
    1657.000           1.0140
    1658.000           1.0137
    1659.000           1.0131
    1660.000           1.0133
    1661.000           1.0135
    1662.000           1.0122
    1663.000           1.0112
    1664.000           1.0102
    1665.000           1.0105
    1666.000           1.0131
    1667.000           1.0118
    1668.000           1.0115
    1669.000           1.0118
    1670.000           1.0141
    1671.000           1.0137
    1672.000           1.0134
    1673.000           1.0129
    1674.000           1.0118
    1675.000           1.0130
    1676.000           1.0134
    1677.000           1.0133
    1678.000           1.0130
    1679.000           1.0135
    1680.000           1.0126
    1681.000           1.0131
    1682.000           1.0132
    1683.000           1.0112
    1684.000           1.0119
    1685.000           1.0103
    1686.000           1.0089
    1687.000           1.0097
    1688.000           1.0103
    1689.000           1.0088
    1690.000           1.0080
    1691.000           1.0095
    1692.000           1.0120
    1693.000           1.0105
    1694.000           1.0072
    1695.000           1.0057
    1696.000           1.0077
    1697.000           1.0091
    1698.000           1.0125
    1699.000           1.0100
    1700.000           1.0114
    1701.000           1.0124
    1702.000           1.0110
    1703.000           1.0129
    1704.000           1.0120
    1705.000           1.0134
    1706.000           1.0140
    1707.000           1.0112
    1708.000           1.0111
    1709.000           1.0108
    1710.000           1.0119
    1711.000           1.0118
    1712.000           1.0118
    1713.000           1.0113
    1714.000           1.0153
    1715.000           1.0133
    1716.000           1.0124
    1717.000           1.0122
    1718.000           1.0106
    1719.000           1.0103
    1720.000           1.0088
    1721.000           1.0072
    1722.000           1.0089
    1723.000           1.0094
    1724.000           1.0106
    1725.000           1.0130
    1726.000           1.0146
    1727.000           1.0148
    1728.000           1.0148
    1729.000           1.0149
    1730.000           1.0125
    1731.000           1.0117
    1732.000           1.0124
    1733.000           1.0131
    1734.000           1.0117
    1735.000           1.0101
    1736.000           1.0090
    1737.000           1.0086
    1738.000           1.0072
    1739.000           1.0089
    1740.000           1.0096
    1741.000           1.0115
    1742.000           1.0113
    1743.000           1.0110
    1744.000           1.0110
    1745.000           1.0116
    1746.000           1.0122
    1747.000           1.0126
    1748.000           1.0132
    1749.000           1.0129
    1750.000           1.0127
    1751.000           1.0120
    1752.000           1.0123
    1753.000           1.0129
    1754.000           1.0122
    1755.000           1.0136
    1756.000           1.0133
    1757.000           1.0110
    1758.000           1.0114
    1759.000           1.0109
    1760.000           1.0104
    1761.000           1.0121
    1762.000           1.0121
    1763.000           1.0092
    1764.000           1.0096
    1765.000           1.0115
    1766.000           1.0112
    1767.000           1.0112
    1768.000           1.0135
    1769.000           1.0117
    1770.000           1.0108
    1771.000           1.0106
    1772.000           1.0111
    1773.000           1.0115
    1774.000           1.0112
    1775.000           1.0109
    1776.000           1.0108
    1777.000           1.0101
    1778.000           1.0082
    1779.000           1.0103
    1780.000           1.0123
    1781.000           1.0137
    1782.000           1.0129
    1783.000           1.0131
    1784.000           1.0132
    1785.000           1.0117
    1786.000           1.0109
    1787.000           1.0113
    1788.000           1.0138
    1789.000           1.0145
    1790.000           1.0131
    1791.000           1.0117
    1792.000           1.0142
    1793.000           1.0145
    1794.000           1.0136
    1795.000           1.0142
    1796.000           1.0154
    1797.000           1.0133
    1798.000           1.0137
    1799.000           1.0152
    1800.000           1.0125
    1801.000           1.0129
    1802.000           1.0138
    1803.000           1.0128
    1804.000           1.0107
    1805.000           1.0118
    1806.000           1.0134
    1807.000           1.0123
    1808.000           1.0115
    1809.000           1.0120
    1810.000           1.0146
    1811.000           1.0122
    1812.000           1.0123
    1813.000           1.0124
    1814.000           1.0119
    1815.000           1.0128
    1816.000           1.0114
    1817.000           1.0114
    1818.000           1.0105
    1819.000           1.0086
    1820.000           1.0106
    1821.000           1.0095
    1822.000           1.0089
    1823.000           1.0111
    1824.000           1.0094
    1825.000           1.0115
    1826.000           1.0128
    1827.000           1.0107
    1828.000           1.0126
    1829.000           1.0139
    1830.000           1.0114
    1831.000           1.0118
    1832.000           1.0109
    1833.000           1.0107
    1834.000           1.0136
    1835.000           1.0108
    1836.000           1.0108
    1837.000           1.0106
    1838.000           1.0114
    1839.000           1.0103
    1840.000           1.0119
    1841.000           1.0137
    1842.000           1.0143
    1843.000           1.0132
    1844.000           1.0116
    1845.000           1.0111
    1846.000           1.0115
    1847.000           1.0124
    1848.000           1.0107
    1849.000           1.0124
    1850.000           1.0102
    1851.000           1.0120
    1852.000           1.0118
    1853.000           1.0146
    1854.000           1.0129
    1855.000           1.0135
    1856.000           1.0140
    1857.000           1.0135
    1858.000           1.0142
    1859.000           1.0162
    1860.000           1.0160
    1861.000           1.0146
    1862.000           1.0145
    1863.000           1.0145
    1864.000           1.0123
    1865.000           1.0128
    1866.000           1.0139
    1867.000           1.0142
    1868.000           1.0121
    1869.000           1.0137
    1870.000           1.0136
    1871.000           1.0118
    1872.000           1.0123
    1873.000           1.0129
    1874.000           1.0118
    1875.000           1.0131
    1876.000           1.0138
    1877.000           1.0137
    1878.000           1.0128
    1879.000           1.0143
    1880.000           1.0134
    1881.000           1.0124
    1882.000           1.0120
    1883.000           1.0118
    1884.000           1.0123
    1885.000           1.0136
    1886.000           1.0148
    1887.000           1.0153
    1888.000           1.0142
    1889.000           1.0141
    1890.000           1.0128
    1891.000           1.0119
    1892.000           1.0110
    1893.000           1.0123
    1894.000           1.0123
    1895.000           1.0133
    1896.000           1.0126
    1897.000           1.0160
    1898.000           1.0154
    1899.000           1.0124
    1900.000           1.0136
    1901.000           1.0117
    1902.000           1.0123
    1903.000           1.0126
    1904.000           1.0138
    1905.000           1.0109
    1906.000           1.0128
    1907.000           1.0141
    1908.000           1.0121
    1909.000           1.0158
    1910.000           1.0147
    1911.000           1.0134
    1912.000           1.0121
    1913.000           1.0125
    1914.000           1.0129
    1915.000           1.0127
    1916.000           1.0143
    1917.000           1.0135
    1918.000           1.0130
    1919.000           1.0144
    1920.000           1.0158
    1921.000           1.0143
    1922.000           1.0134
    1923.000           1.0159
    1924.000           1.0162
    1925.000           1.0126
    1926.000           1.0094
    1927.000           1.0111
    1928.000           1.0102
    1929.000           1.0106
    1930.000           1.0106
    1931.000           1.0106
    1932.000           1.0106
    1933.000           1.0100
    1934.000           1.0095
    1935.000           1.0090
    1936.000           1.0111
    1937.000           1.0115
    1938.000           1.0110
    1939.000           1.0091
    1940.000           1.0105
    1941.000           1.0124
    1942.000           1.0119
    1943.000           1.0137
    1944.000           1.0133
    1945.000           1.0123
    1946.000           1.0118
    1947.000           1.0125
    1948.000           1.0141
    1949.000           1.0134
    1950.000           1.0142
    1951.000           1.0152
    1952.000           1.0150
    1953.000           1.0146
    1954.000           1.0149
    1955.000           1.0152
    1956.000           1.0136
    1957.000           1.0141
    1958.000           1.0113
    1959.000           1.0125
    1960.000           1.0124
    1961.000           1.0117
    1962.000           1.0115
    1963.000           1.0109
    1964.000           1.0141
    1965.000           1.0136
    1966.000           1.0156
    1967.000           1.0146
    1968.000           1.0115
    1969.000           1.0135
    1970.000           1.0152
    1971.000           1.0164
    1972.000           1.0163
    1973.000           1.0153
    1974.000           1.0148
    1975.000           1.0153
    1976.000           1.0141
    1977.000           1.0138
    1978.000           1.0129
    1979.000           1.0128
    1980.000           1.0127
    1981.000           1.0136
    1982.000           1.0142
    1983.000           1.0150
    1984.000           1.0150
    1985.000           1.0142
    1986.000           1.0125
    1987.000           1.0119
    1988.000           1.0110
    1989.000           1.0132
    1990.000           1.0147
    1991.000           1.0141
    1992.000           1.0156
    1993.000           1.0142
    1994.000           1.0139
    1995.000           1.0148
    1996.000           1.0132
    1997.000           1.0128
    1998.000           1.0127
    1999.000           1.0134
    2000.000           1.0120
    2001.000           1.0103
    2002.000           1.0122
    2003.000           1.0152
    2004.000           1.0154
    2005.000           1.0153
    2006.000           1.0139
    2007.000           1.0145
    2008.000           1.0148
    2009.000           1.0116
    2010.000           1.0121
    2011.000           1.0129
    2012.000           1.0123
    2013.000           1.0153
    2014.000           1.0156
    2015.000           1.0154
    2016.000           1.0138
    2017.000           1.0118
    2018.000           1.0109
    2019.000           1.0112
    2020.000           1.0112
    2021.000           1.0120
    2022.000           1.0122
    2023.000           1.0109
    2024.000           1.0123
    2025.000           1.0124
    2026.000           1.0114
    2027.000           1.0116
    2028.000           1.0132
    2029.000           1.0107
    2030.000           1.0113
    2031.000           1.0129
    2032.000           1.0120
    2033.000           1.0123
    2034.000           1.0132
    2035.000           1.0128
    2036.000           1.0124
    2037.000           1.0121
    2038.000           1.0106
    2039.000           1.0117
    2040.000           1.0121
    2041.000           1.0134
    2042.000           1.0126
    2043.000           1.0139
    2044.000           1.0130
    2045.000           1.0113
    2046.000           1.0122
    2047.000           1.0109
    2048.000           1.0124
    2049.000           1.0136
    2050.000           1.0156
    2051.000           1.0139
    2052.000           1.0128
    2053.000           1.0113
    2054.000           1.0131
    2055.000           1.0130
    2056.000           1.0118
    2057.000           1.0108
    2058.000           1.0128
    2059.000           1.0135
    2060.000           1.0163
    2061.000           1.0185
    2062.000           1.0170
    2063.000           1.0162
    2064.000           1.0147
    2065.000           1.0133
    2066.000           1.0130
    2067.000           1.0141
    2068.000           1.0138
    2069.000           1.0135
    2070.000           1.0135
    2071.000           1.0111
    2072.000           1.0107
    2073.000           1.0107
    2074.000           1.0122
    2075.000           1.0120
    2076.000           1.0123
    2077.000           1.0128
    2078.000           1.0124
    2079.000           1.0113
    2080.000           1.0114
    2081.000           1.0117
    2082.000           1.0128
    2083.000           1.0148
    2084.000           1.0143
    2085.000           1.0141
    2086.000           1.0134
    2087.000           1.0126
    2088.000           1.0122
    2089.000           1.0166
    2090.000           1.0162
    2091.000           1.0156
    2092.000           1.0166
    2093.000           1.0174
    2094.000           1.0152
    2095.000           1.0147
    2096.000           1.0125
    2097.000           1.0109
    2098.000           1.0140
    2099.000           1.0135
    2100.000           1.0143
    2101.000           1.0132
    2102.000           1.0140
    2103.000           1.0131
    2104.000           1.0135
    2105.000           1.0130
    2106.000           1.0128
    2107.000           1.0144
    2108.000           1.0131
    2109.000           1.0166
    2110.000           1.0163
    2111.000           1.0143
    2112.000           1.0159
    2113.000           1.0172
    2114.000           1.0153
    2115.000           1.0134
    2116.000           1.0150
    2117.000           1.0136
    2118.000           1.0152
    2119.000           1.0151
    2120.000           1.0149
    2121.000           1.0140
    2122.000           1.0118
    2123.000           1.0120
    2124.000           1.0122
    2125.000           1.0118
    2126.000           1.0142
    2127.000           1.0150
    2128.000           1.0137
    2129.000           1.0149
    2130.000           1.0164
    2131.000           1.0163
    2132.000           1.0151
    2133.000           1.0187
    2134.000           1.0167
    2135.000           1.0153
    2136.000           1.0145
    2137.000           1.0135
    2138.000           1.0142
    2139.000           1.0151
    2140.000           1.0150
    2141.000           1.0166
    2142.000           1.0165
    2143.000           1.0134
    2144.000           1.0141
    2145.000           1.0148
    2146.000           1.0155
    2147.000           1.0151
    2148.000           1.0154
    2149.000           1.0166
    2150.000           1.0147
    2151.000           1.0137
    2152.000           1.0140
    2153.000           1.0146
    2154.000           1.0146
    2155.000           1.0164
    2156.000           1.0151
    2157.000           1.0159
    2158.000           1.0147
    2159.000           1.0145
    2160.000           1.0157
    2161.000           1.0136
    2162.000           1.0129
    2163.000           1.0156
    2164.000           1.0169
    2165.000           1.0167
    2166.000           1.0157
    2167.000           1.0147
    2168.000           1.0149
    2169.000           1.0128
    2170.000           1.0125
    2171.000           1.0133
    2172.000           1.0137
    2173.000           1.0165
    2174.000           1.0169
    2175.000           1.0163
    2176.000           1.0157
    2177.000           1.0159
    2178.000           1.0142
    2179.000           1.0144
    2180.000           1.0157
    2181.000           1.0128
    2182.000           1.0133
    2183.000           1.0131
    2184.000           1.0150
    2185.000           1.0147
    2186.000           1.0138
    2187.000           1.0150
    2188.000           1.0145
    2189.000           1.0142
    2190.000           1.0125
    2191.000           1.0131
    2192.000           1.0145
    2193.000           1.0136
    2194.000           1.0156
    2195.000           1.0155
    2196.000           1.0138
    2197.000           1.0145
    2198.000           1.0141
    2199.000           1.0152
    2200.000           1.0148
    2201.000           1.0144
    2202.000           1.0139
    2203.000           1.0140
    2204.000           1.0117
    2205.000           1.0111
    2206.000           1.0107
    2207.000           1.0111
    2208.000           1.0104
    2209.000           1.0146
    2210.000           1.0129
    2211.000           1.0133
    2212.000           1.0128
    2213.000           1.0149
    2214.000           1.0140
    2215.000           1.0142
    2216.000           1.0132
    2217.000           1.0141
    2218.000           1.0154
    2219.000           1.0171
    2220.000           1.0166
    2221.000           1.0134
    2222.000           1.0151
    2223.000           1.0159
    2224.000           1.0173
    2225.000           1.0143
    2226.000           1.0139
    2227.000           1.0152
    2228.000           1.0154
    2229.000           1.0155
    2230.000           1.0133
    2231.000           1.0124
    2232.000           1.0151
    2233.000           1.0144
    2234.000           1.0142
    2235.000           1.0136
    2236.000           1.0145
    2237.000           1.0137
    2238.000           1.0125
    2239.000           1.0135
    2240.000           1.0151
    2241.000           1.0151
    2242.000           1.0132
    2243.000           1.0145
    2244.000           1.0154
    2245.000           1.0140
    2246.000           1.0129
    2247.000           1.0146
    2248.000           1.0151
    2249.000           1.0153
    2250.000           1.0142
    2251.000           1.0139
    2252.000           1.0137
    2253.000           1.0137
    2254.000           1.0141
    2255.000           1.0151
    2256.000           1.0126
    2257.000           1.0132
    2258.000           1.0158
    2259.000           1.0162
    2260.000           1.0184
    2261.000           1.0176
    2262.000           1.0167
    2263.000           1.0154
    2264.000           1.0126
    2265.000           1.0128
    2266.000           1.0146
    2267.000           1.0145
    2268.000           1.0141
    2269.000           1.0155
    2270.000           1.0147
    2271.000           1.0122
    2272.000           1.0137
    2273.000           1.0124
    2274.000           1.0137
    2275.000           1.0112
    2276.000           1.0116
    2277.000           1.0142
    2278.000           1.0149
    2279.000           1.0142
    2280.000           1.0132
    2281.000           1.0134
    2282.000           1.0122
    2283.000           1.0106
    2284.000           1.0136
    2285.000           1.0121
    2286.000           1.0131
    2287.000           1.0134
    2288.000           1.0111
    2289.000           1.0114
    2290.000           1.0107
    2291.000           1.0115
    2292.000           1.0129
    2293.000           1.0137
    2294.000           1.0157
    2295.000           1.0152
    2296.000           1.0128
    2297.000           1.0139
    2298.000           1.0139
    2299.000           1.0155
    2300.000           1.0156
    2301.000           1.0156
    2302.000           1.0147
    2303.000           1.0149
    2304.000           1.0137
    2305.000           1.0118
    2306.000           1.0116
    2307.000           1.0114
    2308.000           1.0129
    2309.000           1.0128
    2310.000           1.0134
    2311.000           1.0126
    2312.000           1.0134
    2313.000           1.0124
    2314.000           1.0144
    2315.000           1.0150
    2316.000           1.0140
    2317.000           1.0142
    2318.000           1.0149
    2319.000           1.0146
    2320.000           1.0143
    2321.000           1.0148
    2322.000           1.0142
    2323.000           1.0141
    2324.000           1.0154
    2325.000           1.0154
    2326.000           1.0151
    2327.000           1.0134
    2328.000           1.0150
    2329.000           1.0162
    2330.000           1.0147
    2331.000           1.0154
    2332.000           1.0142
    2333.000           1.0158
    2334.000           1.0150
    2335.000           1.0155
    2336.000           1.0182
    2337.000           1.0179
    2338.000           1.0169
    2339.000           1.0156
    2340.000           1.0156
    2341.000           1.0157
    2342.000           1.0145
    2343.000           1.0142
    2344.000           1.0137
    2345.000           1.0141
    2346.000           1.0118
    2347.000           1.0150
    2348.000           1.0156
    2349.000           1.0141
    2350.000           1.0130
    2351.000           1.0130
    2352.000           1.0138
    2353.000           1.0159
    2354.000           1.0133
    2355.000           1.0135
    2356.000           1.0130
    2357.000           1.0155
    2358.000           1.0159
    2359.000           1.0158
    2360.000           1.0143
    2361.000           1.0139
    2362.000           1.0153
    2363.000           1.0160
    2364.000           1.0148
    2365.000           1.0131
    2366.000           1.0116
    2367.000           1.0126
    2368.000           1.0110
    2369.000           1.0113
    2370.000           1.0126
    2371.000           1.0146
    2372.000           1.0133
    2373.000           1.0129
    2374.000           1.0121
    2375.000           1.0115
    2376.000           1.0128
    2377.000           1.0138
    2378.000           1.0123
    2379.000           1.0142
    2380.000           1.0151
    2381.000           1.0155
    2382.000           1.0147
    2383.000           1.0152
    2384.000           1.0145
    2385.000           1.0166
    2386.000           1.0146
    2387.000           1.0137
    2388.000           1.0142
    2389.000           1.0139
    2390.000           1.0149
    2391.000           1.0152
    2392.000           1.0153
    2393.000           1.0156
    2394.000           1.0128
    2395.000           1.0143
    2396.000           1.0127
    2397.000           1.0118
    2398.000           1.0113
    2399.000           1.0113
    2400.000           1.0122
    2401.000           1.0128
    2402.000           1.0138
    2403.000           1.0138
    2404.000           1.0134
    2405.000           1.0139
    2406.000           1.0142
    2407.000           1.0114
    2408.000           1.0118
    2409.000           1.0137
    2410.000           1.0119
    2411.000           1.0140
    2412.000           1.0141
    2413.000           1.0119
    2414.000           1.0110
    2415.000           1.0126
    2416.000           1.0133
    2417.000           1.0143
    2418.000           1.0150
    2419.000           1.0146
    2420.000           1.0146
    2421.000           1.0144
    2422.000           1.0140
    2423.000           1.0158
    2424.000           1.0147
    2425.000           1.0115
    2426.000           1.0137
    2427.000           1.0156
    2428.000           1.0164
    2429.000           1.0172
    2430.000           1.0168
    2431.000           1.0147
    2432.000           1.0152
    2433.000           1.0171
    2434.000           1.0162
    2435.000           1.0173
    2436.000           1.0152
    2437.000           1.0140
    2438.000           1.0146
    2439.000           1.0160
    2440.000           1.0150
    2441.000           1.0151
    2442.000           1.0126
    2443.000           1.0126
    2444.000           1.0139
    2445.000           1.0145
    2446.000           1.0163
    2447.000           1.0127
    2448.000           1.0128
    2449.000           1.0118
    2450.000           1.0120
    2451.000           1.0141
    2452.000           1.0127
    2453.000           1.0121
    2454.000           1.0131
    2455.000           1.0134
    2456.000           1.0114
    2457.000           1.0112
    2458.000           1.0092
    2459.000           1.0099
    2460.000           1.0125
    2461.000           1.0126
    2462.000           1.0153
    2463.000           1.0139
    2464.000           1.0140
    2465.000           1.0129
    2466.000           1.0135
    2467.000           1.0127
    2468.000           1.0127
    2469.000           1.0130
    2470.000           1.0116
    2471.000           1.0144
    2472.000           1.0152
    2473.000           1.0141
    2474.000           1.0130
    2475.000           1.0107
    2476.000           1.0127
    2477.000           1.0130
    2478.000           1.0163
    2479.000           1.0144
    2480.000           1.0155
    2481.000           1.0162
    2482.000           1.0147
    2483.000           1.0150
    2484.000           1.0155
    2485.000           1.0159
    2486.000           1.0153
    2487.000           1.0142
    2488.000           1.0134
    2489.000           1.0145
    2490.000           1.0168
    2491.000           1.0170
    2492.000           1.0160
    2493.000           1.0148
    2494.000           1.0141
    2495.000           1.0116
    2496.000           1.0118
    2497.000           1.0116
    2498.000           1.0134
    2499.000           1.0124
    2500.000           1.0119
    2501.000           1.0129
    2502.000           1.0124
    2503.000           1.0119
    2504.000           1.0116
    2505.000           1.0105
    2506.000           1.0094
    2507.000           1.0117
    2508.000           1.0135
    2509.000           1.0153
    2510.000           1.0155
    2511.000           1.0168
    2512.000           1.0157
    2513.000           1.0149
    2514.000           1.0127
    2515.000           1.0130
    2516.000           1.0134
    2517.000           1.0128
    2518.000           1.0133
    2519.000           1.0141
    2520.000           1.0141
    2521.000           1.0133
    2522.000           1.0146
    2523.000           1.0159
    2524.000           1.0172
    2525.000           1.0164
    2526.000           1.0146
    2527.000           1.0132
    2528.000           1.0149
    2529.000           1.0150
    2530.000           1.0147
    2531.000           1.0138
    2532.000           1.0164
    2533.000           1.0139
    2534.000           1.0119
    2535.000           1.0118
    2536.000           1.0146
    2537.000           1.0152
    2538.000           1.0141
    2539.000           1.0123
    2540.000           1.0115
    2541.000           1.0122
    2542.000           1.0107
    2543.000           1.0116
    2544.000           1.0121
    2545.000           1.0101
    2546.000           1.0095
    2547.000           1.0120
    2548.000           1.0133
    2549.000           1.0144
    2550.000           1.0137
    2551.000           1.0150
    2552.000           1.0144
    2553.000           1.0132
    2554.000           1.0147
    2555.000           1.0154
    2556.000           1.0138
    2557.000           1.0129
    2558.000           1.0116
    2559.000           1.0119
    2560.000           1.0121
    2561.000           1.0107
    2562.000           1.0115
    2563.000           1.0108
    2564.000           1.0099
    2565.000           1.0124
    2566.000           1.0131
    2567.000           1.0144
    2568.000           1.0183
    2569.000           1.0173
    2570.000           1.0163
    2571.000           1.0161
    2572.000           1.0140
    2573.000           1.0155
    2574.000           1.0145
    2575.000           1.0132
    2576.000           1.0130
    2577.000           1.0151
    2578.000           1.0142
    2579.000           1.0119
    2580.000           1.0136
    2581.000           1.0153
    2582.000           1.0151
    2583.000           1.0156
    2584.000           1.0159
    2585.000           1.0158
    2586.000           1.0143
    2587.000           1.0137
    2588.000           1.0159
    2589.000           1.0146
    2590.000           1.0126
    2591.000           1.0121
    2592.000           1.0137
    2593.000           1.0154
    2594.000           1.0166
    2595.000           1.0147
    2596.000           1.0152
    2597.000           1.0169
    2598.000           1.0135
    2599.000           1.0149
    2600.000           1.0167
    2601.000           1.0159
    2602.000           1.0158
    2603.000           1.0171
    2604.000           1.0173
    2605.000           1.0152
    2606.000           1.0143
    2607.000           1.0165
    2608.000           1.0164
    2609.000           1.0141
    2610.000           1.0133
    2611.000           1.0136
    2612.000           1.0120
    2613.000           1.0118
    2614.000           1.0136
    2615.000           1.0123
    2616.000           1.0125
    2617.000           1.0142
    2618.000           1.0143
    2619.000           1.0159
    2620.000           1.0157
    2621.000           1.0153
    2622.000           1.0139
    2623.000           1.0122
    2624.000           1.0127
    2625.000           1.0133
    2626.000           1.0142
    2627.000           1.0161
    2628.000           1.0168
    2629.000           1.0152
    2630.000           1.0121
    2631.000           1.0129
    2632.000           1.0146
    2633.000           1.0132
    2634.000           1.0140
    2635.000           1.0141
    2636.000           1.0163
    2637.000           1.0139
    2638.000           1.0144
    2639.000           1.0146
    2640.000           1.0126
    2641.000           1.0107
    2642.000           1.0125
    2643.000           1.0141
    2644.000           1.0150
    2645.000           1.0155
    2646.000           1.0162
    2647.000           1.0149
    2648.000           1.0147
    2649.000           1.0138
    2650.000           1.0137
    2651.000           1.0126
    2652.000           1.0121
    2653.000           1.0125
    2654.000           1.0151
    2655.000           1.0156
    2656.000           1.0135
    2657.000           1.0151
    2658.000           1.0155
    2659.000           1.0163
    2660.000           1.0132
    2661.000           1.0137
    2662.000           1.0142
    2663.000           1.0125
    2664.000           1.0136
    2665.000           1.0138
    2666.000           1.0140
    2667.000           1.0152
    2668.000           1.0154
    2669.000           1.0164
    2670.000           1.0155
    2671.000           1.0161
    2672.000           1.0145
    2673.000           1.0116
    2674.000           1.0131
    2675.000           1.0135
    2676.000           1.0144
    2677.000           1.0138
    2678.000           1.0163
    2679.000           1.0164
    2680.000           1.0168
    2681.000           1.0143
    2682.000           1.0147
    2683.000           1.0161
    2684.000           1.0154
    2685.000           1.0152
    2686.000           1.0168
    2687.000           1.0157
    2688.000           1.0150
    2689.000           1.0143
    2690.000           1.0144
    2691.000           1.0135
    2692.000           1.0149
    2693.000           1.0146
    2694.000           1.0149
    2695.000           1.0156
    2696.000           1.0147
    2697.000           1.0138
    2698.000           1.0143
    2699.000           1.0158
    2700.000           1.0162
    2701.000           1.0170
    2702.000           1.0170
    2703.000           1.0144
    2704.000           1.0147
    2705.000           1.0152
    2706.000           1.0155
    2707.000           1.0153
    2708.000           1.0139
    2709.000           1.0142
    2710.000           1.0136
    2711.000           1.0144
    2712.000           1.0137
    2713.000           1.0134
    2714.000           1.0143
    2715.000           1.0122
    2716.000           1.0147
    2717.000           1.0138
    2718.000           1.0131
    2719.000           1.0161
    2720.000           1.0174
    2721.000           1.0173
    2722.000           1.0170
    2723.000           1.0170
    2724.000           1.0173
    2725.000           1.0173
    2726.000           1.0161
    2727.000           1.0146
    2728.000           1.0150
    2729.000           1.0156
    2730.000           1.0154
    2731.000           1.0177
    2732.000           1.0164
    2733.000           1.0153
    2734.000           1.0156
    2735.000           1.0167
    2736.000           1.0160
    2737.000           1.0144
    2738.000           1.0152
    2739.000           1.0149
    2740.000           1.0157
    2741.000           1.0152
    2742.000           1.0138
    2743.000           1.0147
    2744.000           1.0156
    2745.000           1.0152
    2746.000           1.0139
    2747.000           1.0139
    2748.000           1.0167
    2749.000           1.0161
    2750.000           1.0161
    2751.000           1.0152
    2752.000           1.0171
    2753.000           1.0152
    2754.000           1.0128
    2755.000           1.0146
    2756.000           1.0155
    2757.000           1.0153
    2758.000           1.0142
    2759.000           1.0140
    2760.000           1.0142
    2761.000           1.0139
    2762.000           1.0141
    2763.000           1.0137
    2764.000           1.0130
    2765.000           1.0160
    2766.000           1.0150
    2767.000           1.0161
    2768.000           1.0156
    2769.000           1.0145
    2770.000           1.0157
    2771.000           1.0160
    2772.000           1.0155
    2773.000           1.0139
    2774.000           1.0163
    2775.000           1.0161
    2776.000           1.0178
    2777.000           1.0176
    2778.000           1.0180
    2779.000           1.0151
    2780.000           1.0165
    2781.000           1.0164
    2782.000           1.0158
    2783.000           1.0161
    2784.000           1.0154
    2785.000           1.0137
    2786.000           1.0140
    2787.000           1.0131
    2788.000           1.0134
    2789.000           1.0150
    2790.000           1.0127
    2791.000           1.0130
    2792.000           1.0129
    2793.000           1.0149
    2794.000           1.0145
    2795.000           1.0150
    2796.000           1.0142
    2797.000           1.0119
    2798.000           1.0129
    2799.000           1.0140
    2800.000           1.0173
    2801.000           1.0163
    2802.000           1.0167
    2803.000           1.0178
    2804.000           1.0155
    2805.000           1.0169
    2806.000           1.0167
    2807.000           1.0170
    2808.000           1.0152
    2809.000           1.0135
    2810.000           1.0163
    2811.000           1.0148
    2812.000           1.0125
    2813.000           1.0138
    2814.000           1.0150
    2815.000           1.0155
    2816.000           1.0161
    2817.000           1.0164
    2818.000           1.0151
    2819.000           1.0143
    2820.000           1.0121
    2821.000           1.0111
    2822.000           1.0123
    2823.000           1.0126
    2824.000           1.0116
    2825.000           1.0161
    2826.000           1.0160
    2827.000           1.0161
    2828.000           1.0165
    2829.000           1.0152
    2830.000           1.0175
    2831.000           1.0176
    2832.000           1.0168
    2833.000           1.0160
    2834.000           1.0160
    2835.000           1.0146
    2836.000           1.0138
    2837.000           1.0123
    2838.000           1.0115
    2839.000           1.0133
    2840.000           1.0130
    2841.000           1.0151
    2842.000           1.0157
    2843.000           1.0151
    2844.000           1.0154
    2845.000           1.0123
    2846.000           1.0141
    2847.000           1.0145
    2848.000           1.0141
    2849.000           1.0132
    2850.000           1.0141
    2851.000           1.0142
    2852.000           1.0133
    2853.000           1.0126
    2854.000           1.0134
    2855.000           1.0155
    2856.000           1.0156
    2857.000           1.0157
    2858.000           1.0159
    2859.000           1.0155
    2860.000           1.0156
    2861.000           1.0141
    2862.000           1.0145
    2863.000           1.0161
    2864.000           1.0171
    2865.000           1.0165
    2866.000           1.0176
    2867.000           1.0155
    2868.000           1.0161
    2869.000           1.0148
    2870.000           1.0136
    2871.000           1.0158
    2872.000           1.0149
    2873.000           1.0137
    2874.000           1.0169
    2875.000           1.0162
    2876.000           1.0162
    2877.000           1.0157
    2878.000           1.0165
    2879.000           1.0139
    2880.000           1.0161
    2881.000           1.0163
    2882.000           1.0150
    2883.000           1.0132
    2884.000           1.0133
    2885.000           1.0159
    2886.000           1.0154
    2887.000           1.0145
    2888.000           1.0162
    2889.000           1.0172
    2890.000           1.0180
    2891.000           1.0149
    2892.000           1.0158
    2893.000           1.0163
    2894.000           1.0174
    2895.000           1.0182
    2896.000           1.0157
    2897.000           1.0139
    2898.000           1.0135
    2899.000           1.0126
    2900.000           1.0134
    2901.000           1.0120
    2902.000           1.0127
    2903.000           1.0124
    2904.000           1.0134
    2905.000           1.0140
    2906.000           1.0148
    2907.000           1.0157
    2908.000           1.0155
    2909.000           1.0142
    2910.000           1.0145
    2911.000           1.0133
    2912.000           1.0139
    2913.000           1.0115
    2914.000           1.0117
    2915.000           1.0118
    2916.000           1.0148
    2917.000           1.0118
    2918.000           1.0126
    2919.000           1.0122
    2920.000           1.0118
    2921.000           1.0122
    2922.000           1.0130
    2923.000           1.0129
    2924.000           1.0134
    2925.000           1.0152
    2926.000           1.0147
    2927.000           1.0136
    2928.000           1.0134
    2929.000           1.0156
    2930.000           1.0151
    2931.000           1.0174
    2932.000           1.0167
    2933.000           1.0176
    2934.000           1.0148
    2935.000           1.0170
    2936.000           1.0178
    2937.000           1.0153
    2938.000           1.0143
    2939.000           1.0140
    2940.000           1.0135
    2941.000           1.0157
    2942.000           1.0148
    2943.000           1.0142
    2944.000           1.0127
    2945.000           1.0147
    2946.000           1.0133
    2947.000           1.0132
    2948.000           1.0132
    2949.000           1.0133
    2950.000           1.0148
    2951.000           1.0150
    2952.000           1.0155
    2953.000           1.0147
    2954.000           1.0135
    2955.000           1.0124
    2956.000           1.0132
    2957.000           1.0142
    2958.000           1.0137
    2959.000           1.0148
    2960.000           1.0154
    2961.000           1.0155
    2962.000           1.0137
    2963.000           1.0131
    2964.000           1.0148
    2965.000           1.0115
    2966.000           1.0134
    2967.000           1.0120
    2968.000           1.0141
    2969.000           1.0160
    2970.000           1.0163
    2971.000           1.0156
    2972.000           1.0156
    2973.000           1.0144
    2974.000           1.0128
    2975.000           1.0152
    2976.000           1.0162
    2977.000           1.0149
    2978.000           1.0159
    2979.000           1.0128
    2980.000           1.0119
    2981.000           1.0136
    2982.000           1.0125
    2983.000           1.0153
    2984.000           1.0151
    2985.000           1.0154
    2986.000           1.0152
    2987.000           1.0159
    2988.000           1.0167
    2989.000           1.0151
    2990.000           1.0160
    2991.000           1.0156
    2992.000           1.0146
    2993.000           1.0148
    2994.000           1.0155
    2995.000           1.0138
    2996.000           1.0156
    2997.000           1.0167
    2998.000           1.0162
    2999.000           1.0165
    3000.000           1.0145
    3001.000           1.0156
    3002.000           1.0131
    3003.000           1.0144
    3004.000           1.0150
    3005.000           1.0142
    3006.000           1.0130
    3007.000           1.0129
    3008.000           1.0124
    3009.000           1.0154
    3010.000           1.0163
    3011.000           1.0125
    3012.000           1.0109
    3013.000           1.0129
    3014.000           1.0144
    3015.000           1.0144
    3016.000           1.0153
    3017.000           1.0145
    3018.000           1.0128
    3019.000           1.0142
    3020.000           1.0149
    3021.000           1.0162
    3022.000           1.0139
    3023.000           1.0157
    3024.000           1.0142
    3025.000           1.0134
    3026.000           1.0124
    3027.000           1.0130
    3028.000           1.0133
    3029.000           1.0121
    3030.000           1.0144
    3031.000           1.0143
    3032.000           1.0144
    3033.000           1.0154
    3034.000           1.0148
    3035.000           1.0155
    3036.000           1.0132
    3037.000           1.0138
    3038.000           1.0140
    3039.000           1.0137
    3040.000           1.0146
