     141.000       18330.8008
     142.000       18447.6621
     143.000       18258.7305
     144.000       18260.4785
     145.000       18172.4805
     146.000       18460.4570
     147.000       18263.0566
     148.000       18285.1191
     149.000       18130.4531
     150.000       18268.1797
     151.000       18205.4355
     152.000       18246.7148
     153.000       18173.8594
     154.000       17994.6426
     155.000       18337.1426
     156.000       18405.6895
     157.000       18075.5957
     158.000       18060.9648
     159.000       18404.6797
     160.000       18396.9531
     161.000       17975.7734
     162.000       18057.4863
     163.000       18247.3594
     164.000       18356.6250
     165.000       18153.2188
     166.000       18223.0469
     167.000       18229.9160
     168.000       18138.3555
     169.000       18330.2285
     170.000       18254.2578
     171.000       18192.0137
     172.000       18397.0195
     173.000       18364.8887
     174.000       18266.9570
     175.000       18380.8125
     176.000       18356.9980
     177.000       18037.0996
     178.000       18411.5234
     179.000       18152.4961
     180.000       18412.9688
     181.000       18350.5684
     182.000       18164.7871
     183.000       18226.6738
     184.000       18389.1465
     185.000       18330.2812
     186.000       18306.8320
     187.000       18115.9531
     188.000       18235.0801
     189.000       18215.4258
     190.000       18072.6348
     191.000       18230.3125
     192.000       18292.2441
     193.000       18349.2539
     194.000       18172.1133
     195.000       18295.2910
     196.000       18251.8906
     197.000       18146.6504
     198.000       18346.1328
     199.000       18363.2930
     200.000       18291.2988
     201.000       18109.4277
     202.000       18072.5488
     203.000       18223.7109
     204.000       18199.8008
     205.000       18195.9414
     206.000       18091.3359
     207.000       18348.5195
     208.000       18304.7656
     209.000       18254.6797
     210.000       18282.0977
     211.000       18197.4121
     212.000       18073.3242
     213.000       18307.8086
     214.000       18403.2539
     215.000       18296.5254
     216.000       18112.1191
     217.000       18150.3223
     218.000       18195.2969
     219.000       18147.3516
     220.000       18138.8887
     221.000       18270.2969
     222.000       18209.0859
     223.000       18325.3594
     224.000       18093.8711
     225.000       18394.0566
     226.000       18324.3379
     227.000       18229.2480
     228.000       18192.6562
     229.000       18236.6113
     230.000       18227.1660
     231.000       18176.7090
     232.000       18288.5625
     233.000       18342.1504
     234.000       18196.2520
     235.000       18361.8945
     236.000       18290.5137
     237.000       18275.3086
     238.000       18259.6426
     239.000       18029.4121
     240.000       18204.5156
     241.000       18058.4805
     242.000       18230.6113
     243.000       18272.5078
     244.000       18451.7441
     245.000       18234.4648
     246.000       18118.4414
     247.000       18282.3242
     248.000       18118.9609
     249.000       18348.7422
     250.000       18172.8438
     251.000       18342.8262
     252.000       18225.1445
     253.000       18210.7266
     254.000       18255.8145
     255.000       18118.8926
     256.000       18248.7207
     257.000       18177.6602
     258.000       18503.3633
     259.000       18135.9219
     260.000       18300.0430
     261.000       18199.7891
     262.000       18264.3809
     263.000       18397.3359
     264.000       18180.4102
     265.000       18271.1543
     266.000       18386.7383
     267.000       18191.9961
     268.000       18320.9707
     269.000       18236.4746
     270.000       18154.1992
     271.000       18246.8066
     272.000       18156.6465
     273.000       18101.0801
     274.000       18288.2090
     275.000       18325.1621
     276.000       18292.7656
     277.000       18234.3203
     278.000       18281.6484
     279.000       18209.3535
     280.000       18216.7363
     281.000       18212.2930
     282.000       18338.0469
     283.000       18376.3867
     284.000       18164.7734
     285.000       18273.8105
     286.000       18226.2891
     287.000       18472.4258
     288.000       18281.2930
     289.000       18044.0762
     290.000       18278.7227
     291.000       18185.9746
     292.000       18283.9180
     293.000       18287.4648
     294.000       18150.9746
     295.000       18356.1367
     296.000       18284.6680
     297.000       18241.9707
     298.000       18113.2910
     299.000       18143.2754
     300.000       18379.4043
     301.000       18273.5566
     302.000       18150.4727
     303.000       18346.8477
     304.000       18374.3574
     305.000       18391.1680
     306.000       18075.1191
     307.000       18417.6191
     308.000       18149.8809
     309.000       18313.4805
     310.000       18258.2832
     311.000       18061.4551
     312.000       18298.7910
     313.000       18244.4004
     314.000       18335.0156
     315.000       18252.2773
     316.000       18154.5098
     317.000       18273.4316
     318.000       18234.4590
     319.000       18136.5820
     320.000       18092.0078
     321.000       18200.5723
     322.000       18140.0176
     323.000       18146.1562
     324.000       18194.2070
     325.000       18272.4766
     326.000       18323.2930
     327.000       18353.9180
     328.000       18230.3574
     329.000       18205.0645
     330.000       18200.1035
     331.000       18178.4043
     332.000       18255.4863
     333.000       18308.6699
     334.000       18221.0352
     335.000       18086.1582
     336.000       18090.4844
     337.000       18531.2461
     338.000       18179.5508
     339.000       18111.5195
     340.000       18390.3574
     341.000       18226.4766
     342.000       18253.6484
     343.000       18137.6973
     344.000       18236.7402
     345.000       18265.9395
     346.000       18255.8066
     347.000       18313.2090
     348.000       18340.8516
     349.000       18334.9160
     350.000       18124.6758
     351.000       18090.3340
     352.000       18119.7910
     353.000       18178.5410
     354.000       18269.2207
     355.000       18239.7617
     356.000       18121.1973
     357.000       18209.3789
     358.000       18225.5820
     359.000       18282.6582
     360.000       18176.6484
     361.000       18249.9199
     362.000       18247.1953
     363.000       18214.7246
     364.000       18427.4609
     365.000       18145.1875
     366.000       18152.4395
     367.000       18238.2930
     368.000       18214.0039
     369.000       18248.1836
     370.000       18400.8457
     371.000       18400.5742
     372.000       18257.8711
     373.000       18474.2734
     374.000       18055.1523
     375.000       18282.0176
     376.000       18279.8125
     377.000       18158.0801
     378.000       18134.6133
     379.000       18085.8848
     380.000       18153.7715
     381.000       18204.7207
     382.000       18130.4102
     383.000       18251.7500
     384.000       18367.2695
     385.000       18085.3867
     386.000       18222.8242
     387.000       18128.2656
     388.000       18300.6641
     389.000       18289.5234
     390.000       18256.6973
     391.000       18092.9492
     392.000       18142.3223
     393.000       18070.5039
     394.000       18249.8418
     395.000       18164.8984
     396.000       18282.6973
     397.000       18260.4648
     398.000       18419.4727
     399.000       18206.0117
     400.000       18278.3047
     401.000       18291.4062
     402.000       18272.4512
     403.000       18047.6133
     404.000       18108.9863
     405.000       18157.6445
     406.000       18237.9062
     407.000       18181.5879
     408.000       18218.6719
     409.000       18451.0723
     410.000       18315.5879
     411.000       18105.0312
     412.000       18236.7676
     413.000       18322.2812
     414.000       18324.8613
     415.000       18236.3516
     416.000       18320.9590
     417.000       18417.7266
     418.000       18274.6758
     419.000       18302.9980
     420.000       18245.8516
     421.000       18337.5723
     422.000       18383.4551
     423.000       18092.9707
     424.000       18408.9648
     425.000       18162.2695
     426.000       18458.9043
     427.000       18304.5508
     428.000       18083.7109
     429.000       18258.0195
     430.000       18279.6875
     431.000       18151.3398
     432.000       18105.5332
     433.000       18144.8086
     434.000       18180.8770
     435.000       18203.6016
     436.000       18295.3730
     437.000       18203.4414
     438.000       18277.2871
     439.000       18333.0430
     440.000       17994.9199
     441.000       18239.4902
     442.000       18162.1367
     443.000       18234.8379
     444.000       18143.2129
     445.000       18034.9180
     446.000       18154.6855
     447.000       18348.1191
     448.000       18229.7734
     449.000       18263.0020
     450.000       18219.1953
     451.000       18332.8320
     452.000       18096.6309
     453.000       18277.3613
     454.000       18165.6406
     455.000       18202.6426
     456.000       18035.0781
     457.000       18169.9648
     458.000       18307.5469
     459.000       18421.4688
     460.000       18284.5703
     461.000       18119.8594
     462.000       18238.8633
     463.000       18198.8359
     464.000       18192.4551
     465.000       18204.5938
     466.000       18190.3066
     467.000       18221.0918
     468.000       18377.7129
     469.000       18083.3438
     470.000       18185.7305
     471.000       18153.5332
     472.000       18168.2148
     473.000       18099.5938
     474.000       18303.5605
     475.000       18142.5254
     476.000       18279.5391
     477.000       18333.4160
     478.000       18248.9453
     479.000       18265.8145
     480.000       18071.3105
     481.000       18224.6543
     482.000       18227.1953
     483.000       18384.5195
     484.000       18263.8672
     485.000       18161.0078
     486.000       18190.7715
     487.000       18348.5195
     488.000       18165.2598
     489.000       18086.7930
     490.000       18212.7637
     491.000       18215.5312
     492.000       18428.3926
     493.000       18248.0078
     494.000       18174.8965
     495.000       18318.3750
     496.000       18065.6973
     497.000       18416.7148
     498.000       18272.6426
     499.000       18112.9102
     500.000       18252.7285
     501.000       18329.5605
     502.000       18270.2559
     503.000       18254.9746
     504.000       18273.5742
     505.000       18313.3555
     506.000       18102.7930
     507.000       18264.0039
     508.000       18192.9941
     509.000       18211.9473
     510.000       17985.7949
     511.000       18239.1680
     512.000       18151.1016
     513.000       17953.7676
     514.000       18266.4609
     515.000       18452.0762
     516.000       18183.2090
     517.000       18133.0293
     518.000       18284.8438
     519.000       18206.8887
     520.000       18209.7852
     521.000       18035.1230
     522.000       18303.7031
     523.000       18085.2285
     524.000       18210.1172
     525.000       18235.6211
     526.000       18255.0176
     527.000       18300.3867
     528.000       18223.3203
     529.000       18223.5195
     530.000       18299.9922
     531.000       18338.6758
     532.000       18237.7188
     533.000       18201.5508
     534.000       18329.9102
     535.000       18267.3750
     536.000       18304.3945
     537.000       18179.2324
     538.000       18476.4648
     539.000       18165.6250
     540.000       18398.0117
     541.000       18112.6992
     542.000       18239.7188
     543.000       18424.7363
     544.000       18168.8789
     545.000       18283.2227
     546.000       18180.6328
     547.000       18198.1172
     548.000       18158.2480
     549.000       18299.2500
     550.000       18110.4570
     551.000       18186.4043
     552.000       18047.8965
     553.000       18093.2129
     554.000       18161.7930
     555.000       18188.6191
     556.000       18008.5938
     557.000       18322.4980
     558.000       18167.0508
     559.000       18377.9199
     560.000       18050.0430
     561.000       18197.3418
     562.000       18429.1094
     563.000       18209.3535
     564.000       18340.1133
     565.000       18183.9102
     566.000       18080.0645
     567.000       18295.5195
     568.000       18050.8594
     569.000       18483.5508
     570.000       18225.6621
     571.000       18147.7676
     572.000       18391.8438
     573.000       18281.4980
     574.000       18358.0117
     575.000       18196.1328
     576.000       18231.2051
     577.000       18306.5625
     578.000       18315.9238
     579.000       18264.5703
     580.000       18176.4258
     581.000       18297.0391
     582.000       18123.9219
     583.000       18421.0645
     584.000       18307.9082
     585.000       18433.0801
     586.000       18483.2422
     587.000       18168.5098
     588.000       18167.5898
     589.000       18146.3984
     590.000       18320.1016
     591.000       18220.5254
     592.000       18329.3164
     593.000       18180.1875
     594.000       18396.3848
     595.000       18124.1035
     596.000       18304.3008
     597.000       18211.3008
     598.000       18216.2812
     599.000       18117.7227
     600.000       18315.3086
     601.000       18237.3906
     602.000       18443.5605
     603.000       18282.7383
     604.000       18334.7305
     605.000       18252.8574
     606.000       18120.6426
     607.000       18385.8203
     608.000       18161.4609
     609.000       18207.0879
     610.000       18181.4277
     611.000       18296.0938
     612.000       18279.2832
     613.000       18126.2520
     614.000       18149.2168
     615.000       18341.8262
     616.000       18147.5273
     617.000       18350.5977
     618.000       18374.2676
     619.000       18295.0879
     620.000       18187.5684
     621.000       18180.3516
     622.000       18134.6113
     623.000       18231.5918
     624.000       18017.6426
     625.000       18185.2617
     626.000       18358.2910
     627.000       18540.2559
     628.000       18130.0859
     629.000       18168.8047
     630.000       18002.9277
     631.000       18160.2891
     632.000       18186.5859
     633.000       18208.6035
     634.000       18192.6973
     635.000       18231.9883
     636.000       18268.9102
     637.000       18210.1094
     638.000       18260.6113
     639.000       18157.4785
     640.000       18213.0977
     641.000       18369.2168
     642.000       18458.3945
     643.000       18358.1680
     644.000       18183.4902
     645.000       18229.0273
     646.000       18327.9336
     647.000       18279.8379
     648.000       18193.0938
     649.000       18203.2090
     650.000       18258.0684
     651.000       18267.5332
     652.000       18264.7734
     653.000       18288.3379
     654.000       18237.8047
     655.000       18234.4902
     656.000       18330.8750
     657.000       18226.3906
     658.000       18056.6562
     659.000       17959.0352
     660.000       18284.7129
     661.000       18252.7734
     662.000       18126.1660
     663.000       17931.1797
     664.000       18083.9980
     665.000       18356.8008
     666.000       18311.5020
     667.000       18179.0664
     668.000       18452.1152
     669.000       18378.9258
     670.000       18304.5234
     671.000       18056.2129
     672.000       18445.4395
     673.000       18299.8086
     674.000       18251.6074
     675.000       18273.3477
     676.000       18143.1543
     677.000       18214.6094
     678.000       18131.0156
     679.000       18251.2090
     680.000       18366.1621
     681.000       18101.0723
     682.000       18371.4453
     683.000       18143.0098
     684.000       18160.5684
     685.000       18298.1523
     686.000       18415.2637
     687.000       18355.0977
     688.000       18191.6523
     689.000       18297.4336
     690.000       18249.2207
     691.000       18105.9590
     692.000       18446.5312
     693.000       18238.5371
     694.000       18382.9004
     695.000       17964.4961
     696.000       18195.9648
     697.000       18369.6797
     698.000       18318.0273
     699.000       18118.1680
     700.000       18204.2949
     701.000       18138.5586
     702.000       18152.3730
     703.000       18308.3730
     704.000       18316.3027
     705.000       18168.8438
     706.000       18160.0625
     707.000       18151.6602
     708.000       18052.6406
     709.000       18304.4453
     710.000       18378.9570
     711.000       18385.1660
     712.000       18028.2363
     713.000       18217.0449
     714.000       18241.1172
     715.000       18250.7402
     716.000       18182.5684
     717.000       18211.2344
     718.000       18563.2891
     719.000       18180.4902
     720.000       18052.3789
     721.000       18216.3320
     722.000       18069.6328
     723.000       18107.6836
     724.000       18227.2793
     725.000       18257.4258
     726.000       18273.6914
     727.000       18293.9492
     728.000       18255.2441
     729.000       18278.3281
     730.000       18473.1484
     731.000       18319.8965
     732.000       18183.2754
     733.000       18118.4805
     734.000       18351.4844
     735.000       18215.4219
     736.000       18352.2188
     737.000       18272.9844
     738.000       18257.7500
     739.000       18353.5938
     740.000       18242.4863
     741.000       18160.5469
     742.000       18248.5000
     743.000       18198.1660
     744.000       18253.4180
     745.000       18222.1992
     746.000       18146.0586
     747.000       18207.5078
     748.000       18224.6777
     749.000       18276.2910
     750.000       18081.4258
     751.000       18154.3926
     752.000       18280.0137
     753.000       18124.9980
     754.000       18163.6621
     755.000       18289.3574
     756.000       18086.6855
     757.000       18284.6074
     758.000       18133.1230
     759.000       18390.5176
     760.000       18194.5859
     761.000       18048.1660
     762.000       18289.1777
     763.000       18211.6113
     764.000       18200.1836
     765.000       18305.8906
     766.000       18178.6211
     767.000       18223.3438
     768.000       18089.2559
     769.000       18138.1152
     770.000       18214.3633
     771.000       18202.0527
     772.000       18305.4102
     773.000       18163.3809
     774.000       18352.9707
     775.000       18165.9629
     776.000       18351.0684
     777.000       18281.1680
     778.000       18185.2012
     779.000       18157.1895
     780.000       18346.0254
     781.000       18366.3242
     782.000       18376.2734
     783.000       18406.3008
     784.000       18232.5879
     785.000       18289.9277
     786.000       18332.2520
     787.000       18287.2324
     788.000       18197.7520
     789.000       18371.3789
     790.000       18146.2500
     791.000       18222.8516
     792.000       18165.3496
     793.000       18219.8711
     794.000       18304.9258
     795.000       18249.6426
     796.000       18260.1152
     797.000       18391.9062
     798.000       18323.1250
     799.000       18372.2148
     800.000       18259.8867
     801.000       18342.1875
     802.000       18171.4941
     803.000       18295.2930
     804.000       18349.9414
     805.000       18179.0117
     806.000       18261.4062
     807.000       18116.6113
     808.000       18277.0508
     809.000       18373.2930
     810.000       18414.6992
     811.000       18414.4824
     812.000       18434.0410
     813.000       18221.3828
     814.000       18208.3418
     815.000       18236.1172
     816.000       18362.0742
     817.000       18120.4238
     818.000       18137.7539
     819.000       18268.4375
     820.000       18252.6562
     821.000       18290.8809
     822.000       18155.4082
     823.000       18325.5996
     824.000       18287.7031
     825.000       18379.4863
     826.000       18092.3301
     827.000       18236.7480
     828.000       18166.9316
     829.000       18227.1387
     830.000       18220.8105
     831.000       17961.3945
     832.000       18348.3320
     833.000       18226.1094
     834.000       18303.1934
     835.000       18382.6602
     836.000       18095.0820
     837.000       18254.6758
     838.000       18456.5605
     839.000       18278.8145
     840.000       18321.8828
     841.000       18210.9238
     842.000       18349.3770
     843.000       18249.1113
     844.000       18135.0625
     845.000       18171.5215
     846.000       18203.3711
     847.000       18445.7891
     848.000       18307.6484
     849.000       18178.0176
     850.000       18266.9629
     851.000       18305.9609
     852.000       18115.8340
     853.000       18345.8242
     854.000       18188.7695
     855.000       18328.5410
     856.000       18167.1406
     857.000       18263.1074
     858.000       18365.3281
     859.000       18340.6758
     860.000       18299.6445
     861.000       18123.6387
     862.000       18203.6621
     863.000       18252.1250
     864.000       18261.7812
     865.000       18373.3496
     866.000       18156.4844
     867.000       18170.7246
     868.000       18289.8086
     869.000       18251.5059
     870.000       18168.5898
     871.000       18094.9258
     872.000       18039.8418
     873.000       18315.9121
     874.000       18288.6895
     875.000       18104.3379
     876.000       18293.5586
     877.000       18294.4375
     878.000       18069.1602
     879.000       18338.9922
     880.000       18196.9277
     881.000       18449.4316
     882.000       18288.5762
     883.000       18275.4863
     884.000       18116.2188
     885.000       18187.0645
     886.000       18138.8438
     887.000       18394.0527
     888.000       18203.0195
     889.000       18198.3789
     890.000       18408.5137
     891.000       18437.8086
     892.000       18335.2637
     893.000       18184.1973
     894.000       18256.5781
     895.000       18251.9570
     896.000       18319.5156
     897.000       18164.2461
     898.000       18217.8750
     899.000       18168.7539
     900.000       18205.0664
     901.000       18307.6309
     902.000       18151.0039
     903.000       18339.6816
     904.000       18514.8379
     905.000       18177.2734
     906.000       18250.9941
     907.000       18155.7441
     908.000       18196.8301
     909.000       18171.1133
     910.000       18364.5215
     911.000       18202.3184
     912.000       18352.7832
     913.000       18143.9531
     914.000       18265.3398
     915.000       18113.0430
     916.000       18303.5488
     917.000       18352.6250
     918.000       18215.5195
     919.000       18260.5312
     920.000       18257.6191
     921.000       18349.9316
     922.000       18243.3262
     923.000       18047.1270
     924.000       18153.1953
     925.000       18169.8145
     926.000       18251.1152
     927.000       18390.2910
     928.000       18142.0410
     929.000       18147.8770
     930.000       18286.2695
     931.000       18304.2578
     932.000       18076.5684
     933.000       18183.4375
     934.000       18189.4395
     935.000       18267.5723
     936.000       18218.2773
     937.000       18194.1309
     938.000       18182.6934
     939.000       18218.8184
     940.000       18323.5098
     941.000       18164.1094
     942.000       18145.4922
     943.000       18339.6289
     944.000       18184.0684
     945.000       18315.6211
     946.000       18231.4336
     947.000       18142.4805
     948.000       18183.6934
     949.000       18337.6348
     950.000       18158.3340
     951.000       18217.7285
     952.000       18288.3086
     953.000       18159.5137
     954.000       18282.0234
     955.000       18503.3066
     956.000       18174.1914
     957.000       18160.7891
     958.000       18053.7383
     959.000       18124.9824
     960.000       18299.8750
     961.000       18317.6133
     962.000       18297.0020
     963.000       18228.7773
     964.000       18382.4297
     965.000       18261.4395
     966.000       18253.1172
     967.000       18326.9824
     968.000       18213.6621
     969.000       18171.9453
     970.000       18257.4941
     971.000       18224.0000
     972.000       18379.6816
     973.000       18319.2402
     974.000       18176.2656
     975.000       18120.7695
     976.000       18144.5996
     977.000       18209.0059
     978.000       18406.9492
     979.000       18324.0039
     980.000       18449.5391
     981.000       18178.3730
     982.000       18274.7441
     983.000       18227.5898
     984.000       18217.7246
     985.000       18101.1680
     986.000       18108.4258
     987.000       18230.9160
     988.000       18320.6387
     989.000       18031.0156
     990.000       18265.1719
     991.000       18080.4023
     992.000       18149.0488
     993.000       18089.2441
     994.000       18199.9160
     995.000       18186.6191
     996.000       18314.3750
     997.000       18049.4863
     998.000       18375.5781
     999.000       18270.2070
    1000.000       18500.7441
    1001.000       18089.0195
    1002.000       18362.1094
    1003.000       18239.1113
    1004.000       18169.4883
    1005.000       18170.1836
    1006.000       18350.2031
    1007.000       18300.4395
    1008.000       18043.8359
    1009.000       18243.5488
    1010.000       18231.0508
    1011.000       18101.4844
    1012.000       18135.0117
    1013.000       18320.2637
    1014.000       18417.4453
    1015.000       18227.3770
    1016.000       18314.7383
    1017.000       18180.1562
    1018.000       18266.2012
    1019.000       18237.6328
    1020.000       18267.0508
    1021.000       18267.6680
    1022.000       18164.1387
    1023.000       18186.5859
    1024.000       18279.6133
    1025.000       18340.2344
    1026.000       18316.6133
    1027.000       18271.4375
    1028.000       18111.4902
    1029.000       18376.3789
    1030.000       18153.8945
    1031.000       18378.0566
    1032.000       18301.8574
    1033.000       18165.1895
    1034.000       18338.6914
    1035.000       17986.6660
    1036.000       18217.1797
    1037.000       18140.7383
    1038.000       18275.7148
    1039.000       18274.0352
    1040.000       18079.9375
    1041.000       18145.7324
    1042.000       18214.1992
    1043.000       18219.5762
    1044.000       18266.6523
    1045.000       18231.1621
    1046.000       18294.5508
    1047.000       18062.1328
    1048.000       18170.0156
    1049.000       18159.9082
    1050.000       18188.6289
    1051.000       18316.9863
    1052.000       18291.1758
    1053.000       18232.2402
    1054.000       18248.2520
    1055.000       18234.5859
    1056.000       18341.1680
    1057.000       18164.9004
    1058.000       18233.4375
    1059.000       18207.5723
    1060.000       18204.4414
    1061.000       18253.4062
    1062.000       18363.9961
    1063.000       18364.8828
    1064.000       18386.0039
    1065.000       18242.8984
    1066.000       18205.4707
    1067.000       18072.1035
    1068.000       18361.2715
    1069.000       18152.0176
    1070.000       18081.9336
    1071.000       18338.7305
    1072.000       18300.5664
    1073.000       18153.6406
    1074.000       18278.6836
    1075.000       18401.7051
    1076.000       18400.7051
    1077.000       18151.5547
    1078.000       18128.1699
    1079.000       18318.4551
    1080.000       18154.7715
    1081.000       18038.5117
    1082.000       18312.9688
    1083.000       18204.4121
    1084.000       18053.8809
    1085.000       18039.0156
    1086.000       18274.9961
    1087.000       18192.1250
    1088.000       18190.0430
    1089.000       18211.4277
    1090.000       18314.0762
    1091.000       18189.5977
    1092.000       18452.9902
    1093.000       18258.5527
    1094.000       18031.7637
    1095.000       18258.9395
    1096.000       18213.8789
    1097.000       18269.8555
    1098.000       18145.2383
    1099.000       18373.0312
    1100.000       18074.5723
    1101.000       18295.6211
    1102.000       18402.5332
    1103.000       18142.9766
    1104.000       18241.2344
    1105.000       18373.8418
    1106.000       18406.4355
    1107.000       18077.0469
    1108.000       18215.1211
    1109.000       18341.7773
    1110.000       18284.1465
    1111.000       18239.7363
    1112.000       18116.5801
    1113.000       18292.4199
    1114.000       18242.4688
    1115.000       18229.2852
    1116.000       18144.3809
    1117.000       18004.5508
    1118.000       18196.6738
    1119.000       18228.8418
    1120.000       18319.8848
    1121.000       18260.7617
    1122.000       18196.6660
    1123.000       18071.2598
    1124.000       18187.4551
    1125.000       18122.5352
    1126.000       18185.8086
    1127.000       18086.5859
    1128.000       18202.3066
    1129.000       18159.6680
    1130.000       18139.1523
    1131.000       18216.3828
    1132.000       18188.2188
    1133.000       18252.9512
    1134.000       18355.8711
    1135.000       18338.4883
    1136.000       18117.5742
    1137.000       18205.1152
    1138.000       18367.7441
    1139.000       18316.5977
    1140.000       18340.8926
    1141.000       18219.4414
    1142.000       18387.2832
    1143.000       18228.7012
    1144.000       18347.3789
    1145.000       18337.1348
    1146.000       18218.0684
    1147.000       18186.2930
    1148.000       18201.7285
    1149.000       18055.2812
    1150.000       18292.9492
    1151.000       18143.5098
    1152.000       18118.9707
    1153.000       18147.0762
    1154.000       18224.9688
    1155.000       18088.6270
    1156.000       18093.3633
    1157.000       18197.4277
    1158.000       18170.5156
    1159.000       18339.2168
    1160.000       18257.5371
    1161.000       18145.0137
    1162.000       18121.4922
    1163.000       18243.5977
    1164.000       18074.7109
    1165.000       18292.3691
    1166.000       18199.6641
    1167.000       18450.9727
    1168.000       18318.9004
    1169.000       18386.8086
    1170.000       18024.6719
    1171.000       18251.1543
    1172.000       18406.4863
    1173.000       18319.4727
    1174.000       18251.8281
    1175.000       18200.7500
    1176.000       18001.5273
    1177.000       18282.8086
    1178.000       18352.0703
    1179.000       18202.9277
    1180.000       18244.7422
    1181.000       18426.4785
    1182.000       18087.0645
    1183.000       18295.6641
    1184.000       18270.8320
    1185.000       18214.8320
    1186.000       18280.0762
    1187.000       18017.3711
    1188.000       18307.6094
    1189.000       18256.5469
    1190.000       18026.2305
    1191.000       18295.2090
    1192.000       18420.9766
    1193.000       17949.5645
    1194.000       18103.1309
    1195.000       18151.1016
    1196.000       18266.2617
    1197.000       18064.0586
    1198.000       18250.5859
    1199.000       18373.3867
    1200.000       18371.6055
    1201.000       18265.3945
    1202.000       18140.1855
    1203.000       18392.3828
    1204.000       18169.6953
    1205.000       18210.3535
    1206.000       18346.8516
    1207.000       18336.1758
    1208.000       18161.6523
    1209.000       18163.1094
    1210.000       18198.9688
    1211.000       18080.7559
    1212.000       18242.3105
    1213.000       18437.8691
    1214.000       18305.0410
    1215.000       18185.2832
    1216.000       18166.1680
    1217.000       18393.5664
    1218.000       18227.0195
    1219.000       18305.1211
    1220.000       18178.5723
    1221.000       18171.9902
    1222.000       18135.7402
    1223.000       18245.5254
    1224.000       18196.0859
    1225.000       18227.1445
    1226.000       18305.9590
    1227.000       18317.1953
    1228.000       18093.9102
    1229.000       18396.1797
    1230.000       18207.6113
    1231.000       18361.7773
    1232.000       18249.7402
    1233.000       18221.3438
    1234.000       18210.3262
    1235.000       18122.9062
    1236.000       18392.4980
    1237.000       18081.6660
    1238.000       18038.0020
    1239.000       18306.9258
    1240.000       18131.6270
    1241.000       18415.4062
    1242.000       18315.2578
    1243.000       18111.0391
    1244.000       18186.2402
    1245.000       18374.4863
    1246.000       18379.1387
    1247.000       18434.8594
    1248.000       18175.1367
    1249.000       18213.8574
    1250.000       18340.5703
    1251.000       18168.9785
    1252.000       18064.2480
    1253.000       18336.7949
    1254.000       18333.7148
    1255.000       18188.5859
    1256.000       18251.0078
    1257.000       17937.6621
    1258.000       18161.8867
    1259.000       18307.5605
    1260.000       18318.7637
    1261.000       18213.0391
    1262.000       18301.2070
    1263.000       18244.9375
    1264.000       18340.0000
    1265.000       18310.7812
    1266.000       18166.9238
    1267.000       18409.4297
    1268.000       18195.8945
    1269.000       18219.9297
    1270.000       18127.2637
    1271.000       18080.9043
    1272.000       18222.4492
    1273.000       18215.5723
    1274.000       18045.9727
    1275.000       18211.6406
    1276.000       18327.8691
    1277.000       18219.0039
    1278.000       18094.3516
    1279.000       18241.7461
    1280.000       18147.3086
    1281.000       18111.1348
    1282.000       18381.5117
    1283.000       18178.9902
    1284.000       18281.2598
    1285.000       18188.5293
    1286.000       18167.5176
    1287.000       18185.6895
    1288.000       18149.4160
    1289.000       18265.9414
    1290.000       18299.8496
    1291.000       18175.5078
    1292.000       18072.5879
    1293.000       18208.3926
    1294.000       18205.8359
    1295.000       18304.2129
    1296.000       18117.8008
    1297.000       18239.3926
    1298.000       18115.5723
    1299.000       18122.2051
    1300.000       18275.7441
    1301.000       18162.7168
    1302.000       18624.6191
    1303.000       18460.6934
    1304.000       18311.0098
    1305.000       18252.9141
    1306.000       18187.9102
    1307.000       18301.2715
    1308.000       18129.1035
    1309.000       18270.4531
    1310.000       18192.2695
    1311.000       18292.9609
    1312.000       18225.3418
    1313.000       18306.4180
    1314.000       18216.2617
    1315.000       18002.1484
    1316.000       18180.6309
    1317.000       18033.1230
    1318.000       18297.8184
    1319.000       18149.7305
    1320.000       18422.0801
    1321.000       18331.4961
    1322.000       18218.8711
    1323.000       18378.3691
    1324.000       18138.0469
    1325.000       18447.3789
    1326.000       18296.6855
    1327.000       18114.3105
    1328.000       18260.9004
    1329.000       18381.2637
    1330.000       18332.7246
    1331.000       18136.1758
    1332.000       18220.2832
    1333.000       18219.2891
    1334.000       18111.9746
    1335.000       18145.7461
    1336.000       18176.7812
    1337.000       18135.3203
    1338.000       18165.3926
    1339.000       18250.0625
    1340.000       18193.6680
    1341.000       18444.6992
    1342.000       18181.0586
    1343.000       18344.5684
    1344.000       18305.9746
    1345.000       18300.9336
    1346.000       18251.9902
    1347.000       18362.9355
    1348.000       18314.3281
    1349.000       18122.7148
    1350.000       18097.3457
    1351.000       18361.9062
    1352.000       18374.2676
    1353.000       18329.7695
    1354.000       18378.9707
    1355.000       18211.4590
    1356.000       18115.3652
    1357.000       18191.4160
    1358.000       18261.9668
    1359.000       18038.6953
    1360.000       18133.1172
    1361.000       18350.5605
    1362.000       18220.3027
    1363.000       18338.6660
    1364.000       18206.7344
    1365.000       18408.2695
    1366.000       18259.2832
    1367.000       18094.2754
    1368.000       18348.2852
    1369.000       18370.1738
    1370.000       18297.6660
    1371.000       18095.6211
    1372.000       18467.4648
    1373.000       18235.9941
    1374.000       18230.7949
    1375.000       18261.4570
    1376.000       18212.5762
    1377.000       18305.9883
    1378.000       18315.3574
    1379.000       18189.9395
    1380.000       18238.6992
    1381.000       18446.6289
    1382.000       18155.1758
    1383.000       18294.7441
    1384.000       18334.6230
    1385.000       18349.0273
    1386.000       18151.6797
    1387.000       18262.6152
    1388.000       18310.1523
    1389.000       18390.1523
    1390.000       18201.2695
    1391.000       18393.6836
    1392.000       18319.2617
    1393.000       18106.8125
    1394.000       18159.0137
    1395.000       18312.0684
    1396.000       18296.6328
    1397.000       18337.9766
    1398.000       18082.7305
    1399.000       18254.1523
    1400.000       18196.4180
    1401.000       18161.0137
    1402.000       18235.8828
    1403.000       18067.0879
    1404.000       18351.7949
    1405.000       18405.6309
    1406.000       18248.1250
    1407.000       18337.5762
    1408.000       18423.5586
    1409.000       18303.9844
    1410.000       18113.0000
    1411.000       18386.4336
    1412.000       17985.8848
    1413.000       18291.2480
    1414.000       18074.2910
    1415.000       18371.1289
    1416.000       18363.5371
    1417.000       18164.1211
    1418.000       18261.7598
    1419.000       18171.8828
    1420.000       18493.6855
    1421.000       18243.8203
    1422.000       18154.6250
    1423.000       18162.7383
    1424.000       18177.4883
    1425.000       18310.3262
    1426.000       18308.5898
    1427.000       18269.2383
    1428.000       18152.7988
    1429.000       18049.0508
    1430.000       18102.2129
    1431.000       18167.3633
    1432.000       18267.1660
    1433.000       18062.3984
    1434.000       18183.5078
    1435.000       18213.7520
    1436.000       18154.1289
    1437.000       18153.2812
    1438.000       18154.7051
    1439.000       18214.4238
    1440.000       18121.7266
    1441.000       18379.8965
    1442.000       18245.7363
    1443.000       18192.2910
    1444.000       18200.5117
    1445.000       18309.6172
    1446.000       18387.3066
    1447.000       18248.8555
    1448.000       18094.9023
    1449.000       17998.9648
    1450.000       18427.3770
    1451.000       18411.6387
    1452.000       18214.2715
    1453.000       18281.6895
    1454.000       18166.4375
    1455.000       18225.8770
    1456.000       18205.0781
    1457.000       18099.2910
    1458.000       18217.4199
    1459.000       18344.6699
    1460.000       18268.3594
    1461.000       18258.9414
    1462.000       18380.6289
    1463.000       18300.6191
    1464.000       18365.6113
    1465.000       18083.1680
    1466.000       18424.4043
    1467.000       18130.0215
    1468.000       18294.0352
    1469.000       18106.8926
    1470.000       18296.4199
    1471.000       18343.2480
    1472.000       18196.3574
    1473.000       18092.1328
    1474.000       18303.1211
    1475.000       18349.2676
    1476.000       18133.3262
    1477.000       18287.4707
    1478.000       18338.8398
    1479.000       18240.6895
    1480.000       18188.9199
    1481.000       18212.9336
    1482.000       18252.3887
    1483.000       18371.6758
    1484.000       18112.4648
    1485.000       18199.4062
    1486.000       18077.9609
    1487.000       18409.0508
    1488.000       18415.8047
    1489.000       18217.9355
    1490.000       18054.3320
    1491.000       18246.4863
    1492.000       18067.5098
    1493.000       18512.7559
    1494.000       18283.9805
    1495.000       18111.2871
    1496.000       18317.2188
    1497.000       18049.7227
    1498.000       18296.6777
    1499.000       18171.4805
    1500.000       18210.7285
    1501.000       18202.5977
    1502.000       18207.9922
    1503.000       18231.8574
    1504.000       18179.6953
    1505.000       18297.4629
    1506.000       18220.2012
    1507.000       18265.6836
    1508.000       18121.9941
    1509.000       18427.5293
    1510.000       18201.0781
    1511.000       18231.9902
    1512.000       18054.0742
    1513.000       18197.7129
    1514.000       18266.1348
    1515.000       18002.0430
    1516.000       18270.5801
    1517.000       18477.0879
    1518.000       18130.2441
    1519.000       18282.9453
    1520.000       18487.7812
    1521.000       18184.2793
    1522.000       18128.5703
    1523.000       18399.3789
    1524.000       18181.7754
    1525.000       18176.2578
    1526.000       18094.5938
    1527.000       18132.4531
    1528.000       18088.9453
    1529.000       18112.7109
    1530.000       18235.4453
    1531.000       18329.0020
    1532.000       18155.6777
    1533.000       18236.5684
    1534.000       18192.3359
    1535.000       18172.2812
    1536.000       18283.4141
    1537.000       18130.9707
    1538.000       18208.3906
    1539.000       18051.4434
    1540.000       18259.7715
    1541.000       18257.4043
    1542.000       18033.6973
    1543.000       18115.0391
    1544.000       18025.3984
    1545.000       18229.8379
    1546.000       18105.1348
    1547.000       18152.7637
    1548.000       18277.7246
    1549.000       18180.3359
    1550.000       18187.8125
    1551.000       18152.6953
    1552.000       18301.6328
    1553.000       18366.9180
    1554.000       18228.9570
    1555.000       18240.9160
    1556.000       18142.2305
    1557.000       18123.9219
    1558.000       18209.0391
    1559.000       18269.2246
    1560.000       18221.3418
    1561.000       18169.9648
    1562.000       18120.1895
    1563.000       18213.3906
    1564.000       18245.5273
    1565.000       18422.0625
    1566.000       18378.7793
    1567.000       18109.4473
    1568.000       18327.7520
    1569.000       18302.4805
    1570.000       18029.9941
    1571.000       18331.4688
    1572.000       18203.2031
    1573.000       18213.6035
    1574.000       18293.7617
    1575.000       18241.7461
    1576.000       18229.9023
    1577.000       18280.6973
    1578.000       18284.1328
    1579.000       18206.5566
    1580.000       18195.1816
    1581.000       18251.9805
    1582.000       18352.1895
    1583.000       18318.3711
    1584.000       18248.2754
    1585.000       18357.3535
    1586.000       18156.4492
    1587.000       18368.3711
    1588.000       18272.3340
    1589.000       18370.3594
    1590.000       18366.3438
    1591.000       18174.3652
    1592.000       18241.9883
    1593.000       18129.9980
    1594.000       18192.1465
    1595.000       18332.9473
    1596.000       18426.9414
    1597.000       18348.5586
    1598.000       18154.3945
    1599.000       18357.3301
    1600.000       18407.8379
    1601.000       18243.7715
    1602.000       18284.4941
    1603.000       18368.4434
    1604.000       18261.5645
    1605.000       18248.5547
    1606.000       18253.2832
    1607.000       18231.8652
    1608.000       18096.4590
    1609.000       18222.3242
    1610.000       18347.3359
    1611.000       18178.3203
    1612.000       18051.0586
    1613.000       18206.1094
    1614.000       18209.8828
    1615.000       18452.4121
    1616.000       18194.7227
    1617.000       18378.9609
    1618.000       18258.7773
    1619.000       18445.0273
    1620.000       18343.0566
    1621.000       18164.2656
    1622.000       18114.1504
    1623.000       18203.8262
    1624.000       18370.5547
    1625.000       18408.9629
    1626.000       18343.2598
    1627.000       18181.4883
    1628.000       18234.6465
    1629.000       18411.7090
    1630.000       18271.1641
    1631.000       18423.9023
    1632.000       18094.7148
    1633.000       18373.9004
    1634.000       18365.7129
    1635.000       18167.3320
    1636.000       18309.4102
    1637.000       18203.9766
    1638.000       18294.0918
    1639.000       18258.6387
    1640.000       18296.8887
    1641.000       18353.5469
    1642.000       18289.2676
    1643.000       18364.2109
    1644.000       18117.4395
    1645.000       18349.3945
    1646.000       18245.4844
    1647.000       18422.1133
    1648.000       18306.0957
    1649.000       18319.2188
    1650.000       18231.8730
    1651.000       18086.1367
    1652.000       18095.7812
    1653.000       18247.3672
    1654.000       18187.5566
    1655.000       18203.5527
    1656.000       18177.2383
    1657.000       18249.8535
    1658.000       18495.9902
    1659.000       17948.6113
    1660.000       18283.8848
    1661.000       18138.0352
    1662.000       18264.9629
    1663.000       18197.1875
    1664.000       18468.8359
    1665.000       18244.6387
    1666.000       18267.9141
    1667.000       18357.3184
    1668.000       18283.3223
    1669.000       18140.7910
    1670.000       18157.7500
    1671.000       18243.7383
    1672.000       18169.7168
    1673.000       18261.0977
    1674.000       18331.9199
    1675.000       18137.7012
    1676.000       18141.9512
    1677.000       18351.0840
    1678.000       18262.8730
    1679.000       18206.3008
    1680.000       18357.3398
    1681.000       18097.3965
    1682.000       18361.5254
    1683.000       18143.0684
    1684.000       18377.5664
    1685.000       18246.0742
    1686.000       18453.3691
    1687.000       18232.0664
    1688.000       18174.1348
    1689.000       18222.9160
    1690.000       17992.5098
    1691.000       18251.2910
    1692.000       18164.5762
    1693.000       18240.9102
    1694.000       18269.1387
    1695.000       18074.7852
    1696.000       17928.6836
    1697.000       18078.7402
    1698.000       18437.0645
    1699.000       18451.5156
    1700.000       18368.9961
    1701.000       18418.0645
    1702.000       18225.3770
    1703.000       18278.0273
    1704.000       18143.8672
    1705.000       18136.4531
    1706.000       18199.9355
    1707.000       18265.6621
    1708.000       18356.5957
    1709.000       18424.4805
    1710.000       18256.6543
    1711.000       18274.3828
    1712.000       18405.8008
    1713.000       18190.1270
    1714.000       18141.6641
    1715.000       18355.6543
    1716.000       18142.7676
    1717.000       18141.6895
    1718.000       18374.5781
    1719.000       18136.3105
    1720.000       18137.8867
    1721.000       18388.9590
    1722.000       18217.4023
    1723.000       18209.0547
    1724.000       18059.0625
    1725.000       18088.5898
    1726.000       18180.8301
    1727.000       18492.7773
    1728.000       18129.0566
    1729.000       18287.9707
    1730.000       18321.8086
    1731.000       18229.9805
    1732.000       18196.1406
    1733.000       18163.3730
    1734.000       18220.5547
    1735.000       18449.8730
    1736.000       18123.8418
    1737.000       18369.4473
    1738.000       18255.3887
    1739.000       18203.5762
    1740.000       18167.9336
    1741.000       18221.4863
    1742.000       18350.5312
    1743.000       17987.5703
    1744.000       18128.9766
    1745.000       18231.7539
    1746.000       18183.1836
    1747.000       18256.1074
    1748.000       18271.2656
    1749.000       18206.3145
    1750.000       18287.6973
    1751.000       18533.2812
    1752.000       18194.8945
    1753.000       18240.7656
    1754.000       18286.6816
    1755.000       18288.4746
    1756.000       18284.7031
    1757.000       18327.3398
    1758.000       18242.1855
    1759.000       18193.1055
    1760.000       18341.9375
    1761.000       18172.5410
    1762.000       18232.0898
    1763.000       18249.4668
    1764.000       18292.3926
    1765.000       18186.2988
    1766.000       18184.4297
    1767.000       18297.4062
    1768.000       17972.6543
    1769.000       18167.9531
    1770.000       18510.3945
    1771.000       18277.6113
    1772.000       18201.8105
    1773.000       18388.7109
    1774.000       18122.1309
    1775.000       18025.9863
    1776.000       18080.3594
    1777.000       18257.9805
    1778.000       18495.2246
    1779.000       18315.0879
    1780.000       18278.2246
    1781.000       18018.1973
    1782.000       18159.2422
    1783.000       18451.5078
    1784.000       18306.0117
    1785.000       18306.0820
    1786.000       18118.9824
    1787.000       18359.3828
    1788.000       18148.8887
    1789.000       18046.0410
    1790.000       18046.8184
    1791.000       18191.3320
    1792.000       18530.6504
    1793.000       18200.1738
    1794.000       18316.1348
    1795.000       18262.9004
    1796.000       18486.9473
    1797.000       18316.8105
    1798.000       18178.8516
    1799.000       18340.5781
    1800.000       18191.4785
    1801.000       18112.6680
    1802.000       18152.7090
    1803.000       18180.8242
    1804.000       18217.4102
    1805.000       18314.4004
    1806.000       18115.5137
    1807.000       18276.6621
    1808.000       18269.1270
    1809.000       18260.0820
    1810.000       18235.1406
    1811.000       18028.7285
    1812.000       18213.6660
    1813.000       18374.5664
    1814.000       18243.3516
    1815.000       18273.7676
    1816.000       18243.6875
    1817.000       18290.0664
    1818.000       18274.6953
    1819.000       18217.7344
    1820.000       18335.8906
    1821.000       18230.0137
    1822.000       18196.6367
    1823.000       18181.6191
    1824.000       18120.6133
    1825.000       18261.3164
    1826.000       18319.2539
    1827.000       18204.5859
    1828.000       18238.9922
    1829.000       18074.8418
    1830.000       18249.7422
    1831.000       18178.0117
    1832.000       18279.0840
    1833.000       18235.5527
    1834.000       18395.3398
    1835.000       18301.8301
    1836.000       18375.1621
    1837.000       18164.1406
    1838.000       18079.2656
    1839.000       18337.2324
    1840.000       18188.1367
    1841.000       18186.1719
    1842.000       18234.3301
    1843.000       18268.1328
    1844.000       18368.7344
    1845.000       18251.0098
    1846.000       17967.0664
    1847.000       18194.2246
    1848.000       18213.4570
    1849.000       18118.9395
    1850.000       18283.5723
    1851.000       18314.1289
    1852.000       18003.2676
    1853.000       18256.1133
    1854.000       18413.6992
    1855.000       18249.4414
    1856.000       18129.3828
    1857.000       17993.3418
    1858.000       18236.5000
    1859.000       18363.3750
    1860.000       18192.0488
    1861.000       18154.3789
    1862.000       18121.0488
    1863.000       18037.2402
    1864.000       18138.2207
    1865.000       18218.6758
    1866.000       18247.2168
    1867.000       18208.2676
    1868.000       18225.1152
    1869.000       18140.3457
    1870.000       18296.1465
    1871.000       18450.5977
    1872.000       18329.6426
    1873.000       18297.2363
    1874.000       18141.9941
    1875.000       17978.1973
    1876.000       18084.7695
    1877.000       18225.8398
    1878.000       18321.7637
    1879.000       18214.2051
    1880.000       18314.9414
    1881.000       18160.1992
    1882.000       18231.9746
    1883.000       18358.8242
    1884.000       18123.2578
    1885.000       18195.3965
    1886.000       18263.2500
    1887.000       18419.3203
    1888.000       18185.3594
    1889.000       18348.3242
    1890.000       18230.1387
    1891.000       18168.4863
    1892.000       18257.9727
    1893.000       18266.6602
    1894.000       18239.8320
    1895.000       18216.8184
    1896.000       18363.8984
    1897.000       18304.4980
    1898.000       18282.7266
    1899.000       18269.8613
    1900.000       18207.1914
    1901.000       18359.1699
    1902.000       18409.0508
    1903.000       18148.4102
    1904.000       18247.4414
    1905.000       18188.3145
    1906.000       18237.3320
    1907.000       18361.6738
    1908.000       18133.3926
    1909.000       18356.1797
    1910.000       18233.8105
    1911.000       18216.9551
    1912.000       18238.1758
    1913.000       18308.6348
    1914.000       18381.1523
    1915.000       18229.0527
    1916.000       18231.1895
    1917.000       18080.1094
    1918.000       18454.5469
    1919.000       18331.6387
    1920.000       18235.4277
    1921.000       18490.9883
    1922.000       18301.9297
    1923.000       18215.4395
    1924.000       18343.1270
    1925.000       18328.2402
    1926.000       18483.9453
    1927.000       18188.5293
    1928.000       18168.5938
    1929.000       18422.5234
    1930.000       18246.0000
    1931.000       18172.4375
    1932.000       18376.7695
    1933.000       17960.3887
    1934.000       18176.4219
    1935.000       18030.7500
    1936.000       18162.6875
    1937.000       18280.8047
    1938.000       18186.0234
    1939.000       18297.7422
    1940.000       18223.3633
    1941.000       18078.9785
    1942.000       18158.7031
    1943.000       18275.6875
    1944.000       18218.7188
    1945.000       18214.1738
    1946.000       18436.7500
    1947.000       18346.6836
    1948.000       18201.1875
    1949.000       18247.2871
    1950.000       18226.7734
    1951.000       18105.6367
    1952.000       18040.1055
    1953.000       18178.5820
    1954.000       18298.1328
    1955.000       18098.5586
    1956.000       18149.8750
    1957.000       18366.2246
    1958.000       18350.3750
    1959.000       18414.8086
    1960.000       18265.2285
    1961.000       18322.3633
    1962.000       18217.7266
    1963.000       18152.1074
    1964.000       18296.2051
    1965.000       18187.2129
    1966.000       18097.3633
    1967.000       18263.3926
    1968.000       18253.8926
    1969.000       18235.5645
    1970.000       18219.4805
    1971.000       18293.8320
    1972.000       18355.4180
    1973.000       18107.9355
    1974.000       18356.1855
    1975.000       18210.8906
    1976.000       18265.3066
    1977.000       18196.8711
    1978.000       18189.9922
    1979.000       18379.8711
    1980.000       18416.8242
    1981.000       18028.1699
    1982.000       18273.6230
    1983.000       18223.6035
    1984.000       18271.2070
    1985.000       18250.8711
    1986.000       18209.2461
    1987.000       18132.3008
    1988.000       18482.4629
    1989.000       18336.0332
    1990.000       18228.1348
    1991.000       18186.9805
    1992.000       18135.5059
    1993.000       18271.3086
    1994.000       18343.3281
    1995.000       18311.7695
    1996.000       17944.9043
    1997.000       18257.2344
    1998.000       18170.8418
    1999.000       18116.6191
    2000.000       18256.3047
    2001.000       18207.4805
    2002.000       18293.5117
    2003.000       18270.5938
    2004.000       18300.4824
    2005.000       18251.0156
    2006.000       18284.5020
    2007.000       18052.2227
    2008.000       18146.8789
    2009.000       18088.2480
    2010.000       18293.5078
    2011.000       18116.5059
    2012.000       18190.1387
    2013.000       18084.7871
    2014.000       18194.0332
    2015.000       18302.7227
    2016.000       18387.9590
    2017.000       18225.7070
    2018.000       18349.5664
    2019.000       18277.5371
    2020.000       18205.2871
    2021.000       18168.1445
    2022.000       18345.7500
    2023.000       18046.9453
    2024.000       18208.1836
    2025.000       18394.7168
    2026.000       18280.0234
    2027.000       18215.5938
    2028.000       18440.9297
    2029.000       18246.2461
    2030.000       18308.1348
    2031.000       18059.6270
    2032.000       18180.1680
    2033.000       18157.8418
    2034.000       18207.0449
    2035.000       18013.7910
    2036.000       18145.2617
    2037.000       18223.8848
    2038.000       18134.6074
    2039.000       18274.9746
    2040.000       18434.6523
    2041.000       18102.4121
    2042.000       18020.0879
    2043.000       18189.1641
    2044.000       18165.8047
    2045.000       18361.9785
    2046.000       18427.6465
    2047.000       18333.8027
    2048.000       18251.3105
    2049.000       18127.0020
    2050.000       18439.2148
    2051.000       18261.9082
    2052.000       18249.1777
    2053.000       18196.4023
    2054.000       18249.2637
    2055.000       18200.7168
    2056.000       18146.4707
    2057.000       18376.8945
    2058.000       18271.4043
    2059.000       18374.0586
    2060.000       18170.2500
    2061.000       18219.0742
    2062.000       18104.5078
    2063.000       18207.9922
    2064.000       18229.0332
    2065.000       18189.8379
    2066.000       18154.8105
    2067.000       18272.4492
    2068.000       18241.7949
    2069.000       18148.4961
    2070.000       18290.2285
    2071.000       18354.0742
    2072.000       18170.6602
    2073.000       18241.1426
    2074.000       18274.8984
    2075.000       18134.0254
    2076.000       18182.9590
    2077.000       18243.6289
    2078.000       18138.1211
    2079.000       18309.4805
    2080.000       18223.0723
    2081.000       18292.5098
    2082.000       18208.4062
    2083.000       18197.2812
    2084.000       18300.5176
    2085.000       18326.0176
    2086.000       18183.7246
    2087.000       18091.3105
    2088.000       18208.6934
    2089.000       18302.9609
    2090.000       17990.9707
    2091.000       18107.1406
    2092.000       18139.8340
    2093.000       18338.0820
    2094.000       18320.6484
    2095.000       18360.2852
    2096.000       18300.7188
    2097.000       18304.7930
    2098.000       18408.2148
    2099.000       18373.8691
    2100.000       18442.5664
    2101.000       18167.3203
    2102.000       18155.5117
    2103.000       18320.7070
    2104.000       18352.7871
    2105.000       18232.2578
    2106.000       18273.1660
    2107.000       18245.7930
    2108.000       18294.7930
    2109.000       18103.7324
    2110.000       18173.4102
    2111.000       18210.4414
    2112.000       18028.0801
    2113.000       18184.6309
    2114.000       18231.5586
    2115.000       18472.6191
    2116.000       18236.9062
    2117.000       18166.3281
    2118.000       18420.1367
    2119.000       18065.6504
    2120.000       18058.0215
    2121.000       18269.8848
    2122.000       18109.0762
    2123.000       18530.0176
    2124.000       18321.0059
    2125.000       18316.7598
    2126.000       18126.4824
    2127.000       18235.6504
    2128.000       18236.9609
    2129.000       18107.4492
    2130.000       18141.1387
    2131.000       18249.4902
    2132.000       18242.4238
    2133.000       18216.7695
    2134.000       18367.5332
    2135.000       18222.7266
    2136.000       18335.5059
    2137.000       18114.8945
    2138.000       18263.8184
    2139.000       18197.4492
    2140.000       18405.6191
    2141.000       18238.3164
    2142.000       18376.5938
    2143.000       18120.3359
    2144.000       17999.2441
    2145.000       18306.7012
    2146.000       18118.2227
    2147.000       18073.6230
    2148.000       18162.2012
    2149.000       18200.0312
    2150.000       18130.9023
    2151.000       18421.9453
    2152.000       18251.7871
    2153.000       18160.8672
    2154.000       18341.5156
    2155.000       18313.7891
    2156.000       18137.2383
    2157.000       18152.7930
    2158.000       18144.2031
    2159.000       18238.9805
    2160.000       18475.0898
    2161.000       18163.9766
    2162.000       18317.8027
    2163.000       18319.6289
    2164.000       18208.9805
    2165.000       18089.7949
    2166.000       18191.8516
    2167.000       18078.5645
    2168.000       18382.0430
    2169.000       18333.1387
    2170.000       18207.0234
    2171.000       18096.9219
    2172.000       18248.3809
    2173.000       18225.1055
    2174.000       18130.5508
    2175.000       18219.5762
    2176.000       18232.5391
    2177.000       18282.7070
    2178.000       18117.6094
    2179.000       18247.7715
    2180.000       18116.0215
    2181.000       18367.6367
    2182.000       18387.2227
    2183.000       18107.6562
    2184.000       18215.5039
    2185.000       18255.1660
    2186.000       18029.6836
    2187.000       18210.2207
    2188.000       18217.7949
    2189.000       18044.3340
    2190.000       18193.8809
    2191.000       18218.9336
    2192.000       18284.3379
    2193.000       18293.7402
    2194.000       18162.0957
    2195.000       18275.7949
    2196.000       18305.6816
    2197.000       18150.8203
    2198.000       18387.9102
    2199.000       18380.1250
    2200.000       18238.7656
    2201.000       18244.3320
    2202.000       18192.3867
    2203.000       18289.3457
    2204.000       18185.5801
    2205.000       18383.5801
    2206.000       18193.4375
    2207.000       18184.2305
    2208.000       18143.1641
    2209.000       18112.7090
    2210.000       18240.9961
    2211.000       18203.4414
    2212.000       18210.4102
    2213.000       18132.4180
    2214.000       18382.0547
    2215.000       18270.6562
    2216.000       18094.7676
    2217.000       18088.0410
    2218.000       18311.7617
    2219.000       18141.4375
    2220.000       18299.1152
    2221.000       18172.5723
    2222.000       18207.8809
    2223.000       18104.0547
    2224.000       18252.1855
    2225.000       18187.4492
    2226.000       18233.7031
    2227.000       18172.9844
    2228.000       18274.2305
    2229.000       18186.0840
    2230.000       18342.7441
    2231.000       18315.5391
    2232.000       18276.1641
    2233.000       18286.7969
    2234.000       18265.6992
    2235.000       18087.0117
    2236.000       18269.9219
    2237.000       18366.1016
    2238.000       18312.0625
    2239.000       18220.1484
    2240.000       18192.3398
    2241.000       18114.3477
    2242.000       18380.3027
    2243.000       18257.9844
    2244.000       18119.5547
    2245.000       18051.3652
    2246.000       18123.9766
    2247.000       18170.2695
    2248.000       18484.9688
    2249.000       18324.4297
    2250.000       18241.0469
    2251.000       18194.3750
    2252.000       18313.4023
    2253.000       18461.3105
    2254.000       18181.5195
    2255.000       18127.8066
    2256.000       18321.3516
    2257.000       18042.4082
    2258.000       17967.6387
    2259.000       18073.7695
    2260.000       18111.0312
    2261.000       18145.3516
    2262.000       18216.6426
    2263.000       18195.0742
    2264.000       18383.0488
    2265.000       18311.4238
    2266.000       18203.7129
    2267.000       18236.6914
    2268.000       18262.0254
    2269.000       18318.3457
    2270.000       18214.7871
    2271.000       18192.9609
    2272.000       18121.1719
    2273.000       18287.1738
    2274.000       18117.6562
    2275.000       18347.1367
    2276.000       18072.8770
    2277.000       18334.5059
    2278.000       18284.5352
    2279.000       18241.8516
    2280.000       18310.2578
    2281.000       18294.5000
    2282.000       18175.3516
    2283.000       18145.0703
    2284.000       18043.5820
    2285.000       18242.7363
    2286.000       18274.8340
    2287.000       18372.4746
    2288.000       18317.9336
    2289.000       18256.8613
    2290.000       18214.1914
    2291.000       18487.8711
    2292.000       18319.5938
    2293.000       18235.4414
    2294.000       18203.2617
    2295.000       18116.9121
    2296.000       18215.6953
    2297.000       18173.9590
    2298.000       18298.3242
    2299.000       18195.4570
    2300.000       18224.4492
    2301.000       18161.4922
    2302.000       18227.0488
    2303.000       18151.1758
    2304.000       18117.1211
    2305.000       18338.9570
    2306.000       18300.0488
    2307.000       18275.0215
    2308.000       18336.6973
    2309.000       18192.4004
    2310.000       18102.9219
    2311.000       18395.5547
    2312.000       18127.1641
    2313.000       18095.5215
    2314.000       18170.0586
    2315.000       18132.0645
    2316.000       18138.6504
    2317.000       18139.9922
    2318.000       18315.3730
    2319.000       18265.3223
    2320.000       18245.6797
    2321.000       18305.7793
    2322.000       18129.6582
    2323.000       18309.4941
    2324.000       18131.7090
    2325.000       18054.1426
    2326.000       18313.1016
    2327.000       18093.9414
    2328.000       18267.7168
    2329.000       18311.1035
    2330.000       18155.3496
    2331.000       18375.6191
    2332.000       18257.8398
    2333.000       18295.0176
    2334.000       18168.7754
    2335.000       18278.8633
    2336.000       18352.0000
    2337.000       18273.9668
    2338.000       18245.0332
    2339.000       18177.6445
    2340.000       18371.5430
    2341.000       18283.4570
    2342.000       18118.8906
    2343.000       17966.1406
    2344.000       18237.9824
    2345.000       18169.6895
    2346.000       18522.5488
    2347.000       18236.9102
    2348.000       18245.5430
    2349.000       18351.9102
    2350.000       18479.4590
    2351.000       18083.4375
    2352.000       18245.5801
    2353.000       18186.7656
    2354.000       18139.7129
    2355.000       18294.3496
    2356.000       18163.8047
    2357.000       18356.2207
    2358.000       17939.8516
    2359.000       18289.1758
    2360.000       18053.1836
    2361.000       18259.5840
    2362.000       18207.8242
    2363.000       18311.0586
    2364.000       18311.5820
    2365.000       18239.5469
    2366.000       18441.8008
    2367.000       18409.8125
    2368.000       18371.5059
    2369.000       18289.5859
    2370.000       18089.6055
    2371.000       18205.9453
    2372.000       18050.0449
    2373.000       18295.8516
    2374.000       18101.9453
    2375.000       18208.5020
    2376.000       18235.1133
    2377.000       18203.9941
    2378.000       18224.2422
    2379.000       18206.6367
    2380.000       18096.9062
    2381.000       18231.5664
    2382.000       18418.8574
    2383.000       18127.9102
    2384.000       18224.3359
    2385.000       18280.2930
    2386.000       18220.1133
    2387.000       18322.3965
    2388.000       18204.7012
    2389.000       18067.3770
    2390.000       18210.1934
    2391.000       18193.4785
    2392.000       18187.6465
    2393.000       18269.1035
    2394.000       18242.3223
    2395.000       18124.2188
    2396.000       18196.4590
    2397.000       18260.2949
    2398.000       18193.2852
    2399.000       18371.5684
    2400.000       18156.8809
    2401.000       18040.0664
    2402.000       18400.5898
    2403.000       18260.9023
    2404.000       18210.3633
    2405.000       18216.5254
    2406.000       18164.3457
    2407.000       18364.3203
    2408.000       18353.5938
    2409.000       18280.6602
    2410.000       18179.1641
    2411.000       18117.0664
    2412.000       18234.3105
    2413.000       18283.1484
    2414.000       18142.9336
    2415.000       18391.4727
    2416.000       18161.7090
    2417.000       18292.8008
    2418.000       18183.2812
    2419.000       18285.2852
    2420.000       18174.4355
    2421.000       18307.9297
    2422.000       18216.5801
    2423.000       18292.7148
    2424.000       18238.3242
    2425.000       18293.2461
    2426.000       18106.8203
    2427.000       18426.9473
    2428.000       18158.0918
    2429.000       18220.5527
    2430.000       18240.1895
    2431.000       18219.0977
    2432.000       18319.1562
    2433.000       18239.6426
    2434.000       18231.1152
    2435.000       18107.8203
    2436.000       18405.3438
    2437.000       18126.3477
    2438.000       18247.9727
    2439.000       18222.8262
    2440.000       18197.9102
    2441.000       18198.0332
    2442.000       18136.8203
    2443.000       18341.6484
    2444.000       18281.6641
    2445.000       18368.7598
    2446.000       18187.0957
    2447.000       18431.5664
    2448.000       18246.7266
    2449.000       18210.9414
    2450.000       18062.2617
    2451.000       18343.4258
    2452.000       18343.5938
    2453.000       18185.6758
    2454.000       18180.4688
    2455.000       18230.9453
    2456.000       18333.1191
    2457.000       18204.9922
    2458.000       18341.1055
    2459.000       18282.4766
    2460.000       18153.2344
    2461.000       18375.5371
    2462.000       18242.6758
    2463.000       18427.9395
    2464.000       18397.0195
    2465.000       18124.5820
    2466.000       18363.6016
    2467.000       18362.4648
    2468.000       18237.1172
    2469.000       18102.6602
    2470.000       18148.7539
    2471.000       18082.9375
    2472.000       18186.5840
    2473.000       18310.9922
    2474.000       18243.8535
    2475.000       18494.9746
    2476.000       18107.6113
    2477.000       18190.5859
    2478.000       18219.0820
    2479.000       18385.7793
    2480.000       18306.1934
    2481.000       18360.7012
    2482.000       18205.0508
    2483.000       18360.5566
    2484.000       18352.9785
    2485.000       18239.6621
    2486.000       18332.3008
    2487.000       18236.7539
    2488.000       18012.2539
    2489.000       18243.0469
    2490.000       18315.2344
    2491.000       18360.7715
    2492.000       18150.3770
    2493.000       18326.8887
    2494.000       18286.3066
    2495.000       18211.9727
    2496.000       18134.6445
    2497.000       18076.2812
    2498.000       18067.3750
    2499.000       18225.6816
    2500.000       18287.1016
    2501.000       18286.0332
    2502.000       18289.1543
    2503.000       18253.5312
    2504.000       18294.8828
    2505.000       18323.3027
    2506.000       18016.8398
    2507.000       18228.2793
    2508.000       18102.2344
    2509.000       18247.3027
    2510.000       18198.2227
    2511.000       18255.5098
    2512.000       18237.8379
    2513.000       18166.5117
    2514.000       18361.0215
    2515.000       18345.4863
    2516.000       18267.6172
    2517.000       18297.9355
    2518.000       18147.0176
    2519.000       18174.0664
    2520.000       18219.4336
    2521.000       18327.4473
    2522.000       18256.6270
    2523.000       18355.8828
    2524.000       18222.1719
    2525.000       18295.1680
    2526.000       18140.3633
    2527.000       18036.6309
    2528.000       18207.4727
    2529.000       18270.1094
    2530.000       18031.2539
    2531.000       18250.9238
    2532.000       18153.1035
    2533.000       18137.7773
    2534.000       18263.1094
    2535.000       18214.1191
    2536.000       18154.7520
    2537.000       18266.6953
    2538.000       18176.7363
    2539.000       18293.5098
    2540.000       18284.2773
    2541.000       18223.9961
    2542.000       18219.6523
    2543.000       18190.6211
    2544.000       18177.7715
    2545.000       18077.8203
    2546.000       18253.5742
    2547.000       18476.4570
    2548.000       18015.4805
    2549.000       18278.9375
    2550.000       18224.2910
    2551.000       18142.6445
    2552.000       18162.2910
    2553.000       18126.9277
    2554.000       18223.6523
    2555.000       18331.2227
    2556.000       18252.2461
    2557.000       18325.3320
    2558.000       18208.1621
    2559.000       18295.5371
    2560.000       18249.2207
    2561.000       18163.4062
    2562.000       18242.6016
    2563.000       18086.1230
    2564.000       18234.8652
    2565.000       18079.8379
    2566.000       18181.7422
    2567.000       18205.4570
    2568.000       18098.1270
    2569.000       18250.1953
    2570.000       18325.4395
    2571.000       18284.2148
    2572.000       18168.6895
    2573.000       18005.6172
    2574.000       18098.7910
    2575.000       18212.7461
    2576.000       18090.9961
    2577.000       18157.3730
    2578.000       18227.6641
    2579.000       18244.5801
    2580.000       18142.6133
    2581.000       18358.7734
    2582.000       18319.2969
    2583.000       18175.5586
    2584.000       18364.7949
    2585.000       18254.9980
    2586.000       18229.5195
    2587.000       18210.5586
    2588.000       18376.8457
    2589.000       18139.3652
    2590.000       18236.7012
    2591.000       18434.6230
    2592.000       18225.0176
    2593.000       18185.3398
    2594.000       18157.5215
    2595.000       18203.0176
    2596.000       18222.5469
    2597.000       18171.5762
    2598.000       18103.7637
    2599.000       18163.2852
    2600.000       18301.1621
    2601.000       18409.5684
    2602.000       18317.4805
    2603.000       18405.4805
    2604.000       18241.6895
    2605.000       18253.5234
    2606.000       18178.3867
    2607.000       18115.1445
    2608.000       18427.4531
    2609.000       18144.2617
    2610.000       18222.4941
    2611.000       18312.5820
    2612.000       18270.4414
    2613.000       18386.7266
    2614.000       18414.2148
    2615.000       18352.9590
    2616.000       18440.1895
    2617.000       18453.4707
    2618.000       18093.1895
    2619.000       18181.9023
    2620.000       18304.5684
    2621.000       18289.9629
    2622.000       18351.4199
    2623.000       18436.3418
    2624.000       18293.0605
    2625.000       18138.6309
    2626.000       18437.1055
    2627.000       18148.8477
    2628.000       18019.5430
    2629.000       18328.6406
    2630.000       18291.6055
    2631.000       18255.1621
    2632.000       18161.3379
    2633.000       18246.8867
    2634.000       18208.3242
    2635.000       18364.3672
    2636.000       18191.0742
    2637.000       18327.8984
    2638.000       18083.5879
    2639.000       18140.3047
    2640.000       18104.3516
    2641.000       18265.2324
    2642.000       18186.9219
    2643.000       18281.4922
    2644.000       18064.1367
    2645.000       18293.2285
    2646.000       18097.1289
    2647.000       18184.3145
    2648.000       18182.1953
    2649.000       18265.4316
    2650.000       18199.6426
    2651.000       18176.2832
    2652.000       18239.6309
    2653.000       18308.0957
    2654.000       18187.3008
    2655.000       18220.6758
    2656.000       18115.1875
    2657.000       18175.5957
    2658.000       18009.4395
    2659.000       18270.3047
    2660.000       18299.2227
    2661.000       18287.7578
    2662.000       18191.5996
    2663.000       18360.7891
    2664.000       18322.6641
    2665.000       18138.8516
    2666.000       18295.4766
    2667.000       17996.0449
    2668.000       18229.2617
    2669.000       18171.5645
    2670.000       18240.1523
    2671.000       18231.2109
    2672.000       18355.7051
    2673.000       18270.9668
    2674.000       18422.6621
    2675.000       18237.4785
    2676.000       18312.7559
    2677.000       18246.6406
    2678.000       18100.3594
    2679.000       18196.0781
    2680.000       18007.2832
    2681.000       18301.7031
    2682.000       18309.4609
    2683.000       18012.9824
    2684.000       18135.8828
    2685.000       18200.6875
    2686.000       18125.1758
    2687.000       18008.5508
    2688.000       18335.9258
    2689.000       18350.0273
    2690.000       18323.2754
    2691.000       18316.3828
    2692.000       18339.9629
    2693.000       18434.8047
    2694.000       18326.8848
    2695.000       18270.0410
    2696.000       18099.5957
    2697.000       18115.8848
    2698.000       18095.1074
    2699.000       18087.2734
    2700.000       18347.2988
    2701.000       18086.7676
    2702.000       18287.8066
    2703.000       18317.9277
    2704.000       18395.4160
    2705.000       18313.9629
    2706.000       18094.0898
    2707.000       18219.7285
    2708.000       18280.7246
    2709.000       18280.3984
    2710.000       18209.5723
    2711.000       18134.9336
    2712.000       18317.7480
    2713.000       18295.7344
    2714.000       18167.3613
    2715.000       18292.3320
    2716.000       18287.2773
    2717.000       18223.8027
    2718.000       18254.3887
    2719.000       18193.9648
    2720.000       18219.6387
    2721.000       18234.0195
    2722.000       18160.9277
    2723.000       18093.4785
    2724.000       18230.4453
    2725.000       18152.3730
    2726.000       18156.9062
    2727.000       18131.5000
    2728.000       18208.9551
    2729.000       18273.6719
    2730.000       18094.6074
    2731.000       18243.8359
    2732.000       18191.7891
    2733.000       18220.3086
    2734.000       18112.7578
    2735.000       18373.1758
    2736.000       18220.9082
    2737.000       18429.7637
    2738.000       18194.8086
    2739.000       18332.1016
    2740.000       18277.2031
    2741.000       18333.5234
    2742.000       18372.4004
    2743.000       18129.6250
    2744.000       18408.9043
    2745.000       18304.9883
    2746.000       18268.8730
    2747.000       18256.5723
    2748.000       18125.3691
    2749.000       18150.0625
    2750.000       18041.4238
    2751.000       18289.2480
    2752.000       18426.9727
    2753.000       18068.8770
    2754.000       18232.3457
    2755.000       18150.4531
    2756.000       18310.0801
    2757.000       18265.8379
    2758.000       18302.5586
    2759.000       18248.0312
    2760.000       18380.2617
    2761.000       18251.5195
    2762.000       18297.1855
    2763.000       18396.6816
    2764.000       18256.0078
    2765.000       18154.5898
    2766.000       18336.0195
    2767.000       18114.6914
    2768.000       18219.2930
    2769.000       18192.6660
    2770.000       18171.0820
    2771.000       18188.6621
    2772.000       18274.3066
    2773.000       18234.9863
    2774.000       18297.8516
    2775.000       18321.8828
    2776.000       18227.7910
    2777.000       18183.0488
    2778.000       18303.0371
    2779.000       18302.6914
    2780.000       18164.2793
    2781.000       18155.5605
    2782.000       18149.8770
    2783.000       18005.6152
    2784.000       18043.3047
    2785.000       18095.0039
    2786.000       18224.3086
    2787.000       18302.2109
    2788.000       18299.6953
    2789.000       18229.7598
    2790.000       18211.5195
    2791.000       18252.4492
    2792.000       18384.8340
    2793.000       18210.9160
    2794.000       18346.1406
    2795.000       18241.2656
    2796.000       18299.4902
    2797.000       18220.7695
    2798.000       18252.1992
    2799.000       18155.8203
    2800.000       18203.5352
    2801.000       18240.0293
    2802.000       18020.3848
    2803.000       18191.8281
    2804.000       18275.2285
    2805.000       18047.6387
    2806.000       18184.0938
    2807.000       18363.3848
    2808.000       18237.0488
    2809.000       18096.5703
    2810.000       18317.3105
    2811.000       18241.8574
    2812.000       18059.8750
    2813.000       18222.1074
    2814.000       18273.6797
    2815.000       18096.2383
    2816.000       18285.9336
    2817.000       18070.6816
    2818.000       18284.1602
    2819.000       18284.6641
    2820.000       18135.3867
    2821.000       18282.2695
    2822.000       18233.1973
    2823.000       18200.4004
    2824.000       18216.9004
    2825.000       18085.3770
    2826.000       18163.7871
    2827.000       18376.0996
    2828.000       18164.8457
    2829.000       18255.9785
    2830.000       18183.4102
    2831.000       18337.5234
    2832.000       18234.6367
    2833.000       18376.0391
    2834.000       18229.8711
    2835.000       18220.1680
    2836.000       18255.1699
    2837.000       18147.4453
    2838.000       18214.9023
    2839.000       18079.6504
    2840.000       18312.7754
    2841.000       18092.2422
    2842.000       18344.2598
    2843.000       18254.5273
    2844.000       18065.7793
    2845.000       18369.0410
    2846.000       18166.2324
    2847.000       18180.6875
    2848.000       18293.7832
    2849.000       18300.6699
    2850.000       18339.0801
    2851.000       18319.8105
    2852.000       18094.1738
    2853.000       18311.5566
    2854.000       18199.2695
    2855.000       18316.3438
    2856.000       18365.5703
    2857.000       18366.5781
    2858.000       18309.9727
    2859.000       18334.6191
    2860.000       18086.2012
    2861.000       18192.2480
    2862.000       18339.8652
    2863.000       18167.0078
    2864.000       18104.6406
    2865.000       18146.6562
    2866.000       18363.2637
    2867.000       18225.1523
    2868.000       18267.9551
    2869.000       18145.4297
    2870.000       18441.2617
    2871.000       18473.4082
    2872.000       18117.4883
    2873.000       18207.8379
    2874.000       18111.0449
    2875.000       18225.8359
    2876.000       18093.7754
    2877.000       18378.6348
    2878.000       18370.0371
    2879.000       18269.5039
    2880.000       18135.3418
    2881.000       18296.2988
    2882.000       18411.2441
    2883.000       18176.1582
    2884.000       18135.2285
    2885.000       18208.2129
    2886.000       18096.0547
    2887.000       18289.7871
    2888.000       18229.4141
    2889.000       18090.0605
    2890.000       18368.6348
    2891.000       18249.9590
    2892.000       18142.2969
    2893.000       18284.1992
    2894.000       18284.6797
    2895.000       18169.9238
    2896.000       18177.0625
    2897.000       18113.6191
    2898.000       18360.4023
    2899.000       18261.9102
    2900.000       18138.5898
    2901.000       18284.5957
    2902.000       18149.7402
    2903.000       18164.9277
    2904.000       18128.9512
    2905.000       18126.1328
    2906.000       18049.6797
    2907.000       18225.0332
    2908.000       18433.5605
    2909.000       18221.1191
    2910.000       18305.9844
    2911.000       18184.2480
    2912.000       18215.6172
    2913.000       18108.8145
    2914.000       18256.0684
    2915.000       18427.8789
    2916.000       18278.9141
    2917.000       18221.0918
    2918.000       18210.1270
    2919.000       18295.9980
    2920.000       18147.7891
    2921.000       18135.2188
    2922.000       18140.2227
    2923.000       18260.1270
    2924.000       18292.5938
    2925.000       18169.6680
    2926.000       18232.9492
    2927.000       18188.7422
    2928.000       18171.0879
    2929.000       18231.9062
    2930.000       18246.9785
    2931.000       18248.6562
    2932.000       18060.4375
    2933.000       18272.4707
    2934.000       18250.8086
    2935.000       18215.5430
    2936.000       18248.5469
    2937.000       18280.6934
    2938.000       18367.6504
    2939.000       18288.4746
    2940.000       18218.5605
    2941.000       18272.7363
    2942.000       18199.2891
    2943.000       18270.0898
    2944.000       18084.1660
    2945.000       18238.4688
    2946.000       18471.1973
    2947.000       18059.0215
    2948.000       18155.9453
    2949.000       18315.4375
    2950.000       18340.8477
    2951.000       18422.2266
    2952.000       18154.6836
    2953.000       18339.0703
    2954.000       18074.6191
    2955.000       18215.5840
    2956.000       18073.3457
    2957.000       18241.8613
    2958.000       18117.5469
    2959.000       18395.0723
    2960.000       18250.9219
    2961.000       18237.7480
    2962.000       18078.9727
    2963.000       18312.3906
    2964.000       18312.0449
    2965.000       18304.8906
    2966.000       18161.3770
    2967.000       18420.9609
    2968.000       18268.2617
    2969.000       18338.1992
    2970.000       18119.4355
    2971.000       18291.9766
    2972.000       18158.9414
    2973.000       18327.6230
    2974.000       18268.4316
    2975.000       18339.2461
    2976.000       18222.1406
    2977.000       18200.8027
    2978.000       18255.5391
    2979.000       18139.0684
    2980.000       18235.8887
    2981.000       18288.6445
    2982.000       18183.6133
    2983.000       18139.1738
    2984.000       18474.8770
    2985.000       18365.2422
    2986.000       18054.8262
    2987.000       18266.4492
    2988.000       18161.3203
    2989.000       18380.2617
    2990.000       18153.3145
    2991.000       18159.3926
    2992.000       18222.4902
    2993.000       18191.9961
    2994.000       18159.8066
    2995.000       18250.9668
    2996.000       18233.5254
    2997.000       18197.0449
    2998.000       18310.7598
    2999.000       18158.5254
    3000.000       18012.5371
    3001.000       18116.1387
    3002.000       18219.5938
    3003.000       18199.9355
    3004.000       18237.1426
    3005.000       18417.9844
    3006.000       18219.8535
    3007.000       18366.5391
    3008.000       18180.1953
    3009.000       18296.5625
    3010.000       18224.5176
    3011.000       18411.9102
    3012.000       18297.8945
    3013.000       18170.1973
    3014.000       18399.2305
    3015.000       18266.4355
    3016.000       18122.8223
    3017.000       18297.3262
    3018.000       18350.5352
    3019.000       18223.8398
    3020.000       18248.0469
    3021.000       18377.4238
    3022.000       18361.3242
    3023.000       18246.5586
    3024.000       18345.5664
    3025.000       18196.2500
    3026.000       18265.7129
    3027.000       18130.8418
    3028.000       18336.0781
    3029.000       18319.8945
    3030.000       18127.2930
    3031.000       18263.5605
    3032.000       18435.4844
    3033.000       18321.6914
    3034.000       18279.9609
    3035.000       18195.6543
    3036.000       18294.6270
    3037.000       18259.2500
    3038.000       18097.3301
    3039.000       18326.4785
    3040.000       18423.3242
