     141.000      -88067.0000
     142.000      -88210.8582
     143.000      -88571.0376
     144.000      -88824.7130
     145.000      -89141.9199
     146.000      -89040.9022
     147.000      -88971.5535
     148.000      -89046.7777
     149.000      -89078.3190
     150.000      -88781.2649
     151.000      -88891.4364
     152.000      -88901.8585
     153.000      -89043.2998
     154.000      -89018.0608
     155.000      -88718.6582
     156.000      -89217.8878
     157.000      -88902.8730
     158.000      -89084.0940
     159.000      -89065.3433
     160.000      -89007.9183
     161.000      -88863.6248
     162.000      -89026.2113
     163.000      -88862.8323
     164.000      -89001.8938
     165.000      -89035.0246
     166.000      -88864.4996
     167.000      -88981.8781
     168.000      -88975.4415
     169.000      -89026.5424
     170.000      -88764.9303
     171.000      -89078.9847
     172.000      -89044.3142
     173.000      -89045.5678
     174.000      -89057.9099
     175.000      -88807.3707
     176.000      -89030.1610
     177.000      -88906.7095
     178.000      -89283.9668
     179.000      -89239.7275
     180.000      -89079.1150
     181.000      -89402.5313
     182.000      -89217.0596
     183.000      -89113.1238
     184.000      -89094.4454
     185.000      -89212.0572
     186.000      -89166.3230
     187.000      -88938.3580
     188.000      -89142.2351
     189.000      -89141.6465
     190.000      -88940.0435
     191.000      -89081.6045
     192.000      -88996.9283
     193.000      -88869.1650
     194.000      -89249.1621
     195.000      -89257.7712
     196.000      -89443.7076
     197.000      -89125.9425
     198.000      -89284.9768
     199.000      -89156.8328
     200.000      -89152.5853
     201.000      -89062.6038
     202.000      -89019.7229
     203.000      -89026.5116
     204.000      -89383.5431
     205.000      -88937.4659
     206.000      -88981.4630
     207.000      -89353.6763
     208.000      -89161.4702
     209.000      -89296.3103
     210.000      -89035.2441
     211.000      -89088.6423
     212.000      -88967.6105
     213.000      -89141.3921
     214.000      -89149.6739
     215.000      -88893.7304
     216.000      -89007.6508
     217.000      -89053.0221
     218.000      -89082.6374
     219.000      -89155.1665
     220.000      -89022.2643
     221.000      -89186.7176
     222.000      -89271.4508
     223.000      -89191.2034
     224.000      -89322.7788
     225.000      -89020.5705
     226.000      -89289.3222
     227.000      -89084.8106
     228.000      -89297.3123
     229.000      -89262.5784
     230.000      -89286.6129
     231.000      -89026.7366
     232.000      -88977.7224
     233.000      -89045.0517
     234.000      -89304.3011
     235.000      -88862.8339
     236.000      -89169.3670
     237.000      -88899.2249
     238.000      -89163.6562
     239.000      -88967.8226
     240.000      -89184.4319
     241.000      -89286.5734
     242.000      -89359.7275
     243.000      -89342.8713
     244.000      -89132.4715
     245.000      -89374.6791
     246.000      -89501.5262
     247.000      -89340.8490
     248.000      -89337.5092
     249.000      -89118.1614
     250.000      -89334.6984
     251.000      -89361.1290
     252.000      -89231.3602
     253.000      -89405.7303
     254.000      -89293.1903
     255.000      -89372.6512
     256.000      -89164.2452
     257.000      -89301.2150
     258.000      -89253.1563
     259.000      -89142.2334
     260.000      -89457.9024
     261.000      -89327.7212
     262.000      -89271.4689
     263.000      -89011.1980
     264.000      -89281.7649
     265.000      -89382.9121
     266.000      -89283.6237
     267.000      -88980.0322
     268.000      -89158.5708
     269.000      -89314.6605
     270.000      -89208.7760
     271.000      -89219.3227
     272.000      -89261.8035
     273.000      -88956.7417
     274.000      -89194.0265
     275.000      -89153.4991
     276.000      -89245.4397
     277.000      -89207.1101
     278.000      -89187.0551
     279.000      -89091.5945
     280.000      -89185.3268
     281.000      -89242.3905
     282.000      -89169.6681
     283.000      -89412.4352
     284.000      -89449.6514
     285.000      -89298.3141
     286.000      -89320.7076
     287.000      -88983.4882
     288.000      -89055.3343
     289.000      -88994.3012
     290.000      -89295.8803
     291.000      -89089.5353
     292.000      -88996.1336
     293.000      -89146.9106
     294.000      -89148.3553
     295.000      -89418.1731
     296.000      -89129.8392
     297.000      -89330.9728
     298.000      -89357.6006
     299.000      -89062.8773
     300.000      -89200.4239
     301.000      -89164.8393
     302.000      -89333.8750
     303.000      -89387.2006
     304.000      -89354.3335
     305.000      -89340.4539
     306.000      -89308.7799
     307.000      -89297.1044
     308.000      -89101.8437
     309.000      -89373.2667
     310.000      -89156.0472
     311.000      -89274.4371
     312.000      -89402.9105
     313.000      -89279.1907
     314.000      -89148.9631
     315.000      -89121.6854
     316.000      -89266.3074
     317.000      -89311.9951
     318.000      -89285.3682
     319.000      -89359.7606
     320.000      -88994.8691
     321.000      -89202.9231
     322.000      -89458.2645
     323.000      -89149.4732
     324.000      -89187.4092
     325.000      -89475.1527
     326.000      -89287.1513
     327.000      -89238.3420
     328.000      -89253.6170
     329.000      -89276.5644
     330.000      -89066.8689
     331.000      -89281.3102
     332.000      -89217.0649
     333.000      -89209.9110
     334.000      -89219.6452
     335.000      -89302.0378
     336.000      -89513.1192
     337.000      -89375.2377
     338.000      -89056.8589
     339.000      -89235.6691
     340.000      -89366.1665
     341.000      -89212.1972
     342.000      -89270.2651
     343.000      -89509.7272
     344.000      -89205.9301
     345.000      -89722.4999
     346.000      -89305.3241
     347.000      -89302.9042
     348.000      -89260.7487
     349.000      -89553.4618
     350.000      -89374.3474
     351.000      -89154.3946
     352.000      -89419.8653
     353.000      -89237.4966
     354.000      -89539.5277
     355.000      -89255.4197
     356.000      -89541.2736
     357.000      -89352.7096
     358.000      -89285.6755
     359.000      -89162.2661
     360.000      -89313.0703
     361.000      -89118.0819
     362.000      -89302.1615
     363.000      -89140.1447
     364.000      -89311.3989
     365.000      -89396.1986
     366.000      -89118.9965
     367.000      -89507.9131
     368.000      -89352.2094
     369.000      -89379.9070
     370.000      -88940.7001
     371.000      -89355.6811
     372.000      -89378.0760
     373.000      -89178.8883
     374.000      -89136.6868
     375.000      -89405.2840
     376.000      -89329.7299
     377.000      -89344.8002
     378.000      -89202.5341
     379.000      -89245.3927
     380.000      -89185.7459
     381.000      -89239.1818
     382.000      -89257.5343
     383.000      -89437.7797
     384.000      -89250.4868
     385.000      -89468.0543
     386.000      -89452.2835
     387.000      -89158.8149
     388.000      -89199.0383
     389.000      -89368.6268
     390.000      -89378.8991
     391.000      -89269.3042
     392.000      -89016.1848
     393.000      -89286.0602
     394.000      -89235.0426
     395.000      -89500.3934
     396.000      -89411.0170
     397.000      -89542.7016
     398.000      -89230.3979
     399.000      -89285.4816
     400.000      -89335.4726
     401.000      -89172.8857
     402.000      -89304.0934
     403.000      -89161.2493
     404.000      -89192.9446
     405.000      -89439.6116
     406.000      -89347.6489
     407.000      -89235.0305
     408.000      -89167.6377
     409.000      -89133.3062
     410.000      -89228.3782
     411.000      -89302.8831
     412.000      -89093.0252
     413.000      -89386.6318
     414.000      -89157.1709
     415.000      -89364.6933
     416.000      -89169.2871
     417.000      -89413.9249
     418.000      -89350.9400
     419.000      -89336.0591
     420.000      -89289.2039
     421.000      -89283.4716
     422.000      -89284.9283
     423.000      -89513.1023
     424.000      -89115.4895
     425.000      -89501.7834
     426.000      -89646.5653
     427.000      -89513.5887
     428.000      -89296.5953
     429.000      -89392.0991
     430.000      -89153.2321
     431.000      -89483.7675
     432.000      -89138.0782
     433.000      -89294.2917
     434.000      -89143.3633
     435.000      -88993.5333
     436.000      -89462.7949
     437.000      -89285.9753
     438.000      -89224.8447
     439.000      -89204.3875
     440.000      -89251.7329
     441.000      -89643.5078
     442.000      -89369.6289
     443.000      -89065.3038
     444.000      -89278.3434
     445.000      -89066.0274
     446.000      -89095.7313
     447.000      -89219.3992
     448.000      -89160.7644
     449.000      -89052.4431
     450.000      -89304.9847
     451.000      -89021.6802
     452.000      -89153.0232
     453.000      -89628.1715
     454.000      -89342.0007
     455.000      -89439.8787
     456.000      -89303.0670
     457.000      -89481.4879
     458.000      -89217.9244
     459.000      -89578.4729
     460.000      -89335.3878
     461.000      -89119.9472
     462.000      -89656.7918
     463.000      -89459.1606
     464.000      -89479.7666
     465.000      -89320.4571
     466.000      -89075.4027
     467.000      -89264.8394
     468.000      -89440.5034
     469.000      -89261.9714
     470.000      -89174.2494
     471.000      -89246.9126
     472.000      -89521.1562
     473.000      -89610.6191
     474.000      -89199.7711
     475.000      -88993.6074
     476.000      -89442.7676
     477.000      -89388.7546
     478.000      -89292.6240
     479.000      -89244.1700
     480.000      -89550.8658
     481.000      -89542.6204
     482.000      -89266.5058
     483.000      -89488.4908
     484.000      -89368.2633
     485.000      -89221.3634
     486.000      -89290.3987
     487.000      -89367.7987
     488.000      -89418.0619
     489.000      -89582.2342
     490.000      -89290.1020
     491.000      -89516.2190
     492.000      -89398.9521
     493.000      -89357.7558
     494.000      -89096.0291
     495.000      -89267.2749
     496.000      -89570.8197
     497.000      -89422.7743
     498.000      -89319.3443
     499.000      -89183.9473
     500.000      -89417.5140
     501.000      -89182.3341
     502.000      -89193.3440
     503.000      -89274.9503
     504.000      -89123.1142
     505.000      -89399.7774
     506.000      -89373.8699
     507.000      -89434.6018
     508.000      -89404.0572
     509.000      -89315.4742
     510.000      -89208.0992
     511.000      -89230.8527
     512.000      -89302.3553
     513.000      -89267.2249
     514.000      -89461.1259
     515.000      -89409.7693
     516.000      -89216.9866
     517.000      -89259.5332
     518.000      -89327.4738
     519.000      -89195.2054
     520.000      -89308.2955
     521.000      -89068.6201
     522.000      -89520.1130
     523.000      -89399.6698
     524.000      -89240.4685
     525.000      -89451.6258
     526.000      -89589.2026
     527.000      -89319.5935
     528.000      -89278.3702
     529.000      -89474.1006
     530.000      -89299.6246
     531.000      -89400.6001
     532.000      -89278.7050
     533.000      -89391.5569
     534.000      -89259.1602
     535.000      -89494.5745
     536.000      -89377.4554
     537.000      -89511.5410
     538.000      -89312.3233
     539.000      -89511.4430
     540.000      -89251.8812
     541.000      -89267.9513
     542.000      -89347.0624
     543.000      -89296.9874
     544.000      -89403.7987
     545.000      -89619.4145
     546.000      -89477.7365
     547.000      -89639.2949
     548.000      -89067.7202
     549.000      -89272.2010
     550.000      -89408.2758
     551.000      -89591.1125
     552.000      -89566.1060
     553.000      -89648.5065
     554.000      -89583.2289
     555.000      -89449.7023
     556.000      -89493.2086
     557.000      -89424.1149
     558.000      -89312.4920
     559.000      -89455.4757
     560.000      -89479.3437
     561.000      -89390.3915
     562.000      -89223.1916
     563.000      -89281.8243
     564.000      -89392.0184
     565.000      -89394.0697
     566.000      -89240.4082
     567.000      -89449.5899
     568.000      -89143.3091
     569.000      -89613.9243
     570.000      -89471.2057
     571.000      -89454.8206
     572.000      -89576.6757
     573.000      -89473.1486
     574.000      -89340.2581
     575.000      -89120.1759
     576.000      -89333.7916
     577.000      -89341.5647
     578.000      -89308.4346
     579.000      -89347.7310
     580.000      -89102.2375
     581.000      -89333.8579
     582.000      -89334.7176
     583.000      -89495.1038
     584.000      -89234.7510
     585.000      -89306.7165
     586.000      -89316.3402
     587.000      -89375.2626
     588.000      -89464.6724
     589.000      -89415.7710
     590.000      -89198.9709
     591.000      -89473.4982
     592.000      -89513.8459
     593.000      -89489.5250
     594.000      -89409.8479
     595.000      -89550.8603
     596.000      -89464.0387
     597.000      -89190.0378
     598.000      -89177.7653
     599.000      -89564.2675
     600.000      -89251.3211
     601.000      -89259.6507
     602.000      -89262.4029
     603.000      -89378.7102
     604.000      -89340.8789
     605.000      -89370.7463
     606.000      -89390.3301
     607.000      -89386.5122
     608.000      -89282.5825
     609.000      -89255.5966
     610.000      -89079.8694
     611.000      -89043.8455
     612.000      -88981.5516
     613.000      -89419.1363
     614.000      -89258.6244
     615.000      -89713.1744
     616.000      -89501.6672
     617.000      -89421.6934
     618.000      -89274.7069
     619.000      -89433.1612
     620.000      -89388.3016
     621.000      -89424.9432
     622.000      -89325.7567
     623.000      -89265.1869
     624.000      -89363.5884
     625.000      -89511.4551
     626.000      -89450.5851
     627.000      -89535.1962
     628.000      -89387.5295
     629.000      -89437.7206
     630.000      -89088.8628
     631.000      -89325.1746
     632.000      -89470.8403
     633.000      -89355.0051
     634.000      -89490.5691
     635.000      -89371.8125
     636.000      -89080.3089
     637.000      -89503.2085
     638.000      -89407.0729
     639.000      -89489.6645
     640.000      -89523.2265
     641.000      -89549.2340
     642.000      -89379.6764
     643.000      -89341.2459
     644.000      -89129.0949
     645.000      -89382.8914
     646.000      -89341.6179
     647.000      -89393.5971
     648.000      -89665.3373
     649.000      -89475.5798
     650.000      -89407.4806
     651.000      -89674.9247
     652.000      -89536.2847
     653.000      -89783.2307
     654.000      -89357.6222
     655.000      -89488.1699
     656.000      -89241.7151
     657.000      -89540.6795
     658.000      -89486.9740
     659.000      -89268.9988
     660.000      -89166.9600
     661.000      -89328.2448
     662.000      -89523.9079
     663.000      -89527.4328
     664.000      -89410.3623
     665.000      -89550.9891
     666.000      -89471.5788
     667.000      -89475.2259
     668.000      -89667.2577
     669.000      -89725.3293
     670.000      -89392.0893
     671.000      -89249.5357
     672.000      -89397.2807
     673.000      -89395.2874
     674.000      -89429.7540
     675.000      -89444.8884
     676.000      -89098.1415
     677.000      -89355.2762
     678.000      -89438.6865
     679.000      -89300.2184
     680.000      -89521.2447
     681.000      -89401.6090
     682.000      -89442.4284
     683.000      -89599.5843
     684.000      -89387.1423
     685.000      -89390.1939
     686.000      -89131.8773
     687.000      -89160.1474
     688.000      -89374.4459
     689.000      -89684.6950
     690.000      -89453.8451
     691.000      -89368.6607
     692.000      -89587.5071
     693.000      -89411.7326
     694.000      -89506.6001
     695.000      -89257.4087
     696.000      -89345.1769
     697.000      -89481.5857
     698.000      -89582.7458
     699.000      -89464.3300
     700.000      -89494.0117
     701.000      -89405.9520
     702.000      -89707.0284
     703.000      -89369.4199
     704.000      -89349.0292
     705.000      -89337.1037
     706.000      -89442.7610
     707.000      -89528.1840
     708.000      -89199.3001
     709.000      -89348.6717
     710.000      -89300.5130
     711.000      -89201.9789
     712.000      -89633.4489
     713.000      -89217.9801
     714.000      -89138.1983
     715.000      -89396.9848
     716.000      -89374.5138
     717.000      -89293.8214
     718.000      -89278.8642
     719.000      -89409.4169
     720.000      -89362.9373
     721.000      -89675.8874
     722.000      -89487.5377
     723.000      -89364.5936
     724.000      -89410.0533
     725.000      -89596.2221
     726.000      -89642.7881
     727.000      -89066.9548
     728.000      -89379.3585
     729.000      -89170.1183
     730.000      -89299.8166
     731.000      -89205.5352
     732.000      -89306.3481
     733.000      -89372.2850
     734.000      -89362.1122
     735.000      -89248.4489
     736.000      -89253.3714
     737.000      -89362.1185
     738.000      -89485.3400
     739.000      -89169.8422
     740.000      -89577.8007
     741.000      -89588.8968
     742.000      -89589.1204
     743.000      -89533.4271
     744.000      -89469.2277
     745.000      -89554.7415
     746.000      -89172.6078
     747.000      -89600.0834
     748.000      -89809.6942
     749.000      -89570.7324
     750.000      -89504.9671
     751.000      -89269.2851
     752.000      -89278.4341
     753.000      -89539.4311
     754.000      -89848.6272
     755.000      -89672.3813
     756.000      -89447.2168
     757.000      -89393.6498
     758.000      -89366.7308
     759.000      -89407.8618
     760.000      -89258.1277
     761.000      -89534.6128
     762.000      -89534.2743
     763.000      -89565.8114
     764.000      -89598.7291
     765.000      -89778.4919
     766.000      -89273.7339
     767.000      -89542.6775
     768.000      -89494.4260
     769.000      -89576.7066
     770.000      -89573.7103
     771.000      -89632.0489
     772.000      -89558.4641
     773.000      -89385.1620
     774.000      -89199.3466
     775.000      -89409.5967
     776.000      -89410.5023
     777.000      -89672.3566
     778.000      -89292.8856
     779.000      -89502.5392
     780.000      -89477.7340
     781.000      -89453.6501
     782.000      -89511.8890
     783.000      -89364.6093
     784.000      -89256.6734
     785.000      -89418.2832
     786.000      -89328.9609
     787.000      -89242.7472
     788.000      -89427.5491
     789.000      -89264.2708
     790.000      -89488.5289
     791.000      -89228.5366
     792.000      -89479.6100
     793.000      -89305.4697
     794.000      -89537.5654
     795.000      -89505.3960
     796.000      -89542.2021
     797.000      -89370.0168
     798.000      -89561.6274
     799.000      -89437.1051
     800.000      -89753.2225
     801.000      -89344.3291
     802.000      -89466.7512
     803.000      -89305.1304
     804.000      -89360.4486
     805.000      -89759.5918
     806.000      -89619.0713
     807.000      -89445.2293
     808.000      -89458.2593
     809.000      -89611.6341
     810.000      -89380.1033
     811.000      -89349.6589
     812.000      -89253.8034
     813.000      -89185.0400
     814.000      -89144.4837
     815.000      -89298.8676
     816.000      -89315.8832
     817.000      -89515.3769
     818.000      -89417.6804
     819.000      -89302.0103
     820.000      -89298.9863
     821.000      -89343.5288
     822.000      -89385.4098
     823.000      -89362.2912
     824.000      -89539.4238
     825.000      -89546.6926
     826.000      -89357.5225
     827.000      -89283.5769
     828.000      -89456.3247
     829.000      -89611.9065
     830.000      -89496.3696
     831.000      -89699.3772
     832.000      -89714.0384
     833.000      -89733.6350
     834.000      -89543.9280
     835.000      -89364.6189
     836.000      -89492.4672
     837.000      -89478.0312
     838.000      -89461.7137
     839.000      -89568.5181
     840.000      -89515.8584
     841.000      -89586.4262
     842.000      -89534.1897
     843.000      -89501.3245
     844.000      -89604.1213
     845.000      -89413.5975
     846.000      -89379.8931
     847.000      -89436.7441
     848.000      -89689.2127
     849.000      -89442.1203
     850.000      -89674.6376
     851.000      -89552.9993
     852.000      -89530.9150
     853.000      -89627.1345
     854.000      -89416.4352
     855.000      -89586.0519
     856.000      -89615.2130
     857.000      -89677.8986
     858.000      -89423.8755
     859.000      -89712.4052
     860.000      -89512.9237
     861.000      -89573.9469
     862.000      -89419.4195
     863.000      -89400.5609
     864.000      -89456.3226
     865.000      -89402.7245
     866.000      -89554.3657
     867.000      -89509.3530
     868.000      -89658.3618
     869.000      -89563.3478
     870.000      -89509.3320
     871.000      -89570.0045
     872.000      -89555.7445
     873.000      -89768.4366
     874.000      -89443.8658
     875.000      -89519.7323
     876.000      -89629.7504
     877.000      -89555.0165
     878.000      -89310.4299
     879.000      -89493.1739
     880.000      -89312.0367
     881.000      -89381.4110
     882.000      -89533.0539
     883.000      -89565.4060
     884.000      -89743.2022
     885.000      -89780.5284
     886.000      -89546.7442
     887.000      -89537.8408
     888.000      -89613.8477
     889.000      -89746.8031
     890.000      -89496.6973
     891.000      -89412.3310
     892.000      -89500.0726
     893.000      -89592.5714
     894.000      -89587.5410
     895.000      -89913.5521
     896.000      -89718.0871
     897.000      -89532.6370
     898.000      -89720.3210
     899.000      -89456.5056
     900.000      -89557.4992
     901.000      -89655.5674
     902.000      -89520.9153
     903.000      -89493.8114
     904.000      -89477.3028
     905.000      -89608.1403
     906.000      -89546.9048
     907.000      -89496.7695
     908.000      -89369.1253
     909.000      -89506.7689
     910.000      -89496.1779
     911.000      -89416.4000
     912.000      -89487.5327
     913.000      -89439.4667
     914.000      -89365.7946
     915.000      -89567.0308
     916.000      -89087.9750
     917.000      -89262.0991
     918.000      -89229.6379
     919.000      -89645.0643
     920.000      -89313.0430
     921.000      -89293.6239
     922.000      -89526.1456
     923.000      -89570.4468
     924.000      -89353.4746
     925.000      -89365.3085
     926.000      -89600.6542
     927.000      -89542.7501
     928.000      -89416.0399
     929.000      -89704.7404
     930.000      -89591.2097
     931.000      -89573.8651
     932.000      -89888.5844
     933.000      -89434.5513
     934.000      -89498.6514
     935.000      -89630.0799
     936.000      -89648.5582
     937.000      -89701.8089
     938.000      -89230.6528
     939.000      -89259.5812
     940.000      -89528.0526
     941.000      -89459.2323
     942.000      -89805.5067
     943.000      -89645.6852
     944.000      -89621.8822
     945.000      -89686.2963
     946.000      -89493.5126
     947.000      -89650.6819
     948.000      -89345.8775
     949.000      -89452.7215
     950.000      -89581.5094
     951.000      -89429.0649
     952.000      -89582.8668
     953.000      -89527.7271
     954.000      -89520.7506
     955.000      -89842.9416
     956.000      -89613.6707
     957.000      -89408.8630
     958.000      -89662.2431
     959.000      -89397.9202
     960.000      -89617.1998
     961.000      -89408.8967
     962.000      -89739.5022
     963.000      -89610.0029
     964.000      -89672.4756
     965.000      -89454.4353
     966.000      -89824.7943
     967.000      -89572.9170
     968.000      -89537.2984
     969.000      -89664.1463
     970.000      -89575.1557
     971.000      -89508.2622
     972.000      -89423.8211
     973.000      -89477.2976
     974.000      -89569.5839
     975.000      -89709.8096
     976.000      -89638.5405
     977.000      -89684.5647
     978.000      -89542.6774
     979.000      -89432.3877
     980.000      -89409.0946
     981.000      -89394.3435
     982.000      -89350.2793
     983.000      -89227.3784
     984.000      -89437.8585
     985.000      -89769.7328
     986.000      -89377.3759
     987.000      -89496.9927
     988.000      -89590.4557
     989.000      -89442.6926
     990.000      -89672.7451
     991.000      -89698.1507
     992.000      -89679.6897
     993.000      -89398.7339
     994.000      -89527.9874
     995.000      -89490.5454
     996.000      -89377.4042
     997.000      -89262.8977
     998.000      -89637.5841
     999.000      -89736.8062
    1000.000      -89659.0739
    1001.000      -89464.9463
    1002.000      -89608.7284
    1003.000      -89438.9321
    1004.000      -89633.4824
    1005.000      -89277.0708
    1006.000      -89503.2052
    1007.000      -89416.4949
    1008.000      -89477.6533
    1009.000      -89520.0741
    1010.000      -89399.7143
    1011.000      -89791.0476
    1012.000      -89449.6441
    1013.000      -89581.5784
    1014.000      -89398.7251
    1015.000      -89734.3308
    1016.000      -89524.5196
    1017.000      -89675.3064
    1018.000      -89768.4512
    1019.000      -89893.3624
    1020.000      -89981.0669
    1021.000      -89651.2960
    1022.000      -89377.5176
    1023.000      -89571.6249
    1024.000      -89492.2629
    1025.000      -89553.8926
    1026.000      -89597.7894
    1027.000      -89453.2745
    1028.000      -89285.8190
    1029.000      -89634.4064
    1030.000      -89537.4052
    1031.000      -89563.6679
    1032.000      -89573.5453
    1033.000      -89175.0329
    1034.000      -89743.9367
    1035.000      -89765.6855
    1036.000      -89730.8524
    1037.000      -89590.4144
    1038.000      -89529.8721
    1039.000      -89391.5333
    1040.000      -89790.2262
    1041.000      -89645.4760
    1042.000      -89586.9690
    1043.000      -89648.7471
    1044.000      -89577.3184
    1045.000      -89706.1400
    1046.000      -89638.4427
    1047.000      -89533.6663
    1048.000      -89762.6761
    1049.000      -89559.0346
    1050.000      -89452.8590
    1051.000      -89388.9026
    1052.000      -89505.3677
    1053.000      -89637.9249
    1054.000      -89501.3891
    1055.000      -89479.6681
    1056.000      -89627.4726
    1057.000      -89804.2783
    1058.000      -89928.7692
    1059.000      -89568.6918
    1060.000      -89826.5893
    1061.000      -89513.1339
    1062.000      -89607.4661
    1063.000      -89719.1415
    1064.000      -89688.2907
    1065.000      -89632.1371
    1066.000      -89858.1509
    1067.000      -89604.7996
    1068.000      -89645.5510
    1069.000      -89562.8748
    1070.000      -89674.8996
    1071.000      -89363.7401
    1072.000      -89666.1776
    1073.000      -89481.8893
    1074.000      -89665.3364
    1075.000      -89534.9933
    1076.000      -89208.3295
    1077.000      -89441.2662
    1078.000      -89509.2064
    1079.000      -89529.4351
    1080.000      -89853.0536
    1081.000      -89412.0186
    1082.000      -89701.4267
    1083.000      -89610.5143
    1084.000      -89495.0551
    1085.000      -89803.9916
    1086.000      -89494.9493
    1087.000      -89580.8362
    1088.000      -89581.8209
    1089.000      -89673.2904
    1090.000      -89504.4450
    1091.000      -89642.6466
    1092.000      -89363.0224
    1093.000      -89471.0063
    1094.000      -89593.2809
    1095.000      -89711.3822
    1096.000      -89627.1038
    1097.000      -89353.7887
    1098.000      -89403.7115
    1099.000      -89641.0470
    1100.000      -89339.3676
    1101.000      -89838.5867
    1102.000      -89589.1642
    1103.000      -89690.6366
    1104.000      -89584.7775
    1105.000      -89197.9181
    1106.000      -89686.2061
    1107.000      -89565.9189
    1108.000      -89602.2220
    1109.000      -89379.0316
    1110.000      -89708.7618
    1111.000      -89723.4093
    1112.000      -89454.5219
    1113.000      -89616.3583
    1114.000      -89864.6537
    1115.000      -89744.2672
    1116.000      -89671.5619
    1117.000      -89721.0760
    1118.000      -89624.2747
    1119.000      -89323.2599
    1120.000      -89402.7187
    1121.000      -89414.8989
    1122.000      -89633.4498
    1123.000      -89475.9807
    1124.000      -89909.1190
    1125.000      -89708.3819
    1126.000      -89675.6930
    1127.000      -89711.1912
    1128.000      -89437.8587
    1129.000      -89568.7779
    1130.000      -89594.1253
    1131.000      -89780.9408
    1132.000      -89518.6222
    1133.000      -89553.0683
    1134.000      -89265.7233
    1135.000      -89728.5354
    1136.000      -89356.8636
    1137.000      -89732.6750
    1138.000      -89735.2793
    1139.000      -89686.3201
    1140.000      -89337.7201
    1141.000      -89779.5253
    1142.000      -89618.9493
    1143.000      -89664.4732
    1144.000      -89553.4083
    1145.000      -89663.5149
    1146.000      -89604.4677
    1147.000      -89728.6581
    1148.000      -89630.4333
    1149.000      -89869.9183
    1150.000      -89754.7619
    1151.000      -89706.7621
    1152.000      -89812.3446
    1153.000      -89561.7294
    1154.000      -89638.9804
    1155.000      -89573.6472
    1156.000      -89830.1818
    1157.000      -89942.3602
    1158.000      -89543.6983
    1159.000      -89668.4072
    1160.000      -89776.1707
    1161.000      -89465.0240
    1162.000      -89762.5118
    1163.000      -89918.3076
    1164.000      -89572.8374
    1165.000      -89491.8309
    1166.000      -89492.5512
    1167.000      -89502.4542
    1168.000      -89583.8482
    1169.000      -89899.0946
    1170.000      -89641.9130
    1171.000      -89825.4416
    1172.000      -89644.8670
    1173.000      -89608.0508
    1174.000      -89692.5310
    1175.000      -89622.0719
    1176.000      -89668.4839
    1177.000      -89383.9455
    1178.000      -89605.2178
    1179.000      -89656.7040
    1180.000      -89539.0228
    1181.000      -89239.0196
    1182.000      -89653.3413
    1183.000      -89596.2921
    1184.000      -89601.4702
    1185.000      -89451.9663
    1186.000      -89523.9601
    1187.000      -89861.4633
    1188.000      -89640.4050
    1189.000      -89815.3900
    1190.000      -89690.9012
    1191.000      -89467.2641
    1192.000      -89510.7535
    1193.000      -89620.0215
    1194.000      -89435.8894
    1195.000      -89573.5584
    1196.000      -89710.4175
    1197.000      -89541.8487
    1198.000      -89405.7604
    1199.000      -89347.2913
    1200.000      -89508.3542
    1201.000      -89551.2644
    1202.000      -89706.4479
    1203.000      -89622.7578
    1204.000      -89780.0381
    1205.000      -89568.7520
    1206.000      -89595.7577
    1207.000      -89499.7500
    1208.000      -89775.6683
    1209.000      -89725.2340
    1210.000      -89479.1110
    1211.000      -89391.4892
    1212.000      -89705.3967
    1213.000      -89549.6602
    1214.000      -89563.0226
    1215.000      -90088.0854
    1216.000      -89580.2722
    1217.000      -89580.5381
    1218.000      -89620.5323
    1219.000      -89599.4858
    1220.000      -89492.1761
    1221.000      -89842.9029
    1222.000      -89703.0077
    1223.000      -89494.8121
    1224.000      -89515.0785
    1225.000      -89864.1414
    1226.000      -89632.5288
    1227.000      -89666.0329
    1228.000      -89567.9111
    1229.000      -89349.7615
    1230.000      -89614.1468
    1231.000      -89788.6672
    1232.000      -89921.2690
    1233.000      -89695.3484
    1234.000      -89701.8251
    1235.000      -89693.3351
    1236.000      -89353.0846
    1237.000      -89460.0471
    1238.000      -89639.8568
    1239.000      -89488.1628
    1240.000      -89628.5477
    1241.000      -89840.4988
    1242.000      -89711.0864
    1243.000      -89528.7500
    1244.000      -89730.0124
    1245.000      -89687.4535
    1246.000      -89436.6114
    1247.000      -89807.2346
    1248.000      -89936.5795
    1249.000      -89830.2797
    1250.000      -89793.7949
    1251.000      -89111.8481
    1252.000      -89500.6995
    1253.000      -89554.1665
    1254.000      -89823.6436
    1255.000      -89639.6801
    1256.000      -89750.7329
    1257.000      -89563.9340
    1258.000      -89500.2963
    1259.000      -89895.1947
    1260.000      -89728.0224
    1261.000      -89430.9601
    1262.000      -89526.0514
    1263.000      -89685.8417
    1264.000      -89489.1978
    1265.000      -89525.3795
    1266.000      -89636.3732
    1267.000      -89570.2433
    1268.000      -89673.1509
    1269.000      -89774.3377
    1270.000      -89860.8709
    1271.000      -89756.8829
    1272.000      -89787.1815
    1273.000      -89750.4880
    1274.000      -89789.3998
    1275.000      -89594.4094
    1276.000      -89664.3694
    1277.000      -89661.6396
    1278.000      -89516.7225
    1279.000      -89615.2150
    1280.000      -89637.5145
    1281.000      -89889.5431
    1282.000      -89897.4086
    1283.000      -89628.9609
    1284.000      -89508.3204
    1285.000      -89628.1234
    1286.000      -89715.4201
    1287.000      -89633.6684
    1288.000      -89714.9687
    1289.000      -89605.4974
    1290.000      -89753.2223
    1291.000      -89519.2959
    1292.000      -89718.4504
    1293.000      -89697.7101
    1294.000      -89524.4143
    1295.000      -89674.2927
    1296.000      -89574.3815
    1297.000      -89861.2802
    1298.000      -89545.0145
    1299.000      -89750.5825
    1300.000      -89426.9147
    1301.000      -89659.5787
    1302.000      -89491.2329
    1303.000      -89560.9629
    1304.000      -89369.9287
    1305.000      -89484.8063
    1306.000      -89658.2620
    1307.000      -89934.7307
    1308.000      -89868.8910
    1309.000      -89690.4466
    1310.000      -89649.7685
    1311.000      -89529.4947
    1312.000      -89613.5224
    1313.000      -89464.5392
    1314.000      -89616.1329
    1315.000      -89703.0677
    1316.000      -89800.7569
    1317.000      -89773.5472
    1318.000      -89436.1230
    1319.000      -89402.0376
    1320.000      -89684.5972
    1321.000      -89492.5650
    1322.000      -89544.5314
    1323.000      -89463.8621
    1324.000      -89513.6956
    1325.000      -89878.4057
    1326.000      -89505.6755
    1327.000      -89557.0189
    1328.000      -89658.3479
    1329.000      -89784.4580
    1330.000      -89911.5009
    1331.000      -89340.3337
    1332.000      -89754.3895
    1333.000      -89632.3560
    1334.000      -89767.1717
    1335.000      -89689.9929
    1336.000      -89576.6858
    1337.000      -89620.4584
    1338.000      -89529.7796
    1339.000      -89719.3522
    1340.000      -89739.1196
    1341.000      -89649.0349
    1342.000      -89798.9995
    1343.000      -89625.1778
    1344.000      -89496.8911
    1345.000      -89633.1637
    1346.000      -89676.1904
    1347.000      -89534.2240
    1348.000      -89720.2035
    1349.000      -89714.1220
    1350.000      -89784.1721
    1351.000      -89704.2720
    1352.000      -89418.1569
    1353.000      -89745.8811
    1354.000      -89874.4594
    1355.000      -89995.8512
    1356.000      -89500.3576
    1357.000      -89585.4522
    1358.000      -89631.4256
    1359.000      -89495.4958
    1360.000      -89679.0048
    1361.000      -89776.1165
    1362.000      -89568.5980
    1363.000      -89658.8674
    1364.000      -89354.7899
    1365.000      -89770.9775
    1366.000      -89669.9116
    1367.000      -89614.9470
    1368.000      -89535.4389
    1369.000      -89535.9322
    1370.000      -89890.9463
    1371.000      -89762.4063
    1372.000      -89736.0827
    1373.000      -89633.1229
    1374.000      -89985.7332
    1375.000      -89697.0999
    1376.000      -89548.4499
    1377.000      -89781.5871
    1378.000      -89607.8442
    1379.000      -89632.8415
    1380.000      -89659.5037
    1381.000      -89669.8631
    1382.000      -89793.5644
    1383.000      -89664.0890
    1384.000      -89722.6402
    1385.000      -89774.0528
    1386.000      -89968.3622
    1387.000      -89312.5147
    1388.000      -89740.1213
    1389.000      -89612.5427
    1390.000      -89772.6964
    1391.000      -89586.0221
    1392.000      -89608.6548
    1393.000      -89657.9391
    1394.000      -89505.2032
    1395.000      -89667.2613
    1396.000      -89581.1088
    1397.000      -89663.3386
    1398.000      -89662.3532
    1399.000      -89618.2860
    1400.000      -89684.3886
    1401.000      -89510.6888
    1402.000      -89536.0246
    1403.000      -89465.0624
    1404.000      -89402.0861
    1405.000      -89693.8175
    1406.000      -89660.1641
    1407.000      -89623.1009
    1408.000      -89839.6376
    1409.000      -89736.9083
    1410.000      -89613.2135
    1411.000      -89796.3185
    1412.000      -89645.0933
    1413.000      -89770.2613
    1414.000      -89662.7546
    1415.000      -89681.3473
    1416.000      -89933.4249
    1417.000      -89518.1903
    1418.000      -89459.0815
    1419.000      -89748.8506
    1420.000      -89589.3857
    1421.000      -89693.2882
    1422.000      -89893.0005
    1423.000      -89492.9376
    1424.000      -89596.7675
    1425.000      -89764.0448
    1426.000      -89777.2525
    1427.000      -89482.2631
    1428.000      -89484.7950
    1429.000      -89642.4138
    1430.000      -89856.4925
    1431.000      -89617.4270
    1432.000      -89964.0281
    1433.000      -89620.0538
    1434.000      -89566.4833
    1435.000      -89519.7292
    1436.000      -89768.4913
    1437.000      -89611.7379
    1438.000      -89453.0670
    1439.000      -89717.1623
    1440.000      -89735.6957
    1441.000      -89923.2728
    1442.000      -89880.7210
    1443.000      -90012.3958
    1444.000      -89650.5070
    1445.000      -89803.6388
    1446.000      -89517.3528
    1447.000      -89659.7510
    1448.000      -89832.5985
    1449.000      -89479.2573
    1450.000      -89636.8649
    1451.000      -89358.1333
    1452.000      -89623.5068
    1453.000      -89758.3868
    1454.000      -89726.4288
    1455.000      -89734.0835
    1456.000      -89986.4410
    1457.000      -89614.2904
    1458.000      -89702.7261
    1459.000      -89575.2941
    1460.000      -89567.4464
    1461.000      -89535.0703
    1462.000      -89580.1951
    1463.000      -89447.8285
    1464.000      -89820.3357
    1465.000      -89636.3372
    1466.000      -89621.1453
    1467.000      -89706.7156
    1468.000      -89932.0725
    1469.000      -89738.6619
    1470.000      -89921.0840
    1471.000      -89648.1128
    1472.000      -89602.5374
    1473.000      -89562.8357
    1474.000      -89463.9031
    1475.000      -89708.6669
    1476.000      -89576.7511
    1477.000      -89552.6645
    1478.000      -89782.3750
    1479.000      -89631.4523
    1480.000      -89696.5549
    1481.000      -89645.5680
    1482.000      -89683.0654
    1483.000      -89698.0528
    1484.000      -89499.8903
    1485.000      -89527.6340
    1486.000      -89446.7741
    1487.000      -89510.0596
    1488.000      -89746.1323
    1489.000      -89796.3926
    1490.000      -89988.9330
    1491.000      -90004.1020
    1492.000      -89961.4349
    1493.000      -89607.6838
    1494.000      -89644.0211
    1495.000      -89868.1594
    1496.000      -89583.8043
    1497.000      -89676.8778
    1498.000      -89711.7167
    1499.000      -89679.8258
    1500.000      -89906.1057
    1501.000      -89656.5636
    1502.000      -89824.2607
    1503.000      -89686.6517
    1504.000      -89672.3967
    1505.000      -89661.7693
    1506.000      -89777.9813
    1507.000      -89760.0507
    1508.000      -89816.1516
    1509.000      -89648.2128
    1510.000      -89731.9930
    1511.000      -89760.0939
    1512.000      -89855.2803
    1513.000      -89666.6328
    1514.000      -89681.7701
    1515.000      -89618.6025
    1516.000      -89680.1400
    1517.000      -89833.9785
    1518.000      -89778.7863
    1519.000      -89789.1808
    1520.000      -89975.2968
    1521.000      -89562.1001
    1522.000      -89853.7680
    1523.000      -89819.8951
    1524.000      -89754.5407
    1525.000      -89771.2297
    1526.000      -89615.5392
    1527.000      -89781.8799
    1528.000      -89625.0123
    1529.000      -89651.8625
    1530.000      -89376.2824
    1531.000      -89531.5554
    1532.000      -89384.2284
    1533.000      -89533.6421
    1534.000      -89313.2254
    1535.000      -89820.5549
    1536.000      -89894.8179
    1537.000      -89992.1894
    1538.000      -89691.8273
    1539.000      -89674.8355
    1540.000      -89673.6455
    1541.000      -89917.7463
    1542.000      -89668.5324
    1543.000      -89960.5531
    1544.000      -89579.2094
    1545.000      -89520.0964
    1546.000      -89840.0654
    1547.000      -89834.3116
    1548.000      -89745.7875
    1549.000      -89744.6006
    1550.000      -89596.3064
    1551.000      -89804.6352
    1552.000      -89669.9004
    1553.000      -89698.6573
    1554.000      -89663.6074
    1555.000      -89839.1141
    1556.000      -89918.8324
    1557.000      -89640.4561
    1558.000      -89753.4458
    1559.000      -89965.3393
    1560.000      -89627.7247
    1561.000      -89659.2927
    1562.000      -89878.2264
    1563.000      -90069.2031
    1564.000      -89735.8705
    1565.000      -89917.3711
    1566.000      -89737.8075
    1567.000      -89768.4215
    1568.000      -89446.9204
    1569.000      -89460.3165
    1570.000      -90024.0645
    1571.000      -89725.6398
    1572.000      -89705.9810
    1573.000      -89671.3360
    1574.000      -89669.1370
    1575.000      -89603.3511
    1576.000      -89846.6019
    1577.000      -89874.1071
    1578.000      -89678.2274
    1579.000      -89437.6601
    1580.000      -89639.1351
    1581.000      -89764.0861
    1582.000      -89716.9657
    1583.000      -89610.4635
    1584.000      -89931.6261
    1585.000      -89638.0783
    1586.000      -89507.7407
    1587.000      -89591.6543
    1588.000      -89700.2833
    1589.000      -89821.7825
    1590.000      -89927.6230
    1591.000      -89919.5157
    1592.000      -89797.6795
    1593.000      -89942.4869
    1594.000      -89945.4527
    1595.000      -89601.0995
    1596.000      -89849.6086
    1597.000      -89803.4903
    1598.000      -89709.5897
    1599.000      -89864.6775
    1600.000      -89752.2307
    1601.000      -89403.3291
    1602.000      -89911.0407
    1603.000      -89757.9736
    1604.000      -89802.3920
    1605.000      -89888.0859
    1606.000      -89635.1941
    1607.000      -89700.9471
    1608.000      -89711.5855
    1609.000      -89639.1832
    1610.000      -89657.3730
    1611.000      -89672.3965
    1612.000      -89684.0318
    1613.000      -89804.1350
    1614.000      -89879.4156
    1615.000      -89744.4223
    1616.000      -89611.0348
    1617.000      -89764.3836
    1618.000      -89645.4014
    1619.000      -89650.4668
    1620.000      -89703.6833
    1621.000      -89746.0001
    1622.000      -89547.8518
    1623.000      -89614.9283
    1624.000      -89890.4884
    1625.000      -89647.8370
    1626.000      -89725.5528
    1627.000      -89474.1910
    1628.000      -89750.5334
    1629.000      -89820.9999
    1630.000      -89685.2639
    1631.000      -89630.8659
    1632.000      -89498.1082
    1633.000      -89234.2321
    1634.000      -89689.6769
    1635.000      -89730.5273
    1636.000      -89461.6139
    1637.000      -89703.1865
    1638.000      -89956.8446
    1639.000      -89586.9650
    1640.000      -89923.6603
    1641.000      -89890.8585
    1642.000      -89993.1839
    1643.000      -89921.7621
    1644.000      -90026.9260
    1645.000      -90001.9176
    1646.000      -89754.4057
    1647.000      -89571.3013
    1648.000      -89716.5377
    1649.000      -90043.5011
    1650.000      -89512.5469
    1651.000      -89890.2415
    1652.000      -89811.8553
    1653.000      -89848.9398
    1654.000      -89863.5830
    1655.000      -89821.3836
    1656.000      -89765.1378
    1657.000      -89812.9351
    1658.000      -89909.5607
    1659.000      -89741.1228
    1660.000      -89623.8233
    1661.000      -89675.3800
    1662.000      -89905.7275
    1663.000      -90037.3633
    1664.000      -89863.8363
    1665.000      -89843.4729
    1666.000      -90030.8768
    1667.000      -89659.3155
    1668.000      -89657.0456
    1669.000      -89499.7679
    1670.000      -89963.2712
    1671.000      -89665.3063
    1672.000      -89915.2727
    1673.000      -89738.6058
    1674.000      -89768.9989
    1675.000      -89936.9392
    1676.000      -89873.2488
    1677.000      -89808.2132
    1678.000      -89683.0209
    1679.000      -89388.5856
    1680.000      -89651.7819
    1681.000      -89875.7583
    1682.000      -89804.8572
    1683.000      -89805.4401
    1684.000      -89672.0343
    1685.000      -89775.0453
    1686.000      -89737.2048
    1687.000      -89849.7495
    1688.000      -89603.1621
    1689.000      -89742.2370
    1690.000      -89586.2286
    1691.000      -89805.2820
    1692.000      -89734.9622
    1693.000      -89593.9616
    1694.000      -89546.1774
    1695.000      -89674.9234
    1696.000      -89816.9625
    1697.000      -90146.7798
    1698.000      -90137.9206
    1699.000      -89826.0846
    1700.000      -89569.6974
    1701.000      -89798.4446
    1702.000      -89489.1822
    1703.000      -89511.7917
    1704.000      -89669.1476
    1705.000      -89480.6492
    1706.000      -89807.8221
    1707.000      -89961.9228
    1708.000      -89860.2668
    1709.000      -89701.5354
    1710.000      -89487.9182
    1711.000      -89743.3987
    1712.000      -89924.1298
    1713.000      -89670.9928
    1714.000      -89859.7837
    1715.000      -89556.2484
    1716.000      -89792.1512
    1717.000      -89932.7787
    1718.000      -89763.3666
    1719.000      -89701.6438
    1720.000      -89716.4207
    1721.000      -89642.8337
    1722.000      -89568.5927
    1723.000      -89768.5629
    1724.000      -89752.4327
    1725.000      -89916.9264
    1726.000      -89881.8194
    1727.000      -89902.7635
    1728.000      -89865.7361
    1729.000      -89910.8227
    1730.000      -89483.6761
    1731.000      -89603.0246
    1732.000      -89974.2787
    1733.000      -89586.0692
    1734.000      -89789.4325
    1735.000      -89821.6210
    1736.000      -89715.8928
    1737.000      -89798.6077
    1738.000      -89726.5771
    1739.000      -89560.6896
    1740.000      -89749.6647
    1741.000      -89596.6273
    1742.000      -89698.8938
    1743.000      -89565.5056
    1744.000      -89659.8984
    1745.000      -89945.7021
    1746.000      -89820.3559
    1747.000      -89726.8163
    1748.000      -89825.6987
    1749.000      -89892.5970
    1750.000      -89713.8800
    1751.000      -90109.4819
    1752.000      -89728.0330
    1753.000      -89808.7328
    1754.000      -89708.9770
    1755.000      -90028.5040
    1756.000      -90105.0942
    1757.000      -89963.1041
    1758.000      -89668.9306
    1759.000      -89991.8863
    1760.000      -89846.7451
    1761.000      -89804.2564
    1762.000      -89846.0056
    1763.000      -89638.4861
    1764.000      -89504.7385
    1765.000      -89580.9309
    1766.000      -89777.2627
    1767.000      -89838.4721
    1768.000      -89622.2827
    1769.000      -89741.1825
    1770.000      -89826.0061
    1771.000      -89951.9720
    1772.000      -90076.3577
    1773.000      -89863.4041
    1774.000      -89758.9538
    1775.000      -89550.6148
    1776.000      -89772.9252
    1777.000      -89740.9190
    1778.000      -89852.2933
    1779.000      -89627.7229
    1780.000      -89916.4217
    1781.000      -89737.2894
    1782.000      -89979.8958
    1783.000      -89868.5835
    1784.000      -89922.2220
    1785.000      -89994.7287
    1786.000      -89830.2145
    1787.000      -89768.0239
    1788.000      -89858.6995
    1789.000      -89735.8110
    1790.000      -89864.5781
    1791.000      -89571.2711
    1792.000      -89920.6790
    1793.000      -89945.2795
    1794.000      -90035.6606
    1795.000      -89691.6369
    1796.000      -89899.3315
    1797.000      -89845.2671
    1798.000      -89815.1855
    1799.000      -89864.4211
    1800.000      -89752.7618
    1801.000      -89933.5360
    1802.000      -89827.9164
    1803.000      -90000.9805
    1804.000      -89733.9913
    1805.000      -89709.8103
    1806.000      -89808.9689
    1807.000      -89874.8243
    1808.000      -89724.6075
    1809.000      -89801.0459
    1810.000      -89979.4484
    1811.000      -89790.5304
    1812.000      -89878.9135
    1813.000      -89808.2627
    1814.000      -89679.6618
    1815.000      -89825.1660
    1816.000      -89851.2618
    1817.000      -89777.9081
    1818.000      -89892.0009
    1819.000      -89817.1710
    1820.000      -89857.9048
    1821.000      -89978.8743
    1822.000      -89923.4913
    1823.000      -89603.1302
    1824.000      -89526.7011
    1825.000      -89887.9414
    1826.000      -89709.9707
    1827.000      -89671.3702
    1828.000      -89698.3669
    1829.000      -89764.3769
    1830.000      -89640.3237
    1831.000      -89513.7066
    1832.000      -89939.8407
    1833.000      -89797.3714
    1834.000      -89737.0323
    1835.000      -89745.4573
    1836.000      -89453.2660
    1837.000      -90025.7526
    1838.000      -89925.9149
    1839.000      -89624.6940
    1840.000      -89979.5947
    1841.000      -89657.9874
    1842.000      -89935.3530
    1843.000      -89701.2836
    1844.000      -89984.0627
    1845.000      -89686.4663
    1846.000      -89700.2650
    1847.000      -90230.9344
    1848.000      -89989.1925
    1849.000      -89971.6656
    1850.000      -89940.0538
    1851.000      -89888.3201
    1852.000      -89739.7969
    1853.000      -89752.0717
    1854.000      -89869.4931
    1855.000      -89819.2684
    1856.000      -89616.9509
    1857.000      -89599.9576
    1858.000      -89634.0682
    1859.000      -89678.4218
    1860.000      -89961.7405
    1861.000      -89879.0426
    1862.000      -89893.1932
    1863.000      -89818.8031
    1864.000      -89773.8204
    1865.000      -89879.8190
    1866.000      -89827.1372
    1867.000      -89965.1130
    1868.000      -89638.1966
    1869.000      -89968.6881
    1870.000      -89621.2489
    1871.000      -89742.7551
    1872.000      -89714.5350
    1873.000      -89823.1321
    1874.000      -89843.8584
    1875.000      -89877.3057
    1876.000      -89628.7578
    1877.000      -89595.4051
    1878.000      -89639.6850
    1879.000      -89669.3410
    1880.000      -89822.7689
    1881.000      -89881.4984
    1882.000      -89998.5046
    1883.000      -89717.6466
    1884.000      -89732.8208
    1885.000      -90059.9491
    1886.000      -89933.3783
    1887.000      -89881.4464
    1888.000      -89545.3154
    1889.000      -89764.2371
    1890.000      -89878.7179
    1891.000      -89756.6625
    1892.000      -89693.8627
    1893.000      -89636.2131
    1894.000      -90202.8911
    1895.000      -90005.4210
    1896.000      -89811.8344
    1897.000      -89598.6242
    1898.000      -89986.8759
    1899.000      -89908.5616
    1900.000      -89841.7310
    1901.000      -89885.7162
    1902.000      -89693.3027
    1903.000      -89562.5336
    1904.000      -89578.3051
    1905.000      -89750.1331
    1906.000      -89861.2943
    1907.000      -89779.1949
    1908.000      -89782.7663
    1909.000      -89957.8579
    1910.000      -89987.3189
    1911.000      -89867.3885
    1912.000      -89910.1540
    1913.000      -89865.2183
    1914.000      -89918.4961
    1915.000      -89818.6428
    1916.000      -89908.8229
    1917.000      -89741.3053
    1918.000      -89727.3619
    1919.000      -89705.4944
    1920.000      -89738.9318
    1921.000      -89786.7123
    1922.000      -89828.4767
    1923.000      -89803.9836
    1924.000      -89959.3975
    1925.000      -89907.2895
    1926.000      -89701.1747
    1927.000      -89859.1958
    1928.000      -89688.9047
    1929.000      -89634.7601
    1930.000      -89790.6617
    1931.000      -89777.5919
    1932.000      -90011.7636
    1933.000      -89716.2788
    1934.000      -89880.4707
    1935.000      -89700.9971
    1936.000      -89659.7524
    1937.000      -89827.4030
    1938.000      -89876.8774
    1939.000      -89881.9232
    1940.000      -89851.7713
    1941.000      -89917.2104
    1942.000      -90007.9981
    1943.000      -89702.1907
    1944.000      -89885.1057
    1945.000      -89630.5171
    1946.000      -89638.5182
    1947.000      -89833.0978
    1948.000      -89934.5829
    1949.000      -89772.4077
    1950.000      -89675.6565
    1951.000      -89806.7847
    1952.000      -90013.2049
    1953.000      -89888.1300
    1954.000      -89860.4638
    1955.000      -89811.6636
    1956.000      -89546.5452
    1957.000      -89900.6450
    1958.000      -89651.6134
    1959.000      -89682.8969
    1960.000      -89758.9594
    1961.000      -89838.7625
    1962.000      -89736.8272
    1963.000      -89649.6486
    1964.000      -89862.0893
    1965.000      -89764.8937
    1966.000      -89784.6586
    1967.000      -90092.6185
    1968.000      -89535.4659
    1969.000      -89922.5456
    1970.000      -89897.3700
    1971.000      -89727.9307
    1972.000      -90228.5915
    1973.000      -89844.5719
    1974.000      -90112.5857
    1975.000      -89974.7307
    1976.000      -89909.1879
    1977.000      -89709.7323
    1978.000      -89716.4514
    1979.000      -89788.5575
    1980.000      -89954.3375
    1981.000      -89978.7484
    1982.000      -89815.3096
    1983.000      -89729.1697
    1984.000      -89669.8633
    1985.000      -89801.7073
    1986.000      -89964.2762
    1987.000      -89971.5927
    1988.000      -89981.9647
    1989.000      -89808.6487
    1990.000      -89898.6753
    1991.000      -89686.4826
    1992.000      -89864.9587
    1993.000      -90073.7385
    1994.000      -89856.6023
    1995.000      -89861.2543
    1996.000      -89804.7515
    1997.000      -89909.6264
    1998.000      -89685.4270
    1999.000      -89902.2981
    2000.000      -89658.5255
    2001.000      -89715.1087
    2002.000      -89810.7374
    2003.000      -89733.2309
    2004.000      -89856.4446
    2005.000      -90071.7502
    2006.000      -89903.4872
    2007.000      -89796.5454
    2008.000      -90125.1273
    2009.000      -89650.0302
    2010.000      -89662.7211
    2011.000      -90053.2414
    2012.000      -89898.7317
    2013.000      -89875.9831
    2014.000      -89783.3101
    2015.000      -89799.3844
    2016.000      -90003.5069
    2017.000      -89672.9565
    2018.000      -89819.5112
    2019.000      -89889.4550
    2020.000      -89683.7125
    2021.000      -89690.9249
    2022.000      -89852.1903
    2023.000      -89889.3963
    2024.000      -89918.7066
    2025.000      -89999.0074
    2026.000      -89865.0778
    2027.000      -89547.2045
    2028.000      -89682.5268
    2029.000      -89493.3642
    2030.000      -90056.3928
    2031.000      -89457.2119
    2032.000      -89438.1865
    2033.000      -89999.8940
    2034.000      -89810.5443
    2035.000      -89735.7074
    2036.000      -89783.0612
    2037.000      -89814.7082
    2038.000      -89738.1624
    2039.000      -89804.9431
    2040.000      -89761.0439
    2041.000      -90001.2651
    2042.000      -89893.8717
    2043.000      -89732.6193
    2044.000      -89759.0477
    2045.000      -90024.2030
    2046.000      -89810.3290
    2047.000      -89997.2489
    2048.000      -89866.0351
    2049.000      -89833.9924
    2050.000      -89645.9994
    2051.000      -89757.0333
    2052.000      -89906.0944
    2053.000      -89754.9970
    2054.000      -89917.5681
    2055.000      -89765.5186
    2056.000      -89774.6234
    2057.000      -89946.0382
    2058.000      -90127.9855
    2059.000      -89605.8370
    2060.000      -90030.0537
    2061.000      -90147.7704
    2062.000      -90049.0726
    2063.000      -89919.3415
    2064.000      -89935.7431
    2065.000      -89592.2429
    2066.000      -89783.0929
    2067.000      -90087.7041
    2068.000      -90052.3459
    2069.000      -89907.9589
    2070.000      -89830.9153
    2071.000      -89658.3245
    2072.000      -89736.6275
    2073.000      -90079.1481
    2074.000      -90029.1453
    2075.000      -89664.5662
    2076.000      -89575.4272
    2077.000      -89812.2328
    2078.000      -89808.1243
    2079.000      -89965.9732
    2080.000      -89683.2401
    2081.000      -89735.8096
    2082.000      -89972.0793
    2083.000      -89800.6761
    2084.000      -89933.9465
    2085.000      -89675.5746
    2086.000      -89610.4270
    2087.000      -89763.2482
    2088.000      -89742.0392
    2089.000      -89869.1749
    2090.000      -89915.3590
    2091.000      -89696.2503
    2092.000      -89797.2666
    2093.000      -89719.4174
    2094.000      -89785.5145
    2095.000      -89685.6877
    2096.000      -89777.4679
    2097.000      -89795.4785
    2098.000      -89833.5598
    2099.000      -89669.5870
    2100.000      -90114.5299
    2101.000      -89917.1395
    2102.000      -89979.7461
    2103.000      -90060.8812
    2104.000      -90162.6150
    2105.000      -89979.8931
    2106.000      -90020.9454
    2107.000      -89898.3007
    2108.000      -89807.7435
    2109.000      -90033.6690
    2110.000      -89860.8246
    2111.000      -89888.7625
    2112.000      -89730.9247
    2113.000      -89952.0209
    2114.000      -89761.2009
    2115.000      -89729.3403
    2116.000      -90065.7694
    2117.000      -90057.7930
    2118.000      -89744.2020
    2119.000      -90028.5677
    2120.000      -89924.3290
    2121.000      -89858.4174
    2122.000      -89853.7496
    2123.000      -89731.9594
    2124.000      -89751.6395
    2125.000      -90023.1405
    2126.000      -89935.8614
    2127.000      -89877.5807
    2128.000      -89728.4035
    2129.000      -89913.3968
    2130.000      -89866.0319
    2131.000      -89750.4842
    2132.000      -89819.3507
    2133.000      -90021.7263
    2134.000      -89961.0785
    2135.000      -90141.3311
    2136.000      -89821.5012
    2137.000      -89869.1509
    2138.000      -89870.0410
    2139.000      -89921.5014
    2140.000      -89976.2577
    2141.000      -89921.8095
    2142.000      -90171.5198
    2143.000      -89751.2709
    2144.000      -89995.1383
    2145.000      -89869.5328
    2146.000      -89878.3040
    2147.000      -89660.6479
    2148.000      -89699.9346
    2149.000      -89988.7579
    2150.000      -90022.4785
    2151.000      -90045.5967
    2152.000      -90070.4050
    2153.000      -89928.7140
    2154.000      -89996.6087
    2155.000      -90077.1288
    2156.000      -90027.9818
    2157.000      -89874.3565
    2158.000      -90043.4859
    2159.000      -89757.2392
    2160.000      -89958.2915
    2161.000      -89904.8040
    2162.000      -90068.8374
    2163.000      -90024.0528
    2164.000      -89972.5847
    2165.000      -89956.7622
    2166.000      -90058.4650
    2167.000      -90163.8426
    2168.000      -89815.6946
    2169.000      -90021.5423
    2170.000      -89895.6338
    2171.000      -90002.7122
    2172.000      -89637.5319
    2173.000      -89865.4331
    2174.000      -89779.7317
    2175.000      -89841.8532
    2176.000      -89898.6287
    2177.000      -89864.7790
    2178.000      -89823.4624
    2179.000      -89799.4593
    2180.000      -89860.6626
    2181.000      -89636.1117
    2182.000      -89694.0581
    2183.000      -89923.8269
    2184.000      -89973.1850
    2185.000      -89802.2987
    2186.000      -89931.9573
    2187.000      -89851.0111
    2188.000      -90075.8181
    2189.000      -90094.0118
    2190.000      -89770.2350
    2191.000      -89797.6010
    2192.000      -89798.0921
    2193.000      -89808.0463
    2194.000      -90086.1990
    2195.000      -89922.6010
    2196.000      -89782.8282
    2197.000      -90037.1377
    2198.000      -89999.8996
    2199.000      -90024.1843
    2200.000      -89781.9122
    2201.000      -89968.8325
    2202.000      -90036.2006
    2203.000      -89770.8525
    2204.000      -89731.3513
    2205.000      -89865.8651
    2206.000      -89767.1747
    2207.000      -90126.1079
    2208.000      -89925.8686
    2209.000      -89622.1442
    2210.000      -89858.2819
    2211.000      -89996.7999
    2212.000      -89796.9164
    2213.000      -90017.5622
    2214.000      -89814.8874
    2215.000      -89791.0595
    2216.000      -89694.2540
    2217.000      -89819.8427
    2218.000      -89983.0596
    2219.000      -89892.9774
    2220.000      -90008.2105
    2221.000      -89663.4313
    2222.000      -89927.8706
    2223.000      -89872.9429
    2224.000      -90238.1107
    2225.000      -89951.5735
    2226.000      -89940.5433
    2227.000      -89893.2762
    2228.000      -90063.6372
    2229.000      -89942.9517
    2230.000      -89831.6561
    2231.000      -90193.5631
    2232.000      -89974.9825
    2233.000      -89618.9319
    2234.000      -89819.3936
    2235.000      -89741.3404
    2236.000      -89858.2725
    2237.000      -90055.1661
    2238.000      -89849.7100
    2239.000      -89917.8895
    2240.000      -89848.4991
    2241.000      -89835.3448
    2242.000      -89905.7323
    2243.000      -90068.0776
    2244.000      -90021.5919
    2245.000      -89987.5722
    2246.000      -89883.3754
    2247.000      -90008.8869
    2248.000      -89840.6176
    2249.000      -89952.2805
    2250.000      -89862.8277
    2251.000      -89830.3973
    2252.000      -89785.9510
    2253.000      -90049.0099
    2254.000      -89579.0694
    2255.000      -89669.2466
    2256.000      -90002.6458
    2257.000      -89745.3902
    2258.000      -89734.5718
    2259.000      -90090.9011
    2260.000      -89784.8331
    2261.000      -89824.4475
    2262.000      -89935.5763
    2263.000      -89919.7479
    2264.000      -90191.1510
    2265.000      -89817.9637
    2266.000      -89883.0768
    2267.000      -89857.8190
    2268.000      -90132.5076
    2269.000      -89862.4222
    2270.000      -89894.4478
    2271.000      -89616.7790
    2272.000      -89830.3119
    2273.000      -89847.7743
    2274.000      -89859.1723
    2275.000      -89947.6187
    2276.000      -90006.6802
    2277.000      -90036.0478
    2278.000      -90063.1401
    2279.000      -89913.0752
    2280.000      -89783.8352
    2281.000      -89692.4577
    2282.000      -89964.3091
    2283.000      -89996.2287
    2284.000      -89875.6384
    2285.000      -89816.3252
    2286.000      -89883.9403
    2287.000      -89705.0220
    2288.000      -89559.1424
    2289.000      -89692.2875
    2290.000      -89950.2877
    2291.000      -90147.9446
    2292.000      -89633.6495
    2293.000      -89859.2497
    2294.000      -89948.8080
    2295.000      -89932.1479
    2296.000      -89925.7191
    2297.000      -90133.8954
    2298.000      -89859.5177
    2299.000      -89830.8333
    2300.000      -89631.0895
    2301.000      -90011.3594
    2302.000      -90082.5564
    2303.000      -89845.5531
    2304.000      -89809.8004
    2305.000      -89768.9730
    2306.000      -89944.8448
    2307.000      -89771.9525
    2308.000      -89775.9375
    2309.000      -89658.3855
    2310.000      -90101.0764
    2311.000      -89808.1733
    2312.000      -90029.2801
    2313.000      -89734.5205
    2314.000      -90017.6413
    2315.000      -90023.1762
    2316.000      -89934.4108
    2317.000      -89914.2984
    2318.000      -89847.4722
    2319.000      -89853.7351
    2320.000      -89774.0994
    2321.000      -89802.2321
    2322.000      -89950.6847
    2323.000      -89874.5174
    2324.000      -89998.5243
    2325.000      -89904.4904
    2326.000      -89783.7862
    2327.000      -89804.9328
    2328.000      -89747.4135
    2329.000      -89947.1967
    2330.000      -89979.4294
    2331.000      -90170.1445
    2332.000      -89735.4407
    2333.000      -89530.6724
    2334.000      -89640.3349
    2335.000      -89772.5276
    2336.000      -90034.7530
    2337.000      -90035.6512
    2338.000      -89873.7920
    2339.000      -89660.2283
    2340.000      -89902.1526
    2341.000      -89956.3746
    2342.000      -89860.0773
    2343.000      -90217.7585
    2344.000      -89784.2551
    2345.000      -89933.5465
    2346.000      -89533.2494
    2347.000      -89894.6586
    2348.000      -89844.2875
    2349.000      -90064.0199
    2350.000      -90086.6186
    2351.000      -89882.0600
    2352.000      -89666.2198
    2353.000      -89715.7502
    2354.000      -89787.8125
    2355.000      -89895.0794
    2356.000      -89823.3129
    2357.000      -90005.2746
    2358.000      -89897.6210
    2359.000      -89663.5624
    2360.000      -90051.2869
    2361.000      -89797.1640
    2362.000      -90040.7073
    2363.000      -89861.8290
    2364.000      -90007.8397
    2365.000      -89740.7780
    2366.000      -89935.0309
    2367.000      -90109.3248
    2368.000      -89876.0944
    2369.000      -89830.7331
    2370.000      -89859.5440
    2371.000      -89810.7285
    2372.000      -89950.2928
    2373.000      -89974.3951
    2374.000      -90075.2093
    2375.000      -89909.8907
    2376.000      -89912.6525
    2377.000      -89881.9334
    2378.000      -89926.2360
    2379.000      -89942.6130
    2380.000      -89792.3711
    2381.000      -89549.3375
    2382.000      -89866.2414
    2383.000      -89894.6434
    2384.000      -89927.5516
    2385.000      -89929.0824
    2386.000      -89791.6713
    2387.000      -89555.0193
    2388.000      -89776.2834
    2389.000      -89989.7168
    2390.000      -90004.4548
    2391.000      -89919.3785
    2392.000      -90071.8543
    2393.000      -89720.3062
    2394.000      -89761.9135
    2395.000      -89715.7428
    2396.000      -89718.5929
    2397.000      -89831.9107
    2398.000      -89850.9776
    2399.000      -89723.8648
    2400.000      -90181.4838
    2401.000      -90204.4377
    2402.000      -89809.2620
    2403.000      -89943.7488
    2404.000      -89628.7760
    2405.000      -89782.2416
    2406.000      -89760.8768
    2407.000      -89554.3344
    2408.000      -89790.4033
    2409.000      -89829.8502
    2410.000      -89667.1366
    2411.000      -89791.9104
    2412.000      -89879.7791
    2413.000      -89613.6320
    2414.000      -89826.1424
    2415.000      -89879.6484
    2416.000      -89704.1904
    2417.000      -89971.3153
    2418.000      -89890.7730
    2419.000      -90120.3386
    2420.000      -89841.4293
    2421.000      -90033.6512
    2422.000      -89699.7190
    2423.000      -89965.9961
    2424.000      -89869.9492
    2425.000      -89815.9887
    2426.000      -89654.6063
    2427.000      -90149.0162
    2428.000      -90046.9894
    2429.000      -89957.3634
    2430.000      -89925.1492
    2431.000      -89691.7651
    2432.000      -89717.5095
    2433.000      -89822.2746
    2434.000      -89858.4056
    2435.000      -90131.8841
    2436.000      -90008.5272
    2437.000      -89924.5132
    2438.000      -89830.6101
    2439.000      -90110.0726
    2440.000      -89920.5460
    2441.000      -89999.1147
    2442.000      -90042.9628
    2443.000      -90131.3808
    2444.000      -89902.2724
    2445.000      -90196.8955
    2446.000      -89910.5264
    2447.000      -89744.0072
    2448.000      -89664.8268
    2449.000      -89944.3194
    2450.000      -89948.4752
    2451.000      -90038.7947
    2452.000      -89925.7109
    2453.000      -89960.6472
    2454.000      -90108.2723
    2455.000      -89860.0439
    2456.000      -89859.1031
    2457.000      -89887.7088
    2458.000      -89852.8040
    2459.000      -89912.3856
    2460.000      -89793.3618
    2461.000      -89970.8159
    2462.000      -89987.3691
    2463.000      -89784.7673
    2464.000      -89700.4345
    2465.000      -89846.0492
    2466.000      -90183.7283
    2467.000      -89947.3782
    2468.000      -89835.9096
    2469.000      -89825.8217
    2470.000      -89755.8172
    2471.000      -89810.4102
    2472.000      -89974.9230
    2473.000      -89763.8353
    2474.000      -89482.6439
    2475.000      -89927.9091
    2476.000      -89823.7859
    2477.000      -89953.6741
    2478.000      -89839.1527
    2479.000      -89702.1183
    2480.000      -89896.1400
    2481.000      -89705.2623
    2482.000      -89814.4601
    2483.000      -89756.2369
    2484.000      -89594.0853
    2485.000      -89936.4817
    2486.000      -89809.8248
    2487.000      -89857.8952
    2488.000      -89867.8754
    2489.000      -89996.2725
    2490.000      -89843.3184
    2491.000      -90004.6362
    2492.000      -90068.2825
    2493.000      -89860.8270
    2494.000      -89874.2369
    2495.000      -90049.7792
    2496.000      -89831.2406
    2497.000      -89914.0657
    2498.000      -90046.6979
    2499.000      -89733.1362
    2500.000      -89792.2475
    2501.000      -89761.8807
    2502.000      -89603.4552
    2503.000      -89823.3069
    2504.000      -89943.4874
    2505.000      -89797.0553
    2506.000      -89847.6771
    2507.000      -89704.4681
    2508.000      -90137.4217
    2509.000      -89962.5617
    2510.000      -89695.5808
    2511.000      -89671.6102
    2512.000      -89785.8421
    2513.000      -89904.3071
    2514.000      -89912.7344
    2515.000      -90011.4842
    2516.000      -89865.3378
    2517.000      -89752.8294
    2518.000      -90135.0493
    2519.000      -89857.3797
    2520.000      -90010.6552
    2521.000      -89644.2990
    2522.000      -89882.0818
    2523.000      -89900.0138
    2524.000      -90036.7472
    2525.000      -89781.3506
    2526.000      -89972.5874
    2527.000      -89901.0110
    2528.000      -89760.4510
    2529.000      -89695.9323
    2530.000      -89722.2468
    2531.000      -89854.6331
    2532.000      -90164.8206
    2533.000      -90031.0747
    2534.000      -89891.6179
    2535.000      -89915.1831
    2536.000      -89655.1303
    2537.000      -89961.0318
    2538.000      -89904.9407
    2539.000      -89757.1450
    2540.000      -89546.2330
    2541.000      -89955.1222
    2542.000      -89632.5649
    2543.000      -89875.7303
    2544.000      -89783.1661
    2545.000      -89862.9414
    2546.000      -89816.3878
    2547.000      -89735.8105
    2548.000      -89757.2322
    2549.000      -89917.6122
    2550.000      -89877.4128
    2551.000      -89981.9690
    2552.000      -89891.2923
    2553.000      -89780.4736
    2554.000      -90082.1588
    2555.000      -89696.0310
    2556.000      -90073.3643
    2557.000      -90030.7509
    2558.000      -89934.8403
    2559.000      -90039.9676
    2560.000      -89924.7697
    2561.000      -89813.4835
    2562.000      -90014.0981
    2563.000      -89937.9438
    2564.000      -89744.5767
    2565.000      -89903.3377
    2566.000      -90047.2489
    2567.000      -89742.9134
    2568.000      -89810.0301
    2569.000      -90166.5557
    2570.000      -89600.5105
    2571.000      -89755.5417
    2572.000      -90077.9921
    2573.000      -90032.5568
    2574.000      -89803.1265
    2575.000      -89929.0606
    2576.000      -90067.5513
    2577.000      -90272.2775
    2578.000      -90049.9545
    2579.000      -89983.2837
    2580.000      -89856.9121
    2581.000      -89948.7936
    2582.000      -89864.3952
    2583.000      -89797.5710
    2584.000      -90170.8121
    2585.000      -90048.3988
    2586.000      -89855.9333
    2587.000      -89895.7016
    2588.000      -89829.2155
    2589.000      -89858.5670
    2590.000      -89781.5624
    2591.000      -89833.9535
    2592.000      -89987.4308
    2593.000      -89824.8363
    2594.000      -90310.9946
    2595.000      -90029.2169
    2596.000      -90029.5620
    2597.000      -89967.3530
    2598.000      -89801.8671
    2599.000      -89859.7934
    2600.000      -90015.2890
    2601.000      -89781.2357
    2602.000      -89837.8701
    2603.000      -89542.2185
    2604.000      -89930.3572
    2605.000      -90113.7379
    2606.000      -90078.4247
    2607.000      -89794.2099
    2608.000      -89787.3844
    2609.000      -90197.5309
    2610.000      -89874.5459
    2611.000      -89899.7671
    2612.000      -89836.3339
    2613.000      -89877.9174
    2614.000      -89822.8264
    2615.000      -89958.5441
    2616.000      -89890.5662
    2617.000      -89857.5838
    2618.000      -89812.8275
    2619.000      -89967.7490
    2620.000      -89912.4886
    2621.000      -89843.5228
    2622.000      -89839.2149
    2623.000      -89874.7150
    2624.000      -90140.2261
    2625.000      -90063.4431
    2626.000      -90027.2125
    2627.000      -89852.6856
    2628.000      -90224.0058
    2629.000      -89759.1567
    2630.000      -89758.8550
    2631.000      -89670.3108
    2632.000      -90005.0053
    2633.000      -89720.5183
    2634.000      -89913.3419
    2635.000      -89890.6777
    2636.000      -89913.1024
    2637.000      -89988.0446
    2638.000      -89878.6261
    2639.000      -89960.0814
    2640.000      -89847.4269
    2641.000      -90033.9641
    2642.000      -90190.5817
    2643.000      -89773.5404
    2644.000      -89722.2116
    2645.000      -90024.2291
    2646.000      -90002.3199
    2647.000      -90086.2505
    2648.000      -89941.5605
    2649.000      -89887.9920
    2650.000      -89646.6872
    2651.000      -89801.3948
    2652.000      -89877.6490
    2653.000      -89847.1208
    2654.000      -89985.5567
    2655.000      -90064.8384
    2656.000      -89910.5149
    2657.000      -90104.3484
    2658.000      -90123.7172
    2659.000      -89932.2373
    2660.000      -90051.0681
    2661.000      -89894.1467
    2662.000      -89901.7032
    2663.000      -89770.7081
    2664.000      -90032.2385
    2665.000      -90056.4988
    2666.000      -89899.2231
    2667.000      -90120.8526
    2668.000      -90080.8009
    2669.000      -89780.0837
    2670.000      -89952.3359
    2671.000      -90242.2777
    2672.000      -89894.7429
    2673.000      -89978.8508
    2674.000      -89686.7896
    2675.000      -90049.4677
    2676.000      -89923.2734
    2677.000      -89797.6152
    2678.000      -90074.6706
    2679.000      -90184.0766
    2680.000      -90003.3799
    2681.000      -89576.7751
    2682.000      -90144.7139
    2683.000      -89977.4601
    2684.000      -89608.8630
    2685.000      -89922.4507
    2686.000      -90127.4861
    2687.000      -90040.9504
    2688.000      -89810.8992
    2689.000      -89915.9660
    2690.000      -89803.1697
    2691.000      -90046.2602
    2692.000      -90023.9460
    2693.000      -89555.4443
    2694.000      -89954.6982
    2695.000      -89794.7096
    2696.000      -89961.1324
    2697.000      -89848.7261
    2698.000      -89787.8168
    2699.000      -89934.9344
    2700.000      -89789.4111
    2701.000      -90054.8686
    2702.000      -90115.9263
    2703.000      -89995.6703
    2704.000      -89815.4686
    2705.000      -90195.1358
    2706.000      -89957.2641
    2707.000      -90067.2419
    2708.000      -89988.2602
    2709.000      -89765.9912
    2710.000      -89759.4027
    2711.000      -89698.3954
    2712.000      -89924.9360
    2713.000      -90117.3202
    2714.000      -89962.8059
    2715.000      -89841.9244
    2716.000      -89898.3723
    2717.000      -89529.9802
    2718.000      -89755.3056
    2719.000      -90001.1185
    2720.000      -89887.2925
    2721.000      -89818.9318
    2722.000      -89949.3779
    2723.000      -90054.0712
    2724.000      -90017.2712
    2725.000      -90037.2670
    2726.000      -90167.4439
    2727.000      -89753.8129
    2728.000      -89957.4098
    2729.000      -89883.7825
    2730.000      -89973.5737
    2731.000      -90057.5342
    2732.000      -89770.8378
    2733.000      -89973.7669
    2734.000      -89821.7748
    2735.000      -90132.6590
    2736.000      -89989.4911
    2737.000      -90067.5714
    2738.000      -89867.6129
    2739.000      -90137.2457
    2740.000      -89951.7771
    2741.000      -90054.7145
    2742.000      -89964.2832
    2743.000      -89887.6565
    2744.000      -89654.3903
    2745.000      -90035.3085
    2746.000      -90115.4484
    2747.000      -90061.3748
    2748.000      -90046.0809
    2749.000      -89998.9763
    2750.000      -89887.7191
    2751.000      -89886.7458
    2752.000      -89875.8754
    2753.000      -89731.3603
    2754.000      -89818.8311
    2755.000      -89937.9761
    2756.000      -90079.7878
    2757.000      -90213.9201
    2758.000      -90247.4769
    2759.000      -89901.2825
    2760.000      -90081.9410
    2761.000      -89840.7082
    2762.000      -90003.3369
    2763.000      -89762.5619
    2764.000      -89935.4755
    2765.000      -90071.0850
    2766.000      -90071.3245
    2767.000      -90060.8862
    2768.000      -89937.1544
    2769.000      -89659.3492
    2770.000      -90121.2870
    2771.000      -90052.3929
    2772.000      -89923.3361
    2773.000      -89891.6535
    2774.000      -90120.2686
    2775.000      -89806.9422
    2776.000      -90052.0999
    2777.000      -89990.7174
    2778.000      -89973.7839
    2779.000      -90065.3949
    2780.000      -90164.0404
    2781.000      -90008.9661
    2782.000      -90249.1186
    2783.000      -90055.2110
    2784.000      -90036.4029
    2785.000      -89910.4076
    2786.000      -89946.5658
    2787.000      -89662.8660
    2788.000      -90108.0620
    2789.000      -89969.7389
    2790.000      -89788.1488
    2791.000      -90121.5417
    2792.000      -90045.7725
    2793.000      -90106.9882
    2794.000      -90099.3893
    2795.000      -90056.4390
    2796.000      -90009.2881
    2797.000      -89946.4726
    2798.000      -90158.0567
    2799.000      -89775.7418
    2800.000      -90031.4696
    2801.000      -90163.3646
    2802.000      -90110.1019
    2803.000      -89941.8677
    2804.000      -89899.9837
    2805.000      -90290.7631
    2806.000      -89929.4892
    2807.000      -90017.3312
    2808.000      -89810.7399
    2809.000      -89773.0062
    2810.000      -90170.6770
    2811.000      -90006.6185
    2812.000      -89694.7143
    2813.000      -89883.2836
    2814.000      -90201.6523
    2815.000      -89983.5613
    2816.000      -89880.8024
    2817.000      -90442.1082
    2818.000      -90121.5979
    2819.000      -89858.3254
    2820.000      -89898.0773
    2821.000      -89712.4360
    2822.000      -89907.4135
    2823.000      -89905.2285
    2824.000      -89919.3844
    2825.000      -89902.3850
    2826.000      -89839.8364
    2827.000      -89929.1041
    2828.000      -89800.7110
    2829.000      -90212.3852
    2830.000      -90037.5202
    2831.000      -89833.0247
    2832.000      -89887.1724
    2833.000      -89961.1940
    2834.000      -89713.0203
    2835.000      -90080.2448
    2836.000      -90177.7092
    2837.000      -89776.2581
    2838.000      -89843.8683
    2839.000      -89994.7108
    2840.000      -89964.2847
    2841.000      -89977.9690
    2842.000      -89953.8346
    2843.000      -90101.3781
    2844.000      -90209.4456
    2845.000      -90098.8830
    2846.000      -89904.9232
    2847.000      -90001.4903
    2848.000      -89785.6634
    2849.000      -89652.0631
    2850.000      -90125.7528
    2851.000      -89746.3586
    2852.000      -89677.1977
    2853.000      -89697.0463
    2854.000      -89848.2476
    2855.000      -90022.4595
    2856.000      -89923.3610
    2857.000      -89947.9288
    2858.000      -90009.7847
    2859.000      -90128.6898
    2860.000      -90088.0477
    2861.000      -89819.3971
    2862.000      -89905.3566
    2863.000      -89948.4986
    2864.000      -89969.7932
    2865.000      -89966.2794
    2866.000      -90262.5732
    2867.000      -90071.0366
    2868.000      -89862.1207
    2869.000      -90019.7623
    2870.000      -89788.0097
    2871.000      -89827.1887
    2872.000      -89727.5818
    2873.000      -89749.1105
    2874.000      -89962.3944
    2875.000      -89740.2152
    2876.000      -89768.5315
    2877.000      -89876.8044
    2878.000      -90048.6781
    2879.000      -89726.9489
    2880.000      -89753.1130
    2881.000      -89707.6612
    2882.000      -89949.0692
    2883.000      -90124.3193
    2884.000      -89968.0629
    2885.000      -89972.0622
    2886.000      -90033.5792
    2887.000      -89888.4099
    2888.000      -90007.9399
    2889.000      -90017.1774
    2890.000      -90169.3809
    2891.000      -90078.3037
    2892.000      -90028.4680
    2893.000      -90027.7660
    2894.000      -90039.1949
    2895.000      -90304.3467
    2896.000      -89869.4628
    2897.000      -89968.2847
    2898.000      -90058.0828
    2899.000      -89852.6634
    2900.000      -89956.0997
    2901.000      -89908.2922
    2902.000      -89960.4210
    2903.000      -90225.2822
    2904.000      -90165.7074
    2905.000      -90171.6131
    2906.000      -90031.1994
    2907.000      -89969.2899
    2908.000      -89689.3332
    2909.000      -89961.3435
    2910.000      -89777.0988
    2911.000      -89440.3575
    2912.000      -90028.2615
    2913.000      -89983.8957
    2914.000      -89761.9945
    2915.000      -89869.4646
    2916.000      -89935.7799
    2917.000      -89777.2031
    2918.000      -90237.3167
    2919.000      -90093.3921
    2920.000      -90090.8500
    2921.000      -89973.4482
    2922.000      -90125.8493
    2923.000      -89822.7264
    2924.000      -90062.1167
    2925.000      -89962.0286
    2926.000      -90006.3761
    2927.000      -89918.4110
    2928.000      -90010.6794
    2929.000      -89899.1531
    2930.000      -90064.0026
    2931.000      -90170.1666
    2932.000      -89907.2055
    2933.000      -89855.3375
    2934.000      -89520.3336
    2935.000      -89571.1090
    2936.000      -90228.3878
    2937.000      -89693.3002
    2938.000      -89746.7550
    2939.000      -89910.9225
    2940.000      -89817.4068
    2941.000      -90072.2637
    2942.000      -89925.9279
    2943.000      -89947.2193
    2944.000      -90049.7918
    2945.000      -90036.3903
    2946.000      -89899.3449
    2947.000      -89756.1569
    2948.000      -89795.6915
    2949.000      -89612.2468
    2950.000      -89768.0892
    2951.000      -89955.0762
    2952.000      -90148.5255
    2953.000      -90003.9936
    2954.000      -90097.3535
    2955.000      -90124.6383
    2956.000      -89905.2188
    2957.000      -90080.5220
    2958.000      -89927.6303
    2959.000      -89911.1903
    2960.000      -89745.0626
    2961.000      -90000.1870
    2962.000      -89855.7023
    2963.000      -89876.7179
    2964.000      -89854.6401
    2965.000      -89741.0280
    2966.000      -89741.8528
    2967.000      -89931.6100
    2968.000      -89718.5890
    2969.000      -90084.9062
    2970.000      -90006.6473
    2971.000      -90112.1211
    2972.000      -90088.9011
    2973.000      -89616.0791
    2974.000      -90082.5089
    2975.000      -89870.4088
    2976.000      -89902.1130
    2977.000      -90034.4292
    2978.000      -89916.1755
    2979.000      -89807.2849
    2980.000      -89772.7023
    2981.000      -90046.5033
    2982.000      -90032.6927
    2983.000      -90024.5026
    2984.000      -89905.4634
    2985.000      -89988.1519
    2986.000      -89824.7479
    2987.000      -89972.2823
    2988.000      -89991.2168
    2989.000      -89882.6867
    2990.000      -89985.4788
    2991.000      -90258.9857
    2992.000      -90097.9604
    2993.000      -90064.0106
    2994.000      -90164.8548
    2995.000      -90082.1262
    2996.000      -89895.6945
    2997.000      -90027.0968
    2998.000      -89973.8623
    2999.000      -90035.3994
    3000.000      -89829.3057
    3001.000      -89868.7798
    3002.000      -89773.8567
    3003.000      -89904.5925
    3004.000      -90098.6867
    3005.000      -89882.7610
    3006.000      -89848.8462
    3007.000      -90016.0879
    3008.000      -89824.9728
    3009.000      -89823.5724
    3010.000      -89873.6873
    3011.000      -90132.3737
    3012.000      -89987.9059
    3013.000      -89944.8244
    3014.000      -90322.1315
    3015.000      -90119.3396
    3016.000      -90371.2340
    3017.000      -89892.6155
    3018.000      -89913.4425
    3019.000      -90189.1927
    3020.000      -89826.8903
    3021.000      -89875.8807
    3022.000      -90028.7721
    3023.000      -89827.6985
    3024.000      -90166.0370
    3025.000      -90126.2555
    3026.000      -89843.8276
    3027.000      -89951.8233
    3028.000      -89845.2120
    3029.000      -89923.1771
    3030.000      -89608.0235
    3031.000      -89768.9908
    3032.000      -89840.6266
    3033.000      -89934.3057
    3034.000      -90095.0537
    3035.000      -89683.9805
    3036.000      -89862.0927
    3037.000      -90034.6841
    3038.000      -90040.5040
    3039.000      -90029.9153
    3040.000      -89943.7012
