     141.000      -69736.1992
     142.000      -69763.1960
     143.000      -70312.3072
     144.000      -70564.2345
     145.000      -70969.4395
     146.000      -70580.4451
     147.000      -70708.4968
     148.000      -70761.6586
     149.000      -70947.8659
     150.000      -70513.0852
     151.000      -70686.0009
     152.000      -70655.1437
     153.000      -70869.4404
     154.000      -71023.4182
     155.000      -70381.5156
     156.000      -70812.1984
     157.000      -70827.2773
     158.000      -71023.1292
     159.000      -70660.6636
     160.000      -70610.9652
     161.000      -70887.8514
     162.000      -70968.7250
     163.000      -70615.4729
     164.000      -70645.2688
     165.000      -70881.8058
     166.000      -70641.4527
     167.000      -70751.9621
     168.000      -70837.0860
     169.000      -70696.3139
     170.000      -70510.6725
     171.000      -70886.9711
     172.000      -70647.2947
     173.000      -70680.6791
     174.000      -70790.9529
     175.000      -70426.5582
     176.000      -70673.1629
     177.000      -70869.6098
     178.000      -70872.4434
     179.000      -71087.2314
     180.000      -70666.1463
     181.000      -71051.9630
     182.000      -71052.2724
     183.000      -70886.4499
     184.000      -70705.2989
     185.000      -70881.7760
     186.000      -70859.4910
     187.000      -70822.4049
     188.000      -70907.1550
     189.000      -70926.2207
     190.000      -70867.4087
     191.000      -70851.2920
     192.000      -70704.6841
     193.000      -70519.9111
     194.000      -71077.0488
     195.000      -70962.4802
     196.000      -71191.8169
     197.000      -70979.2921
     198.000      -70938.8440
     199.000      -70793.5399
     200.000      -70861.2865
     201.000      -70953.1761
     202.000      -70947.1741
     203.000      -70802.8006
     204.000      -71183.7423
     205.000      -70741.5245
     206.000      -70890.1270
     207.000      -71005.1568
     208.000      -70856.7046
     209.000      -71041.6306
     210.000      -70753.1464
     211.000      -70891.2302
     212.000      -70894.2862
     213.000      -70833.5835
     214.000      -70746.4200
     215.000      -70597.2050
     216.000      -70895.5317
     217.000      -70902.6998
     218.000      -70887.3406
     219.000      -71007.8149
     220.000      -70883.3756
     221.000      -70916.4207
     222.000      -71062.3649
     223.000      -70865.8441
     224.000      -71228.9078
     225.000      -70626.5139
     226.000      -70964.9843
     227.000      -70855.5625
     228.000      -71104.6561
     229.000      -71025.9671
     230.000      -71059.4469
     231.000      -70850.0276
     232.000      -70689.1599
     233.000      -70702.9013
     234.000      -71108.0491
     235.000      -70500.9394
     236.000      -70878.8533
     237.000      -70623.9163
     238.000      -70904.0136
     239.000      -70938.4105
     240.000      -70979.9162
     241.000      -71228.0929
     242.000      -71129.1162
     243.000      -71070.3635
     244.000      -70680.7273
     245.000      -71140.2142
     246.000      -71383.0848
     247.000      -71058.5247
     248.000      -71218.5483
     249.000      -70769.4192
     250.000      -71161.8546
     251.000      -71018.3028
     252.000      -71006.2157
     253.000      -71195.0037
     254.000      -71037.3758
     255.000      -71253.7586
     256.000      -70915.5245
     257.000      -71123.5549
     258.000      -70749.7930
     259.000      -71006.3115
     260.000      -71157.8594
     261.000      -71127.9321
     262.000      -71007.0881
     263.000      -70613.8620
     264.000      -71101.3548
     265.000      -71111.7578
     266.000      -70896.8854
     267.000      -70788.0361
     268.000      -70837.6001
     269.000      -71078.1859
     270.000      -71054.5768
     271.000      -70972.5160
     272.000      -71105.1570
     273.000      -70855.6616
     274.000      -70905.8175
     275.000      -70828.3370
     276.000      -70952.6740
     277.000      -70972.7898
     278.000      -70905.4067
     279.000      -70882.2410
     280.000      -70968.5905
     281.000      -71030.0975
     282.000      -70831.6212
     283.000      -71036.0485
     284.000      -71284.8779
     285.000      -71024.5036
     286.000      -71094.4185
     287.000      -70511.0624
     288.000      -70774.0413
     289.000      -70950.2250
     290.000      -71017.1576
     291.000      -70903.5606
     292.000      -70712.2157
     293.000      -70859.4457
     294.000      -70997.3807
     295.000      -71062.0364
     296.000      -70845.1712
     297.000      -71089.0021
     298.000      -71244.3096
     299.000      -70919.6019
     300.000      -70821.0196
     301.000      -70891.2826
     302.000      -71183.4023
     303.000      -71040.3530
     304.000      -70979.9760
     305.000      -70949.2860
     306.000      -71233.6607
     307.000      -70879.4853
     308.000      -70951.9628
     309.000      -71059.7862
     310.000      -70897.7640
     311.000      -71212.9820
     312.000      -71104.1194
     313.000      -71034.7904
     314.000      -70813.9475
     315.000      -70869.4080
     316.000      -71111.7976
     317.000      -71038.5634
     318.000      -71050.9092
     319.000      -71223.1785
     320.000      -70902.8613
     321.000      -71002.3509
     322.000      -71318.2469
     323.000      -71003.3170
     324.000      -70993.2022
     325.000      -71202.6761
     326.000      -70963.8583
     327.000      -70884.4240
     328.000      -71023.2596
     329.000      -71071.5000
     330.000      -70866.7654
     331.000      -71102.9060
     332.000      -70961.5786
     333.000      -70901.2411
     334.000      -70998.6100
     335.000      -71215.8796
     336.000      -71422.6348
     337.000      -70843.9916
     338.000      -70877.3081
     339.000      -71124.1496
     340.000      -70975.8091
     341.000      -70985.7206
     342.000      -71016.6166
     343.000      -71372.0299
     344.000      -70969.1899
     345.000      -71456.5604
     346.000      -71049.5174
     347.000      -70989.6952
     348.000      -70919.8971
     349.000      -71218.5458
     350.000      -71249.6716
     351.000      -71064.0607
     352.000      -71300.0743
     353.000      -71058.9555
     354.000      -71270.3070
     355.000      -71015.6580
     356.000      -71420.0763
     357.000      -71143.3307
     358.000      -71060.0935
     359.000      -70879.6079
     360.000      -71136.4219
     361.000      -70868.1620
     362.000      -71054.9662
     363.000      -70925.4201
     364.000      -70883.9380
     365.000      -71251.0111
     366.000      -70966.5571
     367.000      -71269.6201
     368.000      -71138.2055
     369.000      -71131.7234
     370.000      -70539.8544
     371.000      -70955.1068
     372.000      -71120.2049
     373.000      -70704.6148
     374.000      -71081.5344
     375.000      -71123.2664
     376.000      -71049.9174
     377.000      -71186.7201
     378.000      -71067.9208
     379.000      -71159.5080
     380.000      -71031.9744
     381.000      -71034.4611
     382.000      -71127.1241
     383.000      -71186.0297
     384.000      -70883.2173
     385.000      -71382.6676
     386.000      -71229.4592
     387.000      -71030.5492
     388.000      -70898.3743
     389.000      -71079.1033
     390.000      -71122.2018
     391.000      -71176.3550
     392.000      -70873.8625
     393.000      -71215.5563
     394.000      -70985.2008
     395.000      -71335.4949
     396.000      -71128.3197
     397.000      -71282.2367
     398.000      -70810.9252
     399.000      -71079.4699
     400.000      -71057.1679
     401.000      -70881.4795
     402.000      -71031.6422
     403.000      -71113.6360
     404.000      -71083.9582
     405.000      -71281.9671
     406.000      -71109.7427
     407.000      -71053.4426
     408.000      -70948.9658
     409.000      -70682.2339
     410.000      -70912.7903
     411.000      -71197.8518
     412.000      -70856.2576
     413.000      -71064.3505
     414.000      -70832.3096
     415.000      -71128.3417
     416.000      -70848.3282
     417.000      -70996.1984
     418.000      -71076.2642
     419.000      -71033.0611
     420.000      -71043.3524
     421.000      -70945.8993
     422.000      -70901.4733
     423.000      -71420.1316
     424.000      -70706.5247
     425.000      -71339.5138
     426.000      -71187.6610
     427.000      -71209.0379
     428.000      -71212.8843
     429.000      -71134.0796
     430.000      -70873.5446
     431.000      -71332.4277
     432.000      -71032.5450
     433.000      -71149.4831
     434.000      -70962.4863
     435.000      -70789.9317
     436.000      -71167.4218
     437.000      -71082.5339
     438.000      -70947.5576
     439.000      -70871.3445
     440.000      -71256.8130
     441.000      -71404.0176
     442.000      -71207.4922
     443.000      -70830.4659
     444.000      -71135.1305
     445.000      -71031.1094
     446.000      -70941.0457
     447.000      -70871.2801
     448.000      -70930.9910
     449.000      -70789.4412
     450.000      -71085.7894
     451.000      -70688.8482
     452.000      -71056.3923
     453.000      -71350.8102
     454.000      -71176.3601
     455.000      -71237.2361
     456.000      -71267.9889
     457.000      -71311.5230
     458.000      -70910.3775
     459.000      -71157.0041
     460.000      -71050.8175
     461.000      -71000.0878
     462.000      -71417.9285
     463.000      -71260.3247
     464.000      -71287.3115
     465.000      -71115.8634
     466.000      -70885.0960
     467.000      -71043.7476
     468.000      -71062.7905
     469.000      -71178.6276
     470.000      -70988.5190
     471.000      -71093.3794
     472.000      -71352.9414
     473.000      -71511.0253
     474.000      -70896.2105
     475.000      -70851.0820
     476.000      -71163.2285
     477.000      -71055.3386
     478.000      -71043.6787
     479.000      -70978.3555
     480.000      -71479.5553
     481.000      -71317.9661
     482.000      -71039.3105
     483.000      -71103.9713
     484.000      -71104.3962
     485.000      -71060.3556
     486.000      -71099.6272
     487.000      -71019.2792
     488.000      -71252.8021
     489.000      -71495.4413
     490.000      -71077.3383
     491.000      -71300.6877
     492.000      -70970.5596
     493.000      -71109.7480
     494.000      -70921.1326
     495.000      -70948.8999
     496.000      -71505.1224
     497.000      -71006.0595
     498.000      -71046.7017
     499.000      -71071.0372
     500.000      -71164.7855
     501.000      -70852.7736
     502.000      -70923.0881
     503.000      -71019.9757
     504.000      -70849.5400
     505.000      -71086.4219
     506.000      -71271.0769
     507.000      -71170.5979
     508.000      -71211.0630
     509.000      -71103.5269
     510.000      -71222.3043
     511.000      -70991.6847
     512.000      -71151.2537
     513.000      -71313.4574
     514.000      -71194.6650
     515.000      -70957.6931
     516.000      -71033.7776
     517.000      -71126.5039
     518.000      -71042.6300
     519.000      -70988.3168
     520.000      -71098.5104
     521.000      -71033.4971
     522.000      -71216.4099
     523.000      -71314.4412
     524.000      -71030.3513
     525.000      -71216.0047
     526.000      -71334.1850
     527.000      -71019.2068
     528.000      -71055.0499
     529.000      -71250.5810
     530.000      -70999.6324
     531.000      -71061.9243
     532.000      -71040.9862
     533.000      -71190.0062
     534.000      -70929.2501
     535.000      -71227.1995
     536.000      -71073.0608
     537.000      -71332.3086
     538.000      -70835.8584
     539.000      -71345.8180
     540.000      -70853.8694
     541.000      -71155.2521
     542.000      -71107.3437
     543.000      -70872.2511
     544.000      -71234.9198
     545.000      -71336.1919
     546.000      -71297.1037
     547.000      -71441.1777
     548.000      -70909.4721
     549.000      -70972.9510
     550.000      -71297.8188
     551.000      -71404.7082
     552.000      -71518.2096
     553.000      -71555.2936
     554.000      -71421.4359
     555.000      -71261.0831
     556.000      -71484.6148
     557.000      -71101.6169
     558.000      -71145.4413
     559.000      -71077.5558
     560.000      -71429.3007
     561.000      -71193.0497
     562.000      -70794.0822
     563.000      -71072.4707
     564.000      -71051.9052
     565.000      -71210.1596
     566.000      -71160.3438
     567.000      -71154.0704
     568.000      -71092.4497
     569.000      -71130.3735
     570.000      -71245.5436
     571.000      -71307.0530
     572.000      -71184.8319
     573.000      -71191.6505
     574.000      -70982.2464
     575.000      -70924.0430
     576.000      -71102.5865
     577.000      -71035.0022
     578.000      -70992.5107
     579.000      -71083.1607
     580.000      -70925.8117
     581.000      -71036.8189
     582.000      -71210.7958
     583.000      -71074.0394
     584.000      -70926.8428
     585.000      -70873.6364
     586.000      -70833.0980
     587.000      -71206.7528
     588.000      -71297.0825
     589.000      -71269.3725
     590.000      -70878.8693
     591.000      -71252.9728
     592.000      -71184.5295
     593.000      -71309.3375
     594.000      -71013.4631
     595.000      -71426.7567
     596.000      -71159.7380
     597.000      -70978.7370
     598.000      -70961.4841
     599.000      -71446.5448
     600.000      -70936.0125
     601.000      -71022.2601
     602.000      -70818.8424
     603.000      -71095.9719
     604.000      -71006.1485
     605.000      -71117.8888
     606.000      -71269.6876
     607.000      -71000.6919
     608.000      -71121.1215
     609.000      -71048.5087
     610.000      -70898.4416
     611.000      -70747.7518
     612.000      -70702.2684
     613.000      -71292.8843
     614.000      -71109.4076
     615.000      -71371.3483
     616.000      -71354.1399
     617.000      -71071.0957
     618.000      -70900.4393
     619.000      -71138.0733
     620.000      -71200.7332
     621.000      -71244.5917
     622.000      -71191.1454
     623.000      -71033.5951
     624.000      -71345.9458
     625.000      -71326.1933
     626.000      -71092.2941
     627.000      -70994.9404
     628.000      -71257.4435
     629.000      -71268.9160
     630.000      -71085.9351
     631.000      -71164.8856
     632.000      -71284.2543
     633.000      -71146.4016
     634.000      -71297.8718
     635.000      -71139.8242
     636.000      -70811.3987
     637.000      -71293.0991
     638.000      -71146.4616
     639.000      -71332.1860
     640.000      -71310.1289
     641.000      -71180.0172
     642.000      -70921.2819
     643.000      -70983.0779
     644.000      -70945.6047
     645.000      -71153.8640
     646.000      -71013.6843
     647.000      -71113.7592
     648.000      -71472.2435
     649.000      -71272.3708
     650.000      -71149.4123
     651.000      -71407.3915
     652.000      -71271.5113
     653.000      -71494.8928
     654.000      -71119.8175
     655.000      -71253.6797
     656.000      -70910.8401
     657.000      -71314.2888
     658.000      -71430.3177
     659.000      -71309.9637
     660.000      -70882.2472
     661.000      -71075.4714
     662.000      -71397.7419
     663.000      -71596.2531
     664.000      -71326.3642
     665.000      -71194.1883
     666.000      -71160.0769
     667.000      -71296.1595
     668.000      -71215.1425
     669.000      -71346.4035
     670.000      -71087.5658
     671.000      -71193.3228
     672.000      -70951.8413
     673.000      -71095.4788
     674.000      -71178.1465
     675.000      -71171.5407
     676.000      -70954.9873
     677.000      -71140.6668
     678.000      -71307.6709
     679.000      -71049.0094
     680.000      -71155.0826
     681.000      -71300.5367
     682.000      -71070.9831
     683.000      -71456.5745
     684.000      -71226.5739
     685.000      -71092.0416
     686.000      -70716.6137
     687.000      -70805.0497
     688.000      -71182.7936
     689.000      -71387.2614
     690.000      -71204.6244
     691.000      -71262.7017
     692.000      -71140.9758
     693.000      -71173.1955
     694.000      -71123.6998
     695.000      -71292.9126
     696.000      -71149.2120
     697.000      -71111.9060
     698.000      -71264.7185
     699.000      -71346.1621
     700.000      -71289.7168
     701.000      -71267.3934
     702.000      -71554.6554
     703.000      -71061.0468
     704.000      -71032.7264
     705.000      -71168.2600
     706.000      -71282.6985
     707.000      -71376.5239
     708.000      -71146.6595
     709.000      -71044.2264
     710.000      -70921.5559
     711.000      -70816.8128
     712.000      -71605.2126
     713.000      -71000.9352
     714.000      -70897.0811
     715.000      -71146.2446
     716.000      -71191.9454
     717.000      -71082.5871
     718.000      -70715.5752
     719.000      -71228.9266
     720.000      -71310.5584
     721.000      -71459.5553
     722.000      -71417.9048
     723.000      -71256.9100
     724.000      -71182.7740
     725.000      -71338.7963
     726.000      -71369.0966
     727.000      -70773.0056
     728.000      -71124.1143
     729.000      -70891.7902
     730.000      -70826.6682
     731.000      -70885.6387
     732.000      -71123.0727
     733.000      -71253.8045
     734.000      -71010.6278
     735.000      -71033.0270
     736.000      -70901.1526
     737.000      -71089.1342
     738.000      -71227.5900
     739.000      -70816.2484
     740.000      -71335.3144
     741.000      -71428.3499
     742.000      -71340.6204
     743.000      -71335.2611
     744.000      -71215.8097
     745.000      -71332.5423
     746.000      -71026.5492
     747.000      -71392.5755
     748.000      -71585.0165
     749.000      -71294.4414
     750.000      -71423.5414
     751.000      -71114.8925
     752.000      -70998.4204
     753.000      -71414.4330
     754.000      -71684.9651
     755.000      -71383.0239
     756.000      -71360.5312
     757.000      -71109.0424
     758.000      -71233.6078
     759.000      -71017.3443
     760.000      -71063.5418
     761.000      -71486.4468
     762.000      -71245.0965
     763.000      -71354.2001
     764.000      -71398.5455
     765.000      -71472.6012
     766.000      -71095.1128
     767.000      -71319.3338
     768.000      -71405.1702
     769.000      -71438.5913
     770.000      -71359.3470
     771.000      -71429.9962
     772.000      -71253.0539
     773.000      -71221.7812
     774.000      -70846.3759
     775.000      -71243.6338
     776.000      -71059.4340
     777.000      -71391.1887
     778.000      -71107.6844
     779.000      -71345.3498
     780.000      -71131.7086
     781.000      -71087.3259
     782.000      -71135.6155
     783.000      -70958.3085
     784.000      -71024.0855
     785.000      -71128.3554
     786.000      -70996.7089
     787.000      -70955.5148
     788.000      -71229.7971
     789.000      -70892.8919
     790.000      -71342.2789
     791.000      -71005.6850
     792.000      -71314.2604
     793.000      -71085.5986
     794.000      -71232.6396
     795.000      -71255.7534
     796.000      -71282.0869
     797.000      -70978.1106
     798.000      -71238.5024
     799.000      -71064.8903
     800.000      -71493.3358
     801.000      -71002.1416
     802.000      -71295.2571
     803.000      -71009.8374
     804.000      -71010.5072
     805.000      -71580.5801
     806.000      -71357.6651
     807.000      -71328.6180
     808.000      -71181.2085
     809.000      -71238.3411
     810.000      -70965.4041
     811.000      -70935.1764
     812.000      -70819.7623
     813.000      -70963.6572
     814.000      -70936.1419
     815.000      -71062.7504
     816.000      -70953.8090
     817.000      -71394.9531
     818.000      -71279.9265
     819.000      -71033.5728
     820.000      -71046.3301
     821.000      -71052.6479
     822.000      -71230.0016
     823.000      -71036.6916
     824.000      -71251.7206
     825.000      -71167.2063
     826.000      -71265.1925
     827.000      -71046.8289
     828.000      -71289.3930
     829.000      -71384.7678
     830.000      -71275.5591
     831.000      -71737.9827
     832.000      -71365.7064
     833.000      -71507.5257
     834.000      -71240.7346
     835.000      -70981.9588
     836.000      -71397.3852
     837.000      -71223.3554
     838.000      -71005.1531
     839.000      -71289.7037
     840.000      -71193.9756
     841.000      -71375.5024
     842.000      -71184.8128
     843.000      -71252.2132
     844.000      -71469.0588
     845.000      -71242.0760
     846.000      -71176.5220
     847.000      -70990.9550
     848.000      -71381.5643
     849.000      -71264.1027
     850.000      -71407.6747
     851.000      -71247.0384
     852.000      -71415.0810
     853.000      -71281.3103
     854.000      -71227.6657
     855.000      -71257.5108
     856.000      -71448.0724
     857.000      -71414.7911
     858.000      -71058.5473
     859.000      -71371.7294
     860.000      -71213.2791
     861.000      -71450.3082
     862.000      -71215.7574
     863.000      -71148.4359
     864.000      -71194.5414
     865.000      -71029.3749
     866.000      -71397.8813
     867.000      -71338.6284
     868.000      -71368.5533
     869.000      -71311.8420
     870.000      -71340.7422
     871.000      -71475.0788
     872.000      -71515.9027
     873.000      -71452.5245
     874.000      -71155.1764
     875.000      -71415.3944
     876.000      -71336.1918
     877.000      -71260.5790
     878.000      -71241.2698
     879.000      -71154.1817
     880.000      -71115.1090
     881.000      -70931.9793
     882.000      -71244.4778
     883.000      -71289.9197
     884.000      -71626.9835
     885.000      -71593.4639
     886.000      -71407.9005
     887.000      -71143.7881
     888.000      -71410.8281
     889.000      -71548.4242
     890.000      -71088.1836
     891.000      -70974.5224
     892.000      -71164.8089
     893.000      -71408.3741
     894.000      -71330.9629
     895.000      -71661.5950
     896.000      -71398.5715
     897.000      -71368.3909
     898.000      -71502.4460
     899.000      -71287.7517
     900.000      -71352.4328
     901.000      -71347.9366
     902.000      -71369.9114
     903.000      -71154.1297
     904.000      -70962.4649
     905.000      -71430.8669
     906.000      -71295.9106
     907.000      -71341.0253
     908.000      -71172.2953
     909.000      -71335.6556
     910.000      -71131.6564
     911.000      -71214.0816
     912.000      -71134.7495
     913.000      -71295.5135
     914.000      -71100.4547
     915.000      -71453.9878
     916.000      -70784.4262
     917.000      -70909.4741
     918.000      -71014.1184
     919.000      -71384.5330
     920.000      -71055.4238
     921.000      -70943.6923
     922.000      -71282.8194
     923.000      -71523.3199
     924.000      -71200.2793
     925.000      -71195.4941
     926.000      -71349.5390
     927.000      -71152.4591
     928.000      -71273.9989
     929.000      -71556.8634
     930.000      -71304.9401
     931.000      -71269.6073
     932.000      -71812.0160
     933.000      -71251.1138
     934.000      -71309.2120
     935.000      -71362.5077
     936.000      -71430.2808
     937.000      -71507.6781
     938.000      -71047.9595
     939.000      -71040.7628
     940.000      -71204.5428
     941.000      -71295.1229
     942.000      -71660.0146
     943.000      -71306.0563
     944.000      -71437.8138
     945.000      -71370.6752
     946.000      -71262.0790
     947.000      -71508.2014
     948.000      -71162.1841
     949.000      -71115.0867
     950.000      -71423.1754
     951.000      -71211.3364
     952.000      -71294.5582
     953.000      -71368.2134
     954.000      -71238.7272
     955.000      -71339.6350
     956.000      -71439.4793
     957.000      -71248.0740
     958.000      -71608.5048
     959.000      -71272.9378
     960.000      -71317.3248
     961.000      -71091.2834
     962.000      -71442.5002
     963.000      -71381.2255
     964.000      -71290.0459
     965.000      -71192.9959
     966.000      -71571.6771
     967.000      -71245.9345
     968.000      -71323.6363
     969.000      -71492.2010
     970.000      -71317.6615
     971.000      -71284.2622
     972.000      -71044.1395
     973.000      -71158.0574
     974.000      -71393.3183
     975.000      -71589.0401
     976.000      -71493.9409
     977.000      -71475.5588
     978.000      -71135.7282
     979.000      -71108.3838
     980.000      -70959.5556
     981.000      -71215.9704
     982.000      -71075.5352
     983.000      -70999.7886
     984.000      -71220.1339
     985.000      -71668.5648
     986.000      -71268.9502
     987.000      -71266.0767
     988.000      -71269.8171
     989.000      -71411.6770
     990.000      -71407.5732
     991.000      -71617.7483
     992.000      -71530.6409
     993.000      -71309.4898
     994.000      -71328.0713
     995.000      -71303.9263
     996.000      -71063.0292
     997.000      -71213.4114
     998.000      -71262.0059
     999.000      -71466.5992
    1000.000      -71158.3298
    1001.000      -71375.9268
    1002.000      -71246.6191
    1003.000      -71199.8208
    1004.000      -71463.9941
    1005.000      -71106.8872
    1006.000      -71153.0020
    1007.000      -71116.0555
    1008.000      -71433.8173
    1009.000      -71276.5252
    1010.000      -71168.6635
    1011.000      -71689.5633
    1012.000      -71314.6324
    1013.000      -71261.3147
    1014.000      -70981.2798
    1015.000      -71506.9538
    1016.000      -71209.7814
    1017.000      -71495.1501
    1018.000      -71502.2500
    1019.000      -71655.7296
    1020.000      -71714.0161
    1021.000      -71383.6280
    1022.000      -71213.3789
    1023.000      -71385.0390
    1024.000      -71212.6496
    1025.000      -71213.6582
    1026.000      -71281.1761
    1027.000      -71181.8370
    1028.000      -71174.3288
    1029.000      -71258.0275
    1030.000      -71383.5107
    1031.000      -71185.6112
    1032.000      -71271.6879
    1033.000      -71009.8435
    1034.000      -71405.2453
    1035.000      -71779.0195
    1036.000      -71513.6727
    1037.000      -71449.6761
    1038.000      -71254.1573
    1039.000      -71117.4981
    1040.000      -71710.2887
    1041.000      -71499.7436
    1042.000      -71372.7698
    1043.000      -71429.1709
    1044.000      -71310.6660
    1045.000      -71474.9779
    1046.000      -71343.8919
    1047.000      -71471.5335
    1048.000      -71592.6604
    1049.000      -71399.1264
    1050.000      -71264.2301
    1051.000      -71071.9163
    1052.000      -71214.1919
    1053.000      -71405.6847
    1054.000      -71253.1371
    1055.000      -71245.0822
    1056.000      -71286.3047
    1057.000      -71639.3779
    1058.000      -71695.3317
    1059.000      -71361.1195
    1060.000      -71622.1479
    1061.000      -71259.7276
    1062.000      -71243.4700
    1063.000      -71354.2587
    1064.000      -71302.2868
    1065.000      -71389.2386
    1066.000      -71652.6802
    1067.000      -71532.6961
    1068.000      -71284.2795
    1069.000      -71410.8572
    1070.000      -71592.9660
    1071.000      -71025.0096
    1072.000      -71365.6112
    1073.000      -71328.2487
    1074.000      -71386.6528
    1075.000      -71133.2882
    1076.000      -70807.6244
    1077.000      -71289.7115
    1078.000      -71381.0365
    1079.000      -71210.9800
    1080.000      -71698.2822
    1081.000      -71373.5069
    1082.000      -71388.4580
    1083.000      -71406.1022
    1084.000      -71441.1742
    1085.000      -71764.9760
    1086.000      -71219.9532
    1087.000      -71388.7112
    1088.000      -71391.7780
    1089.000      -71461.8627
    1090.000      -71190.3688
    1091.000      -71453.0490
    1092.000      -70910.0322
    1093.000      -71212.4536
    1094.000      -71561.5172
    1095.000      -71452.4428
    1096.000      -71413.2249
    1097.000      -71083.9332
    1098.000      -71258.4733
    1099.000      -71268.0158
    1100.000      -71264.7953
    1101.000      -71542.9656
    1102.000      -71186.6310
    1103.000      -71547.6600
    1104.000      -71343.5432
    1105.000      -70824.0763
    1106.000      -71279.7706
    1107.000      -71488.8721
    1108.000      -71387.1009
    1109.000      -71037.2542
    1110.000      -71424.6153
    1111.000      -71483.6730
    1112.000      -71337.9418
    1113.000      -71323.9384
    1114.000      -71622.1849
    1115.000      -71514.9820
    1116.000      -71527.1810
    1117.000      -71716.5252
    1118.000      -71427.6009
    1119.000      -71094.4181
    1120.000      -71082.8339
    1121.000      -71154.1372
    1122.000      -71436.7838
    1123.000      -71404.7209
    1124.000      -71721.6639
    1125.000      -71585.8468
    1126.000      -71489.8844
    1127.000      -71624.6052
    1128.000      -71235.5520
    1129.000      -71409.1099
    1130.000      -71454.9729
    1131.000      -71564.5580
    1132.000      -71330.4035
    1133.000      -71300.1171
    1134.000      -70909.8522
    1135.000      -71390.0471
    1136.000      -71239.2894
    1137.000      -71527.5598
    1138.000      -71367.5352
    1139.000      -71369.7224
    1140.000      -70996.8275
    1141.000      -71560.0839
    1142.000      -71231.6660
    1143.000      -71435.7721
    1144.000      -71206.0294
    1145.000      -71326.3801
    1146.000      -71386.3994
    1147.000      -71542.3651
    1148.000      -71428.7048
    1149.000      -71814.6370
    1150.000      -71461.8127
    1151.000      -71563.2523
    1152.000      -71693.3739
    1153.000      -71414.6533
    1154.000      -71414.0117
    1155.000      -71485.0203
    1156.000      -71736.8185
    1157.000      -71744.9324
    1158.000      -71373.1827
    1159.000      -71329.1904
    1160.000      -71518.6336
    1161.000      -71320.0104
    1162.000      -71641.0196
    1163.000      -71674.7099
    1164.000      -71498.1265
    1165.000      -71199.4617
    1166.000      -71292.8871
    1167.000      -71051.4815
    1168.000      -71264.9478
    1169.000      -71512.2860
    1170.000      -71617.2411
    1171.000      -71574.2873
    1172.000      -71238.3807
    1173.000      -71288.5782
    1174.000      -71440.7029
    1175.000      -71421.3219
    1176.000      -71666.9566
    1177.000      -71101.1369
    1178.000      -71253.1475
    1179.000      -71453.7763
    1180.000      -71294.2806
    1181.000      -70812.5411
    1182.000      -71566.2768
    1183.000      -71300.6281
    1184.000      -71330.6382
    1185.000      -71237.1343
    1186.000      -71243.8839
    1187.000      -71844.0922
    1188.000      -71332.7957
    1189.000      -71558.8432
    1190.000      -71664.6707
    1191.000      -71172.0551
    1192.000      -71089.7769
    1193.000      -71670.4571
    1194.000      -71332.7586
    1195.000      -71422.4569
    1196.000      -71444.1558
    1197.000      -71477.7901
    1198.000      -71155.1745
    1199.000      -70973.9046
    1200.000      -71136.7487
    1201.000      -71285.8699
    1202.000      -71566.2623
    1203.000      -71230.3750
    1204.000      -71610.3428
    1205.000      -71358.3985
    1206.000      -71248.9062
    1207.000      -71163.5742
    1208.000      -71614.0160
    1209.000      -71562.1247
    1210.000      -71280.1422
    1211.000      -71310.7333
    1212.000      -71463.0862
    1213.000      -71111.7911
    1214.000      -71257.9816
    1215.000      -71902.8022
    1216.000      -71414.1042
    1217.000      -71186.9717
    1218.000      -71393.5128
    1219.000      -71294.3647
    1220.000      -71313.6039
    1221.000      -71670.9126
    1222.000      -71567.2675
    1223.000      -71249.2867
    1224.000      -71318.9926
    1225.000      -71636.9969
    1226.000      -71326.5698
    1227.000      -71348.8376
    1228.000      -71474.0009
    1229.000      -70953.5818
    1230.000      -71406.5355
    1231.000      -71426.8898
    1232.000      -71671.5288
    1233.000      -71474.0046
    1234.000      -71491.4989
    1235.000      -71570.4288
    1236.000      -70960.5866
    1237.000      -71378.3811
    1238.000      -71601.8549
    1239.000      -71181.2370
    1240.000      -71496.9208
    1241.000      -71425.0926
    1242.000      -71395.8286
    1243.000      -71417.7109
    1244.000      -71543.7721
    1245.000      -71312.9672
    1246.000      -71057.4727
    1247.000      -71372.3752
    1248.000      -71761.4428
    1249.000      -71616.4223
    1250.000      -71453.2246
    1251.000      -70942.8696
    1252.000      -71436.4514
    1253.000      -71217.3716
    1254.000      -71489.9288
    1255.000      -71451.0942
    1256.000      -71499.7251
    1257.000      -71626.2719
    1258.000      -71338.4096
    1259.000      -71587.6341
    1260.000      -71409.2587
    1261.000      -71217.9211
    1262.000      -71224.8444
    1263.000      -71440.9042
    1264.000      -71149.1978
    1265.000      -71214.5983
    1266.000      -71469.4494
    1267.000      -71160.8136
    1268.000      -71477.2563
    1269.000      -71554.4080
    1270.000      -71733.6072
    1271.000      -71675.9786
    1272.000      -71564.7322
    1273.000      -71534.9158
    1274.000      -71743.4271
    1275.000      -71382.7688
    1276.000      -71336.5003
    1277.000      -71442.6357
    1278.000      -71422.3709
    1279.000      -71373.4689
    1280.000      -71490.2059
    1281.000      -71778.4083
    1282.000      -71515.8969
    1283.000      -71449.9706
    1284.000      -71227.0606
    1285.000      -71439.5942
    1286.000      -71547.9025
    1287.000      -71447.9789
    1288.000      -71565.5527
    1289.000      -71339.5560
    1290.000      -71453.3726
    1291.000      -71343.7881
    1292.000      -71645.8625
    1293.000      -71489.3175
    1294.000      -71318.5784
    1295.000      -71370.0798
    1296.000      -71456.5807
    1297.000      -71621.8877
    1298.000      -71429.4422
    1299.000      -71628.3774
    1300.000      -71151.1706
    1301.000      -71496.8620
    1302.000      -70866.6138
    1303.000      -71100.2695
    1304.000      -71058.9189
    1305.000      -71231.8923
    1306.000      -71470.3519
    1307.000      -71633.4593
    1308.000      -71739.7875
    1309.000      -71419.9935
    1310.000      -71457.4990
    1311.000      -71236.5337
    1312.000      -71388.1806
    1313.000      -71158.1212
    1314.000      -71399.8712
    1315.000      -71700.9192
    1316.000      -71620.1261
    1317.000      -71740.4241
    1318.000      -71138.3046
    1319.000      -71252.3072
    1320.000      -71262.5171
    1321.000      -71161.0689
    1322.000      -71325.6603
    1323.000      -71085.4929
    1324.000      -71375.6488
    1325.000      -71431.0268
    1326.000      -71208.9899
    1327.000      -71442.7083
    1328.000      -71397.4475
    1329.000      -71403.1943
    1330.000      -71578.7763
    1331.000      -71204.1579
    1332.000      -71534.1063
    1333.000      -71413.0670
    1334.000      -71655.1970
    1335.000      -71544.2468
    1336.000      -71399.9046
    1337.000      -71485.1381
    1338.000      -71364.3870
    1339.000      -71469.2897
    1340.000      -71545.4516
    1341.000      -71204.3357
    1342.000      -71617.9409
    1343.000      -71280.6094
    1344.000      -71190.9165
    1345.000      -71332.2301
    1346.000      -71424.2001
    1347.000      -71171.2884
    1348.000      -71405.8754
    1349.000      -71591.4071
    1350.000      -71686.8264
    1351.000      -71342.3658
    1352.000      -71043.8893
    1353.000      -71416.1115
    1354.000      -71495.4887
    1355.000      -71784.3922
    1356.000      -71384.9924
    1357.000      -71394.0362
    1358.000      -71369.4588
    1359.000      -71456.8005
    1360.000      -71545.8876
    1361.000      -71425.5560
    1362.000      -71348.2953
    1363.000      -71320.2014
    1364.000      -71148.0556
    1365.000      -71362.7080
    1366.000      -71410.6284
    1367.000      -71520.6716
    1368.000      -71187.1538
    1369.000      -71165.7584
    1370.000      -71593.2803
    1371.000      -71666.7852
    1372.000      -71268.6179
    1373.000      -71397.1288
    1374.000      -71754.9383
    1375.000      -71435.6428
    1376.000      -71335.8737
    1377.000      -71475.5989
    1378.000      -71292.4867
    1379.000      -71442.9021
    1380.000      -71420.8045
    1381.000      -71223.2342
    1382.000      -71638.3886
    1383.000      -71369.3448
    1384.000      -71388.0171
    1385.000      -71425.0254
    1386.000      -71816.6825
    1387.000      -71049.8995
    1388.000      -71429.9690
    1389.000      -71222.3904
    1390.000      -71571.4269
    1391.000      -71192.3385
    1392.000      -71289.3931
    1393.000      -71551.1266
    1394.000      -71346.1895
    1395.000      -71355.1929
    1396.000      -71284.4760
    1397.000      -71325.3620
    1398.000      -71579.6227
    1399.000      -71364.1337
    1400.000      -71487.9706
    1401.000      -71349.6751
    1402.000      -71300.1418
    1403.000      -71397.9745
    1404.000      -71050.2912
    1405.000      -71288.1867
    1406.000      -71412.0391
    1407.000      -71285.5247
    1408.000      -71416.0790
    1409.000      -71432.9239
    1410.000      -71500.2135
    1411.000      -71409.8849
    1412.000      -71659.2086
    1413.000      -71479.0133
    1414.000      -71588.4636
    1415.000      -71310.2184
    1416.000      -71569.8878
    1417.000      -71354.0692
    1418.000      -71197.3217
    1419.000      -71576.9678
    1420.000      -71095.7001
    1421.000      -71449.4679
    1422.000      -71738.3755
    1423.000      -71330.1993
    1424.000      -71419.2792
    1425.000      -71453.7186
    1426.000      -71468.6627
    1427.000      -71213.0248
    1428.000      -71331.9962
    1429.000      -71593.3630
    1430.000      -71754.2796
    1431.000      -71450.0637
    1432.000      -71696.8621
    1433.000      -71557.6553
    1434.000      -71382.9755
    1435.000      -71305.9773
    1436.000      -71614.3624
    1437.000      -71458.4567
    1438.000      -71298.3620
    1439.000      -71502.7385
    1440.000      -71613.9692
    1441.000      -71543.3764
    1442.000      -71634.9847
    1443.000      -71820.1048
    1444.000      -71449.9953
    1445.000      -71494.0216
    1446.000      -71130.0462
    1447.000      -71410.8955
    1448.000      -71737.6961
    1449.000      -71480.2925
    1450.000      -71209.4879
    1451.000      -70946.4947
    1452.000      -71409.2353
    1453.000      -71476.6973
    1454.000      -71559.9913
    1455.000      -71508.2065
    1456.000      -71781.3628
    1457.000      -71514.9994
    1458.000      -71485.3062
    1459.000      -71230.6242
    1460.000      -71299.0871
    1461.000      -71276.1289
    1462.000      -71199.5662
    1463.000      -71147.2094
    1464.000      -71454.7244
    1465.000      -71553.1693
    1466.000      -71196.7411
    1467.000      -71576.6941
    1468.000      -71638.0374
    1469.000      -71631.7693
    1470.000      -71624.6640
    1471.000      -71304.8648
    1472.000      -71406.1800
    1473.000      -71470.7029
    1474.000      -71160.7820
    1475.000      -71359.3993
    1476.000      -71443.4249
    1477.000      -71265.1938
    1478.000      -71443.5352
    1479.000      -71390.7628
    1480.000      -71507.6350
    1481.000      -71432.6344
    1482.000      -71430.6768
    1483.000      -71326.3771
    1484.000      -71387.4255
    1485.000      -71328.2277
    1486.000      -71368.8132
    1487.000      -71101.0088
    1488.000      -71330.3276
    1489.000      -71578.4570
    1490.000      -71934.6010
    1491.000      -71757.6157
    1492.000      -71893.9252
    1493.000      -71094.9279
    1494.000      -71360.0407
    1495.000      -71756.8723
    1496.000      -71266.5855
    1497.000      -71627.1552
    1498.000      -71415.0389
    1499.000      -71508.3453
    1500.000      -71695.3771
    1501.000      -71453.9659
    1502.000      -71616.2685
    1503.000      -71454.7943
    1504.000      -71492.7014
    1505.000      -71364.3064
    1506.000      -71557.7801
    1507.000      -71494.3671
    1508.000      -71694.1575
    1509.000      -71220.6835
    1510.000      -71530.9149
    1511.000      -71528.1036
    1512.000      -71801.2061
    1513.000      -71468.9199
    1514.000      -71415.6353
    1515.000      -71616.5595
    1516.000      -71409.5599
    1517.000      -71356.8906
    1518.000      -71648.5422
    1519.000      -71506.2354
    1520.000      -71487.5155
    1521.000      -71377.8208
    1522.000      -71725.1977
    1523.000      -71420.5162
    1524.000      -71572.7653
    1525.000      -71594.9719
    1526.000      -71520.9455
    1527.000      -71649.4268
    1528.000      -71536.0670
    1529.000      -71539.1516
    1530.000      -71140.8371
    1531.000      -71202.5534
    1532.000      -71228.5507
    1533.000      -71297.0737
    1534.000      -71120.8895
    1535.000      -71648.2736
    1536.000      -71611.4038
    1537.000      -71861.2187
    1538.000      -71483.4367
    1539.000      -71623.3922
    1540.000      -71413.8740
    1541.000      -71660.3420
    1542.000      -71634.8351
    1543.000      -71845.5140
    1544.000      -71553.8109
    1545.000      -71290.2585
    1546.000      -71734.9306
    1547.000      -71681.5479
    1548.000      -71468.0629
    1549.000      -71564.2647
    1550.000      -71408.4939
    1551.000      -71651.9399
    1552.000      -71368.2676
    1553.000      -71331.7394
    1554.000      -71434.6504
    1555.000      -71598.1981
    1556.000      -71776.6019
    1557.000      -71516.5342
    1558.000      -71544.4068
    1559.000      -71696.1146
    1560.000      -71406.3829
    1561.000      -71489.3279
    1562.000      -71758.0370
    1563.000      -71855.8125
    1564.000      -71490.3431
    1565.000      -71495.3086
    1566.000      -71359.0282
    1567.000      -71658.9743
    1568.000      -71119.1684
    1569.000      -71157.8360
    1570.000      -71994.0704
    1571.000      -71394.1711
    1572.000      -71502.7779
    1573.000      -71457.7324
    1574.000      -71375.3753
    1575.000      -71361.6050
    1576.000      -71616.6995
    1577.000      -71593.4098
    1578.000      -71394.0946
    1579.000      -71231.1035
    1580.000      -71443.9535
    1581.000      -71512.1056
    1582.000      -71364.7763
    1583.000      -71292.0924
    1584.000      -71683.3507
    1585.000      -71280.7248
    1586.000      -71351.2914
    1587.000      -71223.2832
    1588.000      -71427.9493
    1589.000      -71451.4231
    1590.000      -71561.2793
    1591.000      -71745.1505
    1592.000      -71555.6912
    1593.000      -71812.4889
    1594.000      -71753.3063
    1595.000      -71268.1523
    1596.000      -71422.6672
    1597.000      -71454.9317
    1598.000      -71555.1951
    1599.000      -71507.3474
    1600.000      -71344.3928
    1601.000      -71159.5577
    1602.000      -71626.5466
    1603.000      -71389.5302
    1604.000      -71540.8276
    1605.000      -71639.5312
    1606.000      -71381.9109
    1607.000      -71469.0819
    1608.000      -71615.1265
    1609.000      -71416.8590
    1610.000      -71310.0371
    1611.000      -71494.0762
    1612.000      -71632.9732
    1613.000      -71598.0256
    1614.000      -71669.5328
    1615.000      -71292.0102
    1616.000      -71416.3122
    1617.000      -71385.4226
    1618.000      -71386.6241
    1619.000      -71205.4395
    1620.000      -71360.6267
    1621.000      -71581.7345
    1622.000      -71433.7014
    1623.000      -71411.1022
    1624.000      -71519.9337
    1625.000      -71238.8741
    1626.000      -71382.2930
    1627.000      -71292.7027
    1628.000      -71515.8869
    1629.000      -71409.2909
    1630.000      -71414.0998
    1631.000      -71206.9636
    1632.000      -71403.3934
    1633.000      -70860.3318
    1634.000      -71323.9641
    1635.000      -71563.1953
    1636.000      -71152.2037
    1637.000      -71499.2100
    1638.000      -71662.7528
    1639.000      -71328.3263
    1640.000      -71626.7716
    1641.000      -71537.3116
    1642.000      -71703.9163
    1643.000      -71557.5511
    1644.000      -71909.4865
    1645.000      -71652.5231
    1646.000      -71508.9214
    1647.000      -71149.1880
    1648.000      -71410.4420
    1649.000      -71724.2824
    1650.000      -71280.6738
    1651.000      -71804.1048
    1652.000      -71716.0741
    1653.000      -71601.5727
    1654.000      -71676.0264
    1655.000      -71617.8309
    1656.000      -71587.8995
    1657.000      -71563.0816
    1658.000      -71413.5704
    1659.000      -71792.5115
    1660.000      -71339.9385
    1661.000      -71537.3449
    1662.000      -71640.7647
    1663.000      -71840.1758
    1664.000      -71395.0004
    1665.000      -71598.8342
    1666.000      -71762.9627
    1667.000      -71301.9972
    1668.000      -71373.7234
    1669.000      -71358.9769
    1670.000      -71805.5212
    1671.000      -71421.5681
    1672.000      -71745.5559
    1673.000      -71477.5081
    1674.000      -71437.0789
    1675.000      -71799.2380
    1676.000      -71731.2976
    1677.000      -71457.1292
    1678.000      -71420.1478
    1679.000      -71182.2848
    1680.000      -71294.4420
    1681.000      -71778.3618
    1682.000      -71443.3318
    1683.000      -71662.3717
    1684.000      -71294.4679
    1685.000      -71528.9711
    1686.000      -71283.8356
    1687.000      -71617.6831
    1688.000      -71429.0273
    1689.000      -71519.3210
    1690.000      -71593.7188
    1691.000      -71553.9910
    1692.000      -71570.3860
    1693.000      -71353.0515
    1694.000      -71277.0388
    1695.000      -71600.1383
    1696.000      -71888.2789
    1697.000      -72068.0396
    1698.000      -71700.8561
    1699.000      -71374.5689
    1700.000      -71200.7013
    1701.000      -71380.3801
    1702.000      -71263.8053
    1703.000      -71233.7643
    1704.000      -71525.2804
    1705.000      -71344.1961
    1706.000      -71607.8865
    1707.000      -71696.2607
    1708.000      -71503.6711
    1709.000      -71277.0549
    1710.000      -71231.2640
    1711.000      -71469.0159
    1712.000      -71518.3290
    1713.000      -71480.8658
    1714.000      -71718.1196
    1715.000      -71200.5941
    1716.000      -71649.3836
    1717.000      -71791.0893
    1718.000      -71388.7885
    1719.000      -71565.3333
    1720.000      -71578.5340
    1721.000      -71253.8747
    1722.000      -71351.1904
    1723.000      -71559.5082
    1724.000      -71693.3702
    1725.000      -71828.3366
    1726.000      -71700.9893
    1727.000      -71409.9861
    1728.000      -71736.6795
    1729.000      -71622.8520
    1730.000      -71161.8675
    1731.000      -71373.0441
    1732.000      -71778.1380
    1733.000      -71422.6961
    1734.000      -71568.8778
    1735.000      -71371.7479
    1736.000      -71592.0510
    1737.000      -71429.1604
    1738.000      -71471.1884
    1739.000      -71357.1134
    1740.000      -71581.7312
    1741.000      -71375.1410
    1742.000      -71348.3625
    1743.000      -71577.9353
    1744.000      -71530.9218
    1745.000      -71713.9482
    1746.000      -71637.1723
    1747.000      -71470.7089
    1748.000      -71554.4331
    1749.000      -71686.2825
    1750.000      -71426.1827
    1751.000      -71576.2007
    1752.000      -71533.1385
    1753.000      -71567.9671
    1754.000      -71422.2954
    1755.000      -71740.0293
    1756.000      -71820.3911
    1757.000      -71635.7642
    1758.000      -71426.7451
    1759.000      -71798.7808
    1760.000      -71504.8076
    1761.000      -71631.7154
    1762.000      -71613.9157
    1763.000      -71389.0193
    1764.000      -71212.3459
    1765.000      -71394.6321
    1766.000      -71592.8330
    1767.000      -71541.0658
    1768.000      -71649.6284
    1769.000      -71573.2293
    1770.000      -71315.6115
    1771.000      -71674.3606
    1772.000      -71874.5472
    1773.000      -71474.6932
    1774.000      -71636.8229
    1775.000      -71524.6284
    1776.000      -71692.5658
    1777.000      -71482.9385
    1778.000      -71357.0687
    1779.000      -71312.6350
    1780.000      -71638.1971
    1781.000      -71719.0921
    1782.000      -71820.6536
    1783.000      -71417.0757
    1784.000      -71616.2102
    1785.000      -71688.6467
    1786.000      -71711.2321
    1787.000      -71408.6411
    1788.000      -71709.8109
    1789.000      -71689.7700
    1790.000      -71817.7598
    1791.000      -71379.9391
    1792.000      -71390.0286
    1793.000      -71745.1056
    1794.000      -71719.5258
    1795.000      -71428.7365
    1796.000      -71412.3842
    1797.000      -71528.4566
    1798.000      -71636.3339
    1799.000      -71523.8430
    1800.000      -71561.2833
    1801.000      -71820.8680
    1802.000      -71675.2074
    1803.000      -71820.1563
    1804.000      -71516.5812
    1805.000      -71395.4099
    1806.000      -71693.4552
    1807.000      -71598.1622
    1808.000      -71455.4805
    1809.000      -71540.9639
    1810.000      -71744.3078
    1811.000      -71761.8019
    1812.000      -71665.2475
    1813.000      -71433.6963
    1814.000      -71436.3102
    1815.000      -71551.3984
    1816.000      -71607.5743
    1817.000      -71487.8417
    1818.000      -71617.3056
    1819.000      -71599.4366
    1820.000      -71522.0141
    1821.000      -71748.8606
    1822.000      -71726.8546
    1823.000      -71421.5110
    1824.000      -71406.0879
    1825.000      -71626.6249
    1826.000      -71390.7168
    1827.000      -71466.7842
    1828.000      -71459.3747
    1829.000      -71689.5351
    1830.000      -71390.5815
    1831.000      -71335.6949
    1832.000      -71660.7567
    1833.000      -71561.8187
    1834.000      -71341.6924
    1835.000      -71443.6272
    1836.000      -71078.1039
    1837.000      -71861.6119
    1838.000      -71846.6493
    1839.000      -71287.4616
    1840.000      -71791.4580
    1841.000      -71471.8155
    1842.000      -71701.0229
    1843.000      -71433.1508
    1844.000      -71615.3283
    1845.000      -71435.4566
    1846.000      -71733.1986
    1847.000      -72036.7097
    1848.000      -71775.7355
    1849.000      -71852.7262
    1850.000      -71656.4816
    1851.000      -71574.1912
    1852.000      -71736.5293
    1853.000      -71495.9584
    1854.000      -71455.7939
    1855.000      -71569.8270
    1856.000      -71487.5681
    1857.000      -71606.6158
    1858.000      -71397.5682
    1859.000      -71315.0468
    1860.000      -71769.6916
    1861.000      -71724.6637
    1862.000      -71772.1444
    1863.000      -71781.5628
    1864.000      -71635.5997
    1865.000      -71661.1433
    1866.000      -71579.9204
    1867.000      -71756.8454
    1868.000      -71413.0814
    1869.000      -71828.3424
    1870.000      -71325.1024
    1871.000      -71292.1575
    1872.000      -71384.8924
    1873.000      -71525.8957
    1874.000      -71701.8643
    1875.000      -71899.1085
    1876.000      -71543.9883
    1877.000      -71369.5652
    1878.000      -71317.9213
    1879.000      -71455.1359
    1880.000      -71507.8275
    1881.000      -71721.2992
    1882.000      -71766.5300
    1883.000      -71358.8224
    1884.000      -71609.5630
    1885.000      -71864.5526
    1886.000      -71670.1283
    1887.000      -71462.1261
    1888.000      -71359.9560
    1889.000      -71415.9129
    1890.000      -71648.5792
    1891.000      -71588.1761
    1892.000      -71435.8900
    1893.000      -71369.5530
    1894.000      -71963.0590
    1895.000      -71788.6027
    1896.000      -71447.9360
    1897.000      -71294.1262
    1898.000      -71704.1494
    1899.000      -71638.7003
    1900.000      -71634.5396
    1901.000      -71526.5462
    1902.000      -71284.2519
    1903.000      -71414.1235
    1904.000      -71330.8637
    1905.000      -71561.8187
    1906.000      -71623.9622
    1907.000      -71417.5211
    1908.000      -71649.3737
    1909.000      -71601.6782
    1910.000      -71753.5083
    1911.000      -71650.4334
    1912.000      -71671.9783
    1913.000      -71556.5835
    1914.000      -71537.3437
    1915.000      -71589.5901
    1916.000      -71677.6335
    1917.000      -71661.1959
    1918.000      -71272.8150
    1919.000      -71373.8558
    1920.000      -71503.5040
    1921.000      -71295.7240
    1922.000      -71526.5470
    1923.000      -71588.5442
    1924.000      -71616.2706
    1925.000      -71579.0493
    1926.000      -71217.2294
    1927.000      -71670.6665
    1928.000      -71520.3109
    1929.000      -71212.2366
    1930.000      -71544.6617
    1931.000      -71605.1544
    1932.000      -71634.9941
    1933.000      -71755.8901
    1934.000      -71704.0488
    1935.000      -71670.2471
    1936.000      -71497.0649
    1937.000      -71546.5983
    1938.000      -71690.8540
    1939.000      -71584.1810
    1940.000      -71628.4080
    1941.000      -71838.2319
    1942.000      -71849.2950
    1943.000      -71426.5032
    1944.000      -71666.3870
    1945.000      -71416.3432
    1946.000      -71201.7682
    1947.000      -71486.4142
    1948.000      -71733.3954
    1949.000      -71525.1206
    1950.000      -71448.8831
    1951.000      -71701.1480
    1952.000      -71973.0995
    1953.000      -71709.5480
    1954.000      -71562.3310
    1955.000      -71713.1050
    1956.000      -71396.6702
    1957.000      -71534.4204
    1958.000      -71301.2384
    1959.000      -71268.0883
    1960.000      -71493.7308
    1961.000      -71516.3992
    1962.000      -71519.1006
    1963.000      -71497.5412
    1964.000      -71565.8843
    1965.000      -71577.6808
    1966.000      -71687.2953
    1967.000      -71829.2259
    1968.000      -71281.5733
    1969.000      -71686.9812
    1970.000      -71677.8896
    1971.000      -71434.0987
    1972.000      -71873.1736
    1973.000      -71736.6363
    1974.000      -71756.4002
    1975.000      -71763.8401
    1976.000      -71643.8812
    1977.000      -71512.8612
    1978.000      -71526.4593
    1979.000      -71408.6864
    1980.000      -71537.5133
    1981.000      -71950.5784
    1982.000      -71541.6866
    1983.000      -71505.5661
    1984.000      -71398.6563
    1985.000      -71550.8362
    1986.000      -71755.0301
    1987.000      -71839.2919
    1988.000      -71499.5018
    1989.000      -71472.6155
    1990.000      -71670.5405
    1991.000      -71499.5022
    1992.000      -71729.4529
    1993.000      -71802.4299
    1994.000      -71513.2742
    1995.000      -71549.4848
    1996.000      -71859.8472
    1997.000      -71652.3920
    1998.000      -71514.5852
    1999.000      -71785.6790
    2000.000      -71402.2208
    2001.000      -71507.6282
    2002.000      -71517.2257
    2003.000      -71462.6372
    2004.000      -71555.9622
    2005.000      -71820.7346
    2006.000      -71618.9852
    2007.000      -71744.3227
    2008.000      -71978.2484
    2009.000      -71561.7822
    2010.000      -71369.2133
    2011.000      -71936.7355
    2012.000      -71708.5930
    2013.000      -71791.1960
    2014.000      -71589.2769
    2015.000      -71496.6617
    2016.000      -71615.5480
    2017.000      -71447.2495
    2018.000      -71469.9448
    2019.000      -71611.9179
    2020.000      -71478.4254
    2021.000      -71522.7804
    2022.000      -71506.4403
    2023.000      -71842.4510
    2024.000      -71710.5231
    2025.000      -71604.2906
    2026.000      -71585.0544
    2027.000      -71331.6107
    2028.000      -71241.5971
    2029.000      -71247.1181
    2030.000      -71748.2580
    2031.000      -71397.5850
    2032.000      -71258.0185
    2033.000      -71842.0522
    2034.000      -71603.4994
    2035.000      -71721.9164
    2036.000      -71637.7995
    2037.000      -71590.8234
    2038.000      -71603.5550
    2039.000      -71529.9685
    2040.000      -71326.3916
    2041.000      -71898.8530
    2042.000      -71873.7838
    2043.000      -71543.4552
    2044.000      -71593.2431
    2045.000      -71662.2245
    2046.000      -71382.6825
    2047.000      -71663.4462
    2048.000      -71614.7245
    2049.000      -71706.9905
    2050.000      -71206.7845
    2051.000      -71495.1251
    2052.000      -71656.9166
    2053.000      -71558.5947
    2054.000      -71668.3045
    2055.000      -71564.8018
    2056.000      -71628.1527
    2057.000      -71569.1437
    2058.000      -71856.5812
    2059.000      -71231.7784
    2060.000      -71859.8037
    2061.000      -71928.6961
    2062.000      -71944.5648
    2063.000      -71711.3493
    2064.000      -71706.7099
    2065.000      -71402.4050
    2066.000      -71628.2824
    2067.000      -71815.2548
    2068.000      -71810.5510
    2069.000      -71759.4628
    2070.000      -71540.6868
    2071.000      -71304.2503
    2072.000      -71565.9674
    2073.000      -71838.0056
    2074.000      -71754.2469
    2075.000      -71530.5408
    2076.000      -71392.4682
    2077.000      -71568.6039
    2078.000      -71670.0032
    2079.000      -71656.4928
    2080.000      -71460.1678
    2081.000      -71443.2999
    2082.000      -71763.6731
    2083.000      -71603.3949
    2084.000      -71633.4289
    2085.000      -71349.5570
    2086.000      -71426.7024
    2087.000      -71671.9377
    2088.000      -71533.3458
    2089.000      -71566.2139
    2090.000      -71924.3883
    2091.000      -71589.1097
    2092.000      -71657.4326
    2093.000      -71381.3354
    2094.000      -71464.8660
    2095.000      -71325.4025
    2096.000      -71476.7491
    2097.000      -71490.6856
    2098.000      -71425.3449
    2099.000      -71295.7179
    2100.000      -71671.9635
    2101.000      -71749.8192
    2102.000      -71824.2343
    2103.000      -71740.1742
    2104.000      -71809.8279
    2105.000      -71747.6353
    2106.000      -71747.7794
    2107.000      -71652.5078
    2108.000      -71512.9506
    2109.000      -71929.9366
    2110.000      -71687.4145
    2111.000      -71678.3210
    2112.000      -71702.8446
    2113.000      -71767.3901
    2114.000      -71529.6423
    2115.000      -71256.7212
    2116.000      -71828.8631
    2117.000      -71891.4649
    2118.000      -71324.0653
    2119.000      -71962.9174
    2120.000      -71866.3075
    2121.000      -71588.5326
    2122.000      -71744.6734
    2123.000      -71201.9418
    2124.000      -71430.6336
    2125.000      -71706.3807
    2126.000      -71809.3790
    2127.000      -71641.9303
    2128.000      -71491.4425
    2129.000      -71805.9475
    2130.000      -71724.8932
    2131.000      -71500.9940
    2132.000      -71576.9269
    2133.000      -71804.9567
    2134.000      -71593.5453
    2135.000      -71918.6045
    2136.000      -71485.9954
    2137.000      -71754.2564
    2138.000      -71606.2227
    2139.000      -71724.0522
    2140.000      -71570.6386
    2141.000      -71683.4931
    2142.000      -71794.9261
    2143.000      -71630.9350
    2144.000      -71995.8942
    2145.000      -71562.8316
    2146.000      -71760.0814
    2147.000      -71587.0248
    2148.000      -71537.7334
    2149.000      -71788.7266
    2150.000      -71891.5761
    2151.000      -71623.6513
    2152.000      -71818.6179
    2153.000      -71767.8468
    2154.000      -71655.0930
    2155.000      -71763.3397
    2156.000      -71890.7435
    2157.000      -71721.5635
    2158.000      -71899.2827
    2159.000      -71518.2587
    2160.000      -71483.2017
    2161.000      -71740.8275
    2162.000      -71751.0347
    2163.000      -71704.4239
    2164.000      -71763.6043
    2165.000      -71866.9673
    2166.000      -71866.6135
    2167.000      -72085.2781
    2168.000      -71433.6517
    2169.000      -71688.4036
    2170.000      -71688.6103
    2171.000      -71905.7904
    2172.000      -71389.1510
    2173.000      -71640.3276
    2174.000      -71649.1809
    2175.000      -71622.2770
    2176.000      -71666.0897
    2177.000      -71582.0720
    2178.000      -71705.8531
    2179.000      -71551.6878
    2180.000      -71744.6411
    2181.000      -71268.4750
    2182.000      -71306.8354
    2183.000      -71816.1707
    2184.000      -71757.6811
    2185.000      -71547.1327
    2186.000      -71902.2737
    2187.000      -71640.7904
    2188.000      -71858.0231
    2189.000      -72049.6779
    2190.000      -71576.3541
    2191.000      -71578.6674
    2192.000      -71513.7542
    2193.000      -71514.3061
    2194.000      -71924.1033
    2195.000      -71646.8061
    2196.000      -71477.1466
    2197.000      -71886.3173
    2198.000      -71611.9895
    2199.000      -71644.0593
    2200.000      -71543.1466
    2201.000      -71724.5005
    2202.000      -71843.8138
    2203.000      -71481.5068
    2204.000      -71545.7712
    2205.000      -71482.2850
    2206.000      -71573.7372
    2207.000      -71941.8775
    2208.000      -71782.7045
    2209.000      -71509.4353
    2210.000      -71617.2858
    2211.000      -71793.3585
    2212.000      -71586.5062
    2213.000      -71885.1442
    2214.000      -71432.8327
    2215.000      -71520.4033
    2216.000      -71599.4864
    2217.000      -71731.8017
    2218.000      -71671.2979
    2219.000      -71751.5399
    2220.000      -71709.0953
    2221.000      -71490.8590
    2222.000      -71719.9897
    2223.000      -71768.8882
    2224.000      -71985.9252
    2225.000      -71764.1243
    2226.000      -71706.8402
    2227.000      -71720.2918
    2228.000      -71789.4067
    2229.000      -71756.8677
    2230.000      -71488.9119
    2231.000      -71878.0240
    2232.000      -71698.8185
    2233.000      -71332.1351
    2234.000      -71553.6943
    2235.000      -71654.3287
    2236.000      -71588.3506
    2237.000      -71689.0645
    2238.000      -71537.6475
    2239.000      -71697.7411
    2240.000      -71656.1593
    2241.000      -71720.9972
    2242.000      -71525.4295
    2243.000      -71810.0933
    2244.000      -71902.0372
    2245.000      -71936.2069
    2246.000      -71759.3989
    2247.000      -71838.6173
    2248.000      -71355.6488
    2249.000      -71627.8508
    2250.000      -71621.7809
    2251.000      -71636.0223
    2252.000      -71472.5486
    2253.000      -71587.6993
    2254.000      -71397.5499
    2255.000      -71541.4400
    2256.000      -71681.2942
    2257.000      -71702.9820
    2258.000      -71766.9331
    2259.000      -72017.1316
    2260.000      -71673.8018
    2261.000      -71679.0959
    2262.000      -71718.9337
    2263.000      -71724.6737
    2264.000      -71808.1022
    2265.000      -71506.5398
    2266.000      -71679.3639
    2267.000      -71621.1276
    2268.000      -71870.4822
    2269.000      -71544.0765
    2270.000      -71679.6607
    2271.000      -71423.8180
    2272.000      -71709.1401
    2273.000      -71560.6005
    2274.000      -71741.5161
    2275.000      -71600.4820
    2276.000      -71933.8032
    2277.000      -71701.5420
    2278.000      -71778.6049
    2279.000      -71671.2236
    2280.000      -71473.5774
    2281.000      -71397.9577
    2282.000      -71788.9575
    2283.000      -71851.1584
    2284.000      -71832.0564
    2285.000      -71573.5888
    2286.000      -71609.1063
    2287.000      -71332.5474
    2288.000      -71241.2088
    2289.000      -71435.4262
    2290.000      -71736.0963
    2291.000      -71660.0736
    2292.000      -71314.0558
    2293.000      -71623.8083
    2294.000      -71745.5463
    2295.000      -71815.2358
    2296.000      -71710.0238
    2297.000      -71959.9364
    2298.000      -71561.1934
    2299.000      -71635.3762
    2300.000      -71406.6403
    2301.000      -71849.8673
    2302.000      -71855.5076
    2303.000      -71694.3773
    2304.000      -71692.6793
    2305.000      -71430.0160
    2306.000      -71644.7960
    2307.000      -71496.9310
    2308.000      -71439.2402
    2309.000      -71465.9851
    2310.000      -71998.1546
    2311.000      -71412.6186
    2312.000      -71902.1160
    2313.000      -71638.9990
    2314.000      -71847.5827
    2315.000      -71891.1117
    2316.000      -71795.7604
    2317.000      -71774.3063
    2318.000      -71532.0991
    2319.000      -71588.4129
    2320.000      -71528.4197
    2321.000      -71496.4528
    2322.000      -71821.0265
    2323.000      -71565.0232
    2324.000      -71866.8153
    2325.000      -71850.3478
    2326.000      -71470.6846
    2327.000      -71710.9914
    2328.000      -71479.6967
    2329.000      -71636.0932
    2330.000      -71824.0798
    2331.000      -71794.5254
    2332.000      -71477.6008
    2333.000      -71235.6548
    2334.000      -71471.5595
    2335.000      -71493.6644
    2336.000      -71682.7530
    2337.000      -71761.6844
    2338.000      -71628.7588
    2339.000      -71482.5838
    2340.000      -71530.6096
    2341.000      -71672.9176
    2342.000      -71741.1867
    2343.000      -72251.6179
    2344.000      -71546.2726
    2345.000      -71763.8571
    2346.000      -71010.7006
    2347.000      -71657.7484
    2348.000      -71598.7446
    2349.000      -71712.1098
    2350.000      -71607.1596
    2351.000      -71798.6225
    2352.000      -71420.6397
    2353.000      -71528.9846
    2354.000      -71648.0997
    2355.000      -71600.7298
    2356.000      -71659.5082
    2357.000      -71649.0539
    2358.000      -71957.7694
    2359.000      -71374.3866
    2360.000      -71998.1033
    2361.000      -71537.5801
    2362.000      -71832.8831
    2363.000      -71550.7704
    2364.000      -71696.2577
    2365.000      -71501.2311
    2366.000      -71493.2301
    2367.000      -71699.5123
    2368.000      -71504.5885
    2369.000      -71541.1472
    2370.000      -71769.9385
    2371.000      -71604.7832
    2372.000      -71900.2479
    2373.000      -71678.5436
    2374.000      -71973.2640
    2375.000      -71701.3887
    2376.000      -71677.5392
    2377.000      -71677.9392
    2378.000      -71701.9938
    2379.000      -71735.9763
    2380.000      -71695.4649
    2381.000      -71317.7711
    2382.000      -71447.3839
    2383.000      -71766.7333
    2384.000      -71703.2157
    2385.000      -71648.7894
    2386.000      -71571.5580
    2387.000      -71232.6228
    2388.000      -71571.5822
    2389.000      -71922.3399
    2390.000      -71794.2614
    2391.000      -71725.9000
    2392.000      -71884.2078
    2393.000      -71451.2026
    2394.000      -71519.5912
    2395.000      -71591.5240
    2396.000      -71522.1340
    2397.000      -71571.6158
    2398.000      -71657.6925
    2399.000      -71352.2964
    2400.000      -72024.6029
    2401.000      -72164.3713
    2402.000      -71408.6721
    2403.000      -71682.8464
    2404.000      -71418.4127
    2405.000      -71565.7162
    2406.000      -71596.5311
    2407.000      -71190.0141
    2408.000      -71436.8095
    2409.000      -71549.1900
    2410.000      -71487.9725
    2411.000      -71674.8440
    2412.000      -71645.4686
    2413.000      -71330.4835
    2414.000      -71683.2088
    2415.000      -71488.1758
    2416.000      -71542.4814
    2417.000      -71678.5145
    2418.000      -71707.4917
    2419.000      -71835.0534
    2420.000      -71666.9937
    2421.000      -71725.7215
    2422.000      -71483.1389
    2423.000      -71673.2813
    2424.000      -71631.6250
    2425.000      -71522.7426
    2426.000      -71547.7860
    2427.000      -71722.0690
    2428.000      -71888.8976
    2429.000      -71736.8106
    2430.000      -71684.9597
    2431.000      -71472.6675
    2432.000      -71398.3533
    2433.000      -71582.6320
    2434.000      -71627.2904
    2435.000      -72024.0638
    2436.000      -71603.1835
    2437.000      -71798.1656
    2438.000      -71582.6374
    2439.000      -71887.2464
    2440.000      -71722.6358
    2441.000      -71801.0815
    2442.000      -71906.1425
    2443.000      -71789.7324
    2444.000      -71620.6083
    2445.000      -71828.1357
    2446.000      -71723.4307
    2447.000      -71312.4408
    2448.000      -71418.1002
    2449.000      -71733.3780
    2450.000      -71886.2135
    2451.000      -71695.3689
    2452.000      -71582.1171
    2453.000      -71774.9714
    2454.000      -71927.8035
    2455.000      -71629.0986
    2456.000      -71525.9840
    2457.000      -71682.7166
    2458.000      -71511.6985
    2459.000      -71629.9091
    2460.000      -71640.1275
    2461.000      -71595.2788
    2462.000      -71744.6933
    2463.000      -71356.8278
    2464.000      -71303.4150
    2465.000      -71721.4672
    2466.000      -71820.1267
    2467.000      -71584.9134
    2468.000      -71598.7924
    2469.000      -71723.1616
    2470.000      -71607.0633
    2471.000      -71727.4727
    2472.000      -71788.3390
    2473.000      -71452.8431
    2474.000      -71238.7904
    2475.000      -71432.9345
    2476.000      -71716.1745
    2477.000      -71763.0882
    2478.000      -71620.0706
    2479.000      -71316.3390
    2480.000      -71589.9466
    2481.000      -71344.5611
    2482.000      -71609.4093
    2483.000      -71395.6802
    2484.000      -71241.1067
    2485.000      -71696.8196
    2486.000      -71477.5240
    2487.000      -71621.1413
    2488.000      -71855.6214
    2489.000      -71753.2256
    2490.000      -71528.0840
    2491.000      -71643.8647
    2492.000      -71917.9056
    2493.000      -71533.9384
    2494.000      -71587.9303
    2495.000      -71837.8065
    2496.000      -71696.5961
    2497.000      -71837.7845
    2498.000      -71979.3229
    2499.000      -71507.4545
    2500.000      -71505.1460
    2501.000      -71475.8475
    2502.000      -71314.3009
    2503.000      -71569.7757
    2504.000      -71648.6045
    2505.000      -71473.7526
    2506.000      -71830.8373
    2507.000      -71476.1888
    2508.000      -72035.1873
    2509.000      -71715.2590
    2510.000      -71497.3582
    2511.000      -71416.1004
    2512.000      -71548.0042
    2513.000      -71737.7954
    2514.000      -71551.7129
    2515.000      -71665.9979
    2516.000      -71597.7206
    2517.000      -71454.8938
    2518.000      -71988.0317
    2519.000      -71683.3133
    2520.000      -71791.2216
    2521.000      -71316.8518
    2522.000      -71625.4548
    2523.000      -71544.1310
    2524.000      -71814.5753
    2525.000      -71486.1827
    2526.000      -71832.2241
    2527.000      -71864.3801
    2528.000      -71552.9784
    2529.000      -71425.8229
    2530.000      -71690.9929
    2531.000      -71603.7092
    2532.000      -72011.7170
    2533.000      -71893.2973
    2534.000      -71628.5086
    2535.000      -71701.0639
    2536.000      -71500.3784
    2537.000      -71694.3365
    2538.000      -71728.2044
    2539.000      -71463.6352
    2540.000      -71261.9556
    2541.000      -71731.1261
    2542.000      -71412.9126
    2543.000      -71685.1092
    2544.000      -71605.3946
    2545.000      -71785.1211
    2546.000      -71562.8136
    2547.000      -71259.3535
    2548.000      -71741.7517
    2549.000      -71638.6747
    2550.000      -71653.1218
    2551.000      -71839.3245
    2552.000      -71729.0013
    2553.000      -71653.5458
    2554.000      -71858.5065
    2555.000      -71364.8084
    2556.000      -71821.1182
    2557.000      -71705.4188
    2558.000      -71726.6782
    2559.000      -71744.4305
    2560.000      -71675.5490
    2561.000      -71650.0773
    2562.000      -71771.4965
    2563.000      -71851.8207
    2564.000      -71509.7114
    2565.000      -71823.4998
    2566.000      -71865.5067
    2567.000      -71537.4564
    2568.000      -71711.9032
    2569.000      -71916.3604
    2570.000      -71275.0711
    2571.000      -71471.3268
    2572.000      -71909.3027
    2573.000      -72026.9396
    2574.000      -71704.3355
    2575.000      -71716.3145
    2576.000      -71976.5552
    2577.000      -72114.9045
    2578.000      -71822.2904
    2579.000      -71738.7037
    2580.000      -71714.2988
    2581.000      -71590.0201
    2582.000      -71545.0983
    2583.000      -71622.0124
    2584.000      -71806.0172
    2585.000      -71793.4008
    2586.000      -71626.4138
    2587.000      -71685.1430
    2588.000      -71452.3698
    2589.000      -71719.2017
    2590.000      -71544.8612
    2591.000      -71399.3304
    2592.000      -71762.4132
    2593.000      -71639.4965
    2594.000      -72153.4732
    2595.000      -71826.1993
    2596.000      -71807.0152
    2597.000      -71795.7768
    2598.000      -71698.1034
    2599.000      -71696.5083
    2600.000      -71714.1269
    2601.000      -71371.6673
    2602.000      -71520.3896
    2603.000      -71136.7381
    2604.000      -71688.6678
    2605.000      -71860.2144
    2606.000      -71900.0380
    2607.000      -71679.0653
    2608.000      -71359.9313
    2609.000      -72053.2692
    2610.000      -71652.0518
    2611.000      -71587.1851
    2612.000      -71565.8925
    2613.000      -71491.1908
    2614.000      -71408.6115
    2615.000      -71605.5851
    2616.000      -71450.3768
    2617.000      -71404.1131
    2618.000      -71719.6380
    2619.000      -71785.8466
    2620.000      -71607.9202
    2621.000      -71553.5599
    2622.000      -71487.7950
    2623.000      -71438.3732
    2624.000      -71847.1656
    2625.000      -71924.8123
    2626.000      -71590.1070
    2627.000      -71703.8380
    2628.000      -72204.4629
    2629.000      -71430.5161
    2630.000      -71467.2495
    2631.000      -71415.1487
    2632.000      -71843.6674
    2633.000      -71473.6316
    2634.000      -71705.0177
    2635.000      -71526.3105
    2636.000      -71722.0282
    2637.000      -71660.1461
    2638.000      -71795.0382
    2639.000      -71819.7767
    2640.000      -71743.0753
    2641.000      -71768.7316
    2642.000      -72003.6599
    2643.000      -71492.0482
    2644.000      -71658.0749
    2645.000      -71731.0006
    2646.000      -71905.1909
    2647.000      -71901.9360
    2648.000      -71759.3652
    2649.000      -71622.5603
    2650.000      -71447.0446
    2651.000      -71625.1116
    2652.000      -71638.0182
    2653.000      -71539.0251
    2654.000      -71798.2559
    2655.000      -71844.1626
    2656.000      -71795.3274
    2657.000      -71928.7527
    2658.000      -72114.2778
    2659.000      -71661.9326
    2660.000      -71751.8454
    2661.000      -71606.3889
    2662.000      -71710.1036
    2663.000      -71409.9190
    2664.000      -71709.5744
    2665.000      -71917.6472
    2666.000      -71603.7465
    2667.000      -72124.8077
    2668.000      -71851.5392
    2669.000      -71608.5193
    2670.000      -71712.1835
    2671.000      -72011.0668
    2672.000      -71539.0378
    2673.000      -71707.8840
    2674.000      -71264.1274
    2675.000      -71811.9892
    2676.000      -71610.5175
    2677.000      -71550.9746
    2678.000      -71974.3112
    2679.000      -71987.9985
    2680.000      -71996.0967
    2681.000      -71275.0720
    2682.000      -71835.2530
    2683.000      -71964.4777
    2684.000      -71472.9802
    2685.000      -71721.7632
    2686.000      -72002.3103
    2687.000      -72032.3997
    2688.000      -71474.9735
    2689.000      -71565.9387
    2690.000      -71479.8943
    2691.000      -71729.8773
    2692.000      -71683.9831
    2693.000      -71120.6396
    2694.000      -71627.8134
    2695.000      -71524.6686
    2696.000      -71861.5367
    2697.000      -71732.8413
    2698.000      -71692.7094
    2699.000      -71847.6609
    2700.000      -71442.1123
    2701.000      -71968.1010
    2702.000      -71828.1196
    2703.000      -71677.7426
    2704.000      -71420.0526
    2705.000      -71881.1729
    2706.000      -71863.1742
    2707.000      -71847.5134
    2708.000      -71707.5356
    2709.000      -71485.5928
    2710.000      -71549.8304
    2711.000      -71563.4618
    2712.000      -71607.1880
    2713.000      -71821.5859
    2714.000      -71795.4446
    2715.000      -71549.5924
    2716.000      -71611.0950
    2717.000      -71306.1774
    2718.000      -71500.9170
    2719.000      -71807.1536
    2720.000      -71667.6538
    2721.000      -71584.9123
    2722.000      -71788.4502
    2723.000      -71960.5927
    2724.000      -71786.8259
    2725.000      -71884.8940
    2726.000      -72010.5377
    2727.000      -71622.3129
    2728.000      -71748.4548
    2729.000      -71610.1106
    2730.000      -71878.9663
    2731.000      -71813.6983
    2732.000      -71579.0487
    2733.000      -71753.4583
    2734.000      -71709.0170
    2735.000      -71759.4832
    2736.000      -71768.5828
    2737.000      -71637.8077
    2738.000      -71672.8043
    2739.000      -71805.1441
    2740.000      -71674.5739
    2741.000      -71721.1911
    2742.000      -71591.8828
    2743.000      -71758.0315
    2744.000      -71245.4860
    2745.000      -71730.3202
    2746.000      -71846.5753
    2747.000      -71804.8025
    2748.000      -71920.7118
    2749.000      -71848.9138
    2750.000      -71846.2953
    2751.000      -71597.4978
    2752.000      -71448.9027
    2753.000      -71662.4833
    2754.000      -71586.4854
    2755.000      -71787.5230
    2756.000      -71769.7078
    2757.000      -71948.0822
    2758.000      -71944.9183
    2759.000      -71653.2513
    2760.000      -71701.6793
    2761.000      -71589.1886
    2762.000      -71706.1514
    2763.000      -71365.8803
    2764.000      -71679.4677
    2765.000      -71916.4952
    2766.000      -71735.3050
    2767.000      -71946.1948
    2768.000      -71717.8615
    2769.000      -71466.6832
    2770.000      -71950.2049
    2771.000      -71863.7308
    2772.000      -71649.0294
    2773.000      -71656.6671
    2774.000      -71822.4170
    2775.000      -71485.0594
    2776.000      -71824.3088
    2777.000      -71807.6686
    2778.000      -71670.7468
    2779.000      -71762.7035
    2780.000      -71999.7611
    2781.000      -71853.4056
    2782.000      -72099.2416
    2783.000      -72049.5957
    2784.000      -71993.0982
    2785.000      -71815.4037
    2786.000      -71722.2572
    2787.000      -71360.6551
    2788.000      -71808.3667
    2789.000      -71739.9792
    2790.000      -71576.6293
    2791.000      -71869.0925
    2792.000      -71660.9385
    2793.000      -71896.0722
    2794.000      -71753.2487
    2795.000      -71815.1734
    2796.000      -71709.7979
    2797.000      -71725.7031
    2798.000      -71905.8575
    2799.000      -71619.9215
    2800.000      -71827.9344
    2801.000      -71923.3353
    2802.000      -72089.7171
    2803.000      -71750.0396
    2804.000      -71624.7552
    2805.000      -72243.1245
    2806.000      -71745.3955
    2807.000      -71653.9464
    2808.000      -71573.6910
    2809.000      -71676.4359
    2810.000      -71853.3665
    2811.000      -71764.7611
    2812.000      -71634.8393
    2813.000      -71661.1761
    2814.000      -71927.9726
    2815.000      -71887.3230
    2816.000      -71594.8688
    2817.000      -72371.4266
    2818.000      -71837.4378
    2819.000      -71573.6614
    2820.000      -71762.6906
    2821.000      -71430.1665
    2822.000      -71674.2162
    2823.000      -71704.8281
    2824.000      -71702.4840
    2825.000      -71817.0081
    2826.000      -71676.0493
    2827.000      -71553.0045
    2828.000      -71635.8653
    2829.000      -71956.4067
    2830.000      -71854.1100
    2831.000      -71495.5012
    2832.000      -71652.5356
    2833.000      -71585.1549
    2834.000      -71483.1492
    2835.000      -71860.0768
    2836.000      -71922.5393
    2837.000      -71628.8127
    2838.000      -71628.9659
    2839.000      -71915.0604
    2840.000      -71651.5093
    2841.000      -71885.7268
    2842.000      -71609.5748
    2843.000      -71846.8507
    2844.000      -72143.6663
    2845.000      -71729.8420
    2846.000      -71738.6908
    2847.000      -71820.8028
    2848.000      -71491.8802
    2849.000      -71351.3932
    2850.000      -71786.6727
    2851.000      -71426.5481
    2852.000      -71583.0239
    2853.000      -71385.4897
    2854.000      -71648.9781
    2855.000      -71706.1158
    2856.000      -71557.7907
    2857.000      -71581.3506
    2858.000      -71699.8120
    2859.000      -71794.0706
    2860.000      -72001.8465
    2861.000      -71627.1491
    2862.000      -71565.4914
    2863.000      -71781.4907
    2864.000      -71865.1526
    2865.000      -71819.6231
    2866.000      -71899.3095
    2867.000      -71845.8842
    2868.000      -71594.1656
    2869.000      -71874.3326
    2870.000      -71346.7480
    2871.000      -71353.7805
    2872.000      -71610.0935
    2873.000      -71541.2726
    2874.000      -71851.3494
    2875.000      -71514.3793
    2876.000      -71674.7562
    2877.000      -71498.1696
    2878.000      -71678.6410
    2879.000      -71457.4450
    2880.000      -71617.7712
    2881.000      -71411.3624
    2882.000      -71537.8251
    2883.000      -71948.1611
    2884.000      -71832.8344
    2885.000      -71763.8494
    2886.000      -71937.5245
    2887.000      -71598.6228
    2888.000      -71778.5258
    2889.000      -71927.1168
    2890.000      -71800.7461
    2891.000      -71828.3447
    2892.000      -71886.1711
    2893.000      -71743.5668
    2894.000      -71754.5152
    2895.000      -72134.4229
    2896.000      -71692.4003
    2897.000      -71854.6656
    2898.000      -71697.6804
    2899.000      -71590.7533
    2900.000      -71817.5098
    2901.000      -71623.6965
    2902.000      -71810.6808
    2903.000      -72060.3544
    2904.000      -72036.7562
    2905.000      -72045.4803
    2906.000      -71981.5197
    2907.000      -71744.2567
    2908.000      -71255.7727
    2909.000      -71740.2244
    2910.000      -71471.1144
    2911.000      -71256.1095
    2912.000      -71812.6443
    2913.000      -71875.0813
    2914.000      -71505.9261
    2915.000      -71441.5857
    2916.000      -71656.8658
    2917.000      -71556.1113
    2918.000      -72027.1897
    2919.000      -71797.3941
    2920.000      -71943.0609
    2921.000      -71838.2295
    2922.000      -71985.6266
    2923.000      -71562.5994
    2924.000      -71769.5229
    2925.000      -71792.3606
    2926.000      -71773.4269
    2927.000      -71729.6688
    2928.000      -71839.5915
    2929.000      -71667.2468
    2930.000      -71817.0241
    2931.000      -71921.5103
    2932.000      -71846.7680
    2933.000      -71582.8668
    2934.000      -71269.5250
    2935.000      -71355.5660
    2936.000      -71979.8409
    2937.000      -71412.6068
    2938.000      -71379.1046
    2939.000      -71622.4478
    2940.000      -71598.8462
    2941.000      -71799.5274
    2942.000      -71726.6388
    2943.000      -71677.1295
    2944.000      -71965.6257
    2945.000      -71797.9215
    2946.000      -71428.1477
    2947.000      -71697.1355
    2948.000      -71639.7462
    2949.000      -71296.8093
    2950.000      -71427.2416
    2951.000      -71532.8497
    2952.000      -71993.8419
    2953.000      -71664.9233
    2954.000      -72022.7344
    2955.000      -71909.0543
    2956.000      -71831.8731
    2957.000      -71838.6607
    2958.000      -71810.0834
    2959.000      -71516.1180
    2960.000      -71494.1407
    2961.000      -71762.4389
    2962.000      -71776.7297
    2963.000      -71564.3273
    2964.000      -71542.5952
    2965.000      -71436.1373
    2966.000      -71580.4758
    2967.000      -71510.6491
    2968.000      -71450.3273
    2969.000      -71746.7070
    2970.000      -71887.2118
    2971.000      -71820.1446
    2972.000      -71929.9597
    2973.000      -71288.4560
    2974.000      -71814.0772
    2975.000      -71531.1627
    2976.000      -71679.9724
    2977.000      -71833.6265
    2978.000      -71660.6365
    2979.000      -71668.2165
    2980.000      -71536.8136
    2981.000      -71757.8588
    2982.000      -71849.0794
    2983.000      -71885.3287
    2984.000      -71430.5865
    2985.000      -71622.9098
    2986.000      -71769.9217
    2987.000      -71705.8331
    2988.000      -71829.8965
    2989.000      -71502.4249
    2990.000      -71832.1643
    2991.000      -72099.5931
    2992.000      -71875.4702
    2993.000      -71872.0145
    2994.000      -72005.0482
    2995.000      -71831.1594
    2996.000      -71662.1691
    2997.000      -71830.0519
    2998.000      -71663.1025
    2999.000      -71876.8740
    3000.000      -71816.7686
    3001.000      -71752.6411
    3002.000      -71554.2630
    3003.000      -71704.6570
    3004.000      -71861.5441
    3005.000      -71464.7767
    3006.000      -71628.9926
    3007.000      -71649.5489
    3008.000      -71644.7775
    3009.000      -71527.0099
    3010.000      -71649.1697
    3011.000      -71720.4635
    3012.000      -71690.0114
    3013.000      -71774.6272
    3014.000      -71922.9011
    3015.000      -71852.9040
    3016.000      -72248.4118
    3017.000      -71595.2893
    3018.000      -71562.9073
    3019.000      -71965.3529
    3020.000      -71578.8434
    3021.000      -71498.4569
    3022.000      -71667.4479
    3023.000      -71581.1399
    3024.000      -71820.4706
    3025.000      -71930.0055
    3026.000      -71578.1147
    3027.000      -71820.9815
    3028.000      -71509.1339
    3029.000      -71603.2826
    3030.000      -71480.7305
    3031.000      -71505.4303
    3032.000      -71405.1422
    3033.000      -71612.6142
    3034.000      -71815.0927
    3035.000      -71488.3262
    3036.000      -71567.4657
    3037.000      -71775.4341
    3038.000      -71943.1739
    3039.000      -71703.4367
    3040.000      -71520.3770
