     141.000   -416.9
     142.000   -252.5
     143.000   -240.0
     144.000   -234.1
     145.000   -223.4
     146.000     12.1
     147.000   -235.6
     148.000    -53.7
     149.000     13.0
     150.000    -91.3
     151.000      1.4
     152.000    127.4
     153.000   -158.1
     154.000   -140.2
     155.000     72.2
     156.000    -99.9
     157.000     -6.0
     158.000     -0.3
     159.000    -82.5
     160.000     77.0
     161.000    -70.8
     162.000     -7.8
     163.000    -33.9
     164.000   -189.6
     165.000    -14.0
     166.000   -170.5
     167.000    160.4
     168.000   -121.3
     169.000    162.5
     170.000     95.1
     171.000    -30.6
     172.000    -36.2
     173.000     82.7
     174.000    147.9
     175.000   -211.2
     176.000   -248.2
     177.000   -142.8
     178.000   -161.2
     179.000     -8.0
     180.000     31.8
     181.000   -152.4
     182.000   -106.7
     183.000   -170.7
     184.000    -53.5
     185.000    -53.9
     186.000    -13.8
     187.000    -35.9
     188.000    -34.6
     189.000     99.1
     190.000   -126.5
     191.000   -112.9
     192.000    321.4
     193.000     18.9
     194.000    189.6
     195.000    191.0
     196.000   -137.5
     197.000    178.2
     198.000     26.9
     199.000    -79.1
     200.000   -115.8
     201.000   -169.5
     202.000    188.2
     203.000     85.2
     204.000    177.3
     205.000      6.2
     206.000    155.6
     207.000    144.9
     208.000    129.5
     209.000    189.0
     210.000     -6.4
     211.000     46.2
     212.000    -20.0
     213.000    -12.1
     214.000     77.5
     215.000      7.3
     216.000    -91.3
     217.000    172.7
     218.000    127.7
     219.000     35.2
     220.000    106.4
     221.000     32.5
     222.000     -5.9
     223.000    -46.4
     224.000   -176.0
     225.000    146.8
     226.000    -46.7
     227.000   -146.8
     228.000   -140.8
     229.000   -131.8
     230.000    112.8
     231.000     -8.1
     232.000    114.4
     233.000     52.0
     234.000    -59.1
     235.000     52.7
     236.000   -178.0
     237.000    218.4
     238.000    -48.4
     239.000    -13.5
     240.000    100.1
     241.000    136.8
     242.000    153.7
     243.000   -162.9
     244.000   -114.8
     245.000    116.7
     246.000     27.2
     247.000    -28.9
     248.000   -151.2
     249.000    -18.5
     250.000      0.9
     251.000   -254.9
     252.000    -49.7
     253.000    -96.3
     254.000    255.2
     255.000   -121.2
     256.000    154.1
     257.000    -13.2
     258.000    169.2
     259.000   -169.6
     260.000    -58.5
     261.000    -22.6
     262.000     14.6
     263.000     78.0
     264.000     20.0
     265.000   -105.5
     266.000     40.0
     267.000    -38.1
     268.000     58.1
     269.000     26.8
     270.000     15.8
     271.000    131.3
     272.000   -141.0
     273.000    105.6
     274.000    -40.2
     275.000    131.7
     276.000    -72.5
     277.000   -220.2
     278.000    111.8
     279.000    102.4
     280.000    -10.9
     281.000    104.0
     282.000     44.3
     283.000   -106.1
     284.000     58.6
     285.000     38.0
     286.000   -148.6
     287.000    189.1
     288.000    -92.9
     289.000    -65.1
     290.000     57.7
     291.000     44.1
     292.000    -29.1
     293.000    -56.6
     294.000    130.2
     295.000   -268.8
     296.000    147.6
     297.000   -190.0
     298.000     77.3
     299.000     34.4
     300.000    155.6
     301.000   -151.6
     302.000    147.1
     303.000    -64.8
     304.000   -141.6
     305.000   -115.1
     306.000      7.9
     307.000    -44.5
     308.000   -108.7
     309.000   -102.7
     310.000     25.9
     311.000   -122.7
     312.000    115.0
     313.000    -95.6
     314.000     14.6
     315.000     73.4
     316.000   -152.3
     317.000    -53.9
     318.000   -221.9
     319.000     97.1
     320.000    -88.7
     321.000     39.8
     322.000      6.8
     323.000    -86.0
     324.000    -39.0
     325.000      9.0
     326.000     81.7
     327.000     43.3
     328.000    109.5
     329.000    101.7
     330.000    107.1
     331.000    -18.1
     332.000     83.7
     333.000   -160.7
     334.000   -101.2
     335.000   -118.6
     336.000     45.5
     337.000     72.6
     338.000    340.1
     339.000     37.1
     340.000    -88.3
     341.000    177.0
     342.000    102.9
     343.000     34.9
     344.000    111.2
     345.000     -6.9
     346.000    118.0
     347.000    -10.1
     348.000     50.7
     349.000    249.7
     350.000   -134.8
     351.000   -227.6
     352.000    122.7
     353.000    -92.1
     354.000    -73.7
     355.000    -39.8
     356.000   -137.6
     357.000      1.2
     358.000    234.2
     359.000    -35.0
     360.000    -60.1
     361.000    232.2
     362.000     33.3
     363.000    111.5
     364.000     24.8
     365.000     66.8
     366.000    -48.6
     367.000    -55.3
     368.000    -71.8
     369.000      2.3
     370.000    -54.1
     371.000    331.7
     372.000   -139.3
     373.000    149.4
     374.000    322.9
     375.000   -104.3
     376.000    105.1
     377.000    -19.0
     378.000     22.2
     379.000    -43.9
     380.000    -18.7
     381.000    181.0
     382.000    121.9
     383.000     61.6
     384.000     46.5
     385.000    -74.8
     386.000     43.2
     387.000     60.2
     388.000    -54.9
     389.000    -32.3
     390.000     55.9
     391.000   -114.2
     392.000    137.5
     393.000    -30.6
     394.000    -49.9
     395.000   -350.5
     396.000    -40.9
     397.000    -41.6
     398.000   -110.6
     399.000    146.0
     400.000    106.6
     401.000    -77.9
     402.000    243.2
     403.000    -66.1
     404.000    -11.6
     405.000     30.0
     406.000    -89.9
     407.000     13.0
     408.000    -14.2
     409.000     12.0
     410.000     82.7
     411.000    266.9
     412.000    323.1
     413.000     19.5
     414.000   -169.2
     415.000    -84.0
     416.000      3.6
     417.000     -9.0
     418.000   -168.1
     419.000     21.8
     420.000     -9.3
     421.000     95.5
     422.000    -85.1
     423.000    -86.0
     424.000     82.8
     425.000     53.0
     426.000    150.8
     427.000     24.7
     428.000   -270.8
     429.000   -107.1
     430.000    337.3
     431.000     42.3
     432.000    274.3
     433.000    137.9
     434.000    -82.5
     435.000    -26.0
     436.000    -14.9
     437.000    187.0
     438.000     38.7
     439.000    -27.3
     440.000   -147.4
     441.000   -148.1
     442.000    152.0
     443.000    163.4
     444.000   -173.4
     445.000      1.8
     446.000    141.9
     447.000    -52.7
     448.000    109.3
     449.000     59.2
     450.000      8.5
     451.000      1.0
     452.000     83.0
     453.000     87.7
     454.000   -226.9
     455.000    -59.8
     456.000      6.4
     457.000   -215.6
     458.000    103.6
     459.000   -122.1
     460.000     59.2
     461.000      6.5
     462.000     29.0
     463.000   -127.7
     464.000    195.5
     465.000    -77.6
     466.000     57.6
     467.000     -7.0
     468.000   -106.5
     469.000    -50.5
     470.000   -133.4
     471.000     62.6
     472.000    -71.3
     473.000     96.7
     474.000    -44.0
     475.000      4.2
     476.000   -317.8
     477.000    -36.0
     478.000     14.6
     479.000     95.7
     480.000   -143.0
     481.000   -110.7
     482.000    241.3
     483.000    175.8
     484.000    107.0
     485.000     25.3
     486.000    -51.4
     487.000     90.0
     488.000    -54.5
     489.000    -12.3
     490.000    -90.2
     491.000   -116.3
     492.000   -176.4
     493.000    112.1
     494.000    143.2
     495.000     94.9
     496.000    220.4
     497.000    -64.9
     498.000    130.8
     499.000     31.5
     500.000    -81.8
     501.000    -91.0
     502.000    116.8
     503.000     62.1
     504.000    230.0
     505.000     53.1
     506.000   -216.5
     507.000    -18.2
     508.000    119.9
     509.000   -108.5
     510.000    -28.2
     511.000     17.3
     512.000    -39.3
     513.000    -39.4
     514.000   -160.2
     515.000      4.8
     516.000    199.9
     517.000   -164.3
     518.000      6.5
     519.000    -69.8
     520.000      0.8
     521.000     59.4
     522.000    146.6
     523.000   -200.8
     524.000    -80.4
     525.000   -118.7
     526.000    -94.8
     527.000    -53.7
     528.000    256.6
     529.000     49.3
     530.000     17.7
     531.000   -241.5
     532.000     94.5
     533.000    190.7
     534.000    216.7
     535.000   -102.7
     536.000     16.3
     537.000   -185.4
     538.000    125.4
     539.000    230.1
     540.000     66.0
     541.000   -142.7
     542.000   -134.2
     543.000    151.1
     544.000    -12.2
     545.000   -103.8
     546.000    185.5
     547.000    -60.6
     548.000    191.0
     549.000     -6.4
     550.000    -10.4
     551.000    -30.8
     552.000     12.2
     553.000    -53.1
     554.000     85.5
     555.000   -143.0
     556.000    141.3
     557.000     64.4
     558.000    117.8
     559.000     -3.8
     560.000    226.4
     561.000   -273.2
     562.000   -142.2
     563.000    273.2
     564.000     26.7
     565.000    -70.5
     566.000    123.5
     567.000    -23.2
     568.000     -0.8
     569.000     23.0
     570.000    -17.5
     571.000   -140.3
     572.000    110.3
     573.000      7.6
     574.000     76.8
     575.000    149.5
     576.000    124.0
     577.000     22.2
     578.000    -63.3
     579.000     35.6
     580.000    -16.0
     581.000     52.9
     582.000    -46.1
     583.000    113.9
     584.000   -111.4
     585.000   -179.3
     586.000    -82.9
     587.000   -131.4
     588.000    169.4
     589.000    -74.4
     590.000     62.9
     591.000    181.6
     592.000    243.8
     593.000    -88.1
     594.000   -152.5
     595.000     13.7
     596.000    145.6
     597.000     10.2
     598.000     12.0
     599.000    169.6
     600.000   -174.5
     601.000    -28.7
     602.000      2.7
     603.000    -75.4
     604.000    149.8
     605.000    134.8
     606.000    208.2
     607.000    -52.8
     608.000   -222.0
     609.000    -70.5
     610.000    -11.9
     611.000     35.8
     612.000      2.4
     613.000     15.8
     614.000     79.4
     615.000    100.6
     616.000     -2.8
     617.000    -79.1
     618.000    111.6
     619.000     77.5
     620.000   -142.8
     621.000    104.4
     622.000    -22.5
     623.000    -41.3
     624.000    136.6
     625.000     90.7
     626.000     -0.4
     627.000    -35.3
     628.000   -116.2
     629.000    110.1
     630.000    -97.6
     631.000     -4.4
     632.000    -60.6
     633.000    -79.1
     634.000    -24.1
     635.000   -173.7
     636.000    100.1
     637.000   -222.7
     638.000   -107.4
     639.000   -183.2
     640.000    -73.9
     641.000    148.8
     642.000     67.6
     643.000     18.7
     644.000     50.9
     645.000   -134.8
     646.000    -71.2
     647.000   -272.8
     648.000   -148.0
     649.000    -14.4
     650.000    302.6
     651.000     32.5
     652.000     81.2
     653.000   -127.9
     654.000   -178.5
     655.000   -115.1
     656.000    226.2
     657.000    207.9
     658.000      4.9
     659.000    119.2
     660.000   -190.8
     661.000     -3.6
     662.000    222.6
     663.000     35.7
     664.000    -78.9
     665.000    175.9
     666.000     48.8
     667.000     -5.1
     668.000     76.2
     669.000   -146.3
     670.000    -17.7
     671.000    -28.0
     672.000    -42.3
     673.000     41.2
     674.000    130.9
     675.000    -22.5
     676.000    143.7
     677.000     55.0
     678.000   -129.3
     679.000   -144.8
     680.000     98.0
     681.000    251.7
     682.000    -40.4
     683.000    167.0
     684.000   -189.8
     685.000   -319.8
     686.000     28.7
     687.000    227.2
     688.000   -116.1
     689.000   -119.3
     690.000     19.2
     691.000    -98.0
     692.000   -165.6
     693.000   -246.7
     694.000    123.5
     695.000     98.3
     696.000    -60.6
     697.000     75.4
     698.000   -190.6
     699.000    -83.7
     700.000   -118.1
     701.000    -36.5
     702.000   -253.7
     703.000     12.9
     704.000    -34.6
     705.000   -185.3
     706.000     73.2
     707.000    -14.3
     708.000     44.4
     709.000   -116.6
     710.000    -85.7
     711.000     54.9
     712.000     92.5
     713.000    170.5
     714.000    -25.2
     715.000     40.1
     716.000    -39.4
     717.000     89.4
     718.000     30.4
     719.000     24.4
     720.000   -123.2
     721.000     75.2
     722.000   -129.9
     723.000    273.0
     724.000    -62.8
     725.000    -94.8
     726.000    157.8
     727.000    215.2
     728.000   -221.2
     729.000    -83.7
     730.000     35.1
     731.000    275.2
     732.000     14.3
     733.000     -2.7
     734.000     16.2
     735.000   -128.1
     736.000      4.4
     737.000    -62.5
     738.000    -82.9
     739.000     -9.2
     740.000   -161.7
     741.000     50.7
     742.000   -301.9
     743.000    -22.8
     744.000   -102.6
     745.000    128.3
     746.000     24.1
     747.000   -171.1
     748.000   -136.8
     749.000   -159.9
     750.000     61.6
     751.000     46.8
     752.000     90.8
     753.000     52.3
     754.000     -1.7
     755.000     12.8
     756.000    100.0
     757.000   -106.8
     758.000     13.7
     759.000    133.2
     760.000   -168.0
     761.000   -145.8
     762.000     53.5
     763.000    -21.4
     764.000     58.5
     765.000     -6.6
     766.000     34.8
     767.000    -69.4
     768.000    165.4
     769.000   -204.1
     770.000    -47.9
     771.000    -11.3
     772.000    -78.2
     773.000    -32.6
     774.000     50.1
     775.000    157.9
     776.000    175.9
     777.000   -100.9
     778.000      7.9
     779.000    -79.2
     780.000     54.5
     781.000     75.1
     782.000   -259.3
     783.000    238.6
     784.000    209.2
     785.000     23.1
     786.000    105.5
     787.000   -252.1
     788.000     90.7
     789.000     47.7
     790.000    198.2
     791.000    -31.5
     792.000    -77.6
     793.000    193.7
     794.000   -235.1
     795.000   -146.9
     796.000      5.9
     797.000      1.7
     798.000    182.1
     799.000    -34.1
     800.000   -212.9
     801.000    -27.7
     802.000     90.5
     803.000   -112.2
     804.000    131.7
     805.000     68.2
     806.000     56.8
     807.000    -94.0
     808.000     65.1
     809.000     94.3
     810.000     80.6
     811.000     71.0
     812.000   -182.8
     813.000   -267.6
     814.000    -54.8
     815.000     70.3
     816.000    275.7
     817.000    182.0
     818.000    -50.6
     819.000    -41.9
     820.000    -65.0
     821.000    -84.9
     822.000   -218.2
     823.000   -127.9
     824.000   -100.1
     825.000    -59.8
     826.000     93.1
     827.000      3.7
     828.000      5.7
     829.000   -186.6
     830.000    161.9
     831.000    -28.1
     832.000    255.5
     833.000   -111.9
     834.000   -165.5
     835.000     -7.1
     836.000    143.8
     837.000    166.8
     838.000    -73.4
     839.000   -163.5
     840.000   -371.4
     841.000    -57.4
     842.000   -114.5
     843.000     11.7
     844.000    121.6
     845.000     13.4
     846.000    -72.0
     847.000    242.4
     848.000     32.6
     849.000     -0.2
     850.000   -143.7
     851.000     50.8
     852.000    -97.6
     853.000   -124.0
     854.000      0.8
     855.000    -46.3
     856.000    -41.8
     857.000     -5.6
     858.000   -186.6
     859.000     89.9
     860.000   -128.1
     861.000    -21.4
     862.000    -28.2
     863.000     35.9
     864.000    117.1
     865.000     41.1
     866.000   -216.8
     867.000   -241.3
     868.000     35.0
     869.000   -151.5
     870.000     54.4
     871.000   -142.1
     872.000    279.1
     873.000   -229.4
     874.000     61.6
     875.000     -7.9
     876.000     84.9
     877.000     62.0
     878.000    -92.7
     879.000    -67.9
     880.000     20.4
     881.000    105.4
     882.000     35.7
     883.000    139.5
     884.000   -328.0
     885.000     77.6
     886.000    141.0
     887.000    -54.4
     888.000    -57.1
     889.000     91.7
     890.000     81.7
     891.000    -65.9
     892.000    226.5
     893.000    -28.5
     894.000    -31.4
     895.000    232.8
     896.000     41.9
     897.000    282.4
     898.000    -19.5
     899.000    -17.7
     900.000   -116.6
     901.000    -73.9
     902.000    182.5
     903.000   -261.2
     904.000    -72.1
     905.000    -18.3
     906.000   -284.6
     907.000      8.3
     908.000    100.1
     909.000    202.2
     910.000     50.6
     911.000     -6.4
     912.000   -155.4
     913.000    -91.6
     914.000     54.6
     915.000    147.7
     916.000    -15.3
     917.000    139.3
     918.000    -24.2
     919.000    -32.2
     920.000    176.7
     921.000     35.1
     922.000    156.0
     923.000    -12.3
     924.000    143.8
     925.000    -66.0
     926.000    -36.8
     927.000    -39.6
     928.000    154.2
     929.000     11.2
     930.000   -154.6
     931.000    144.4
     932.000    -59.7
     933.000    165.8
     934.000     57.7
     935.000   -344.3
     936.000    189.2
     937.000     91.1
     938.000    -53.4
     939.000     21.7
     940.000    -23.4
     941.000   -104.7
     942.000   -237.2
     943.000    -11.8
     944.000    -30.0
     945.000   -178.1
     946.000     19.3
     947.000     48.5
     948.000    -30.1
     949.000    -50.0
     950.000    269.8
     951.000    -60.5
     952.000     53.0
     953.000     40.7
     954.000    -27.0
     955.000     17.8
     956.000    -58.8
     957.000    -24.1
     958.000   -109.3
     959.000     31.3
     960.000     71.9
     961.000    -67.6
     962.000     74.5
     963.000      6.9
     964.000   -130.9
     965.000   -117.7
     966.000    -17.1
     967.000   -108.5
     968.000    163.7
     969.000    -85.2
     970.000    -97.3
     971.000     89.1
     972.000     83.1
     973.000    126.0
     974.000    -22.4
     975.000   -240.8
     976.000    -40.4
     977.000    -32.6
     978.000     81.6
     979.000   -180.5
     980.000    -71.9
     981.000    133.7
     982.000    -60.5
     983.000    165.1
     984.000    -48.6
     985.000     31.9
     986.000     38.8
     987.000   -135.4
     988.000    157.1
     989.000     27.1
     990.000    186.2
     991.000     48.7
     992.000     43.8
     993.000    151.3
     994.000    -84.7
     995.000    -33.2
     996.000    193.9
     997.000   -124.3
     998.000    -62.3
     999.000    -82.0
    1000.000     20.3
    1001.000     -8.1
    1002.000    100.9
    1003.000    -35.2
    1004.000     95.9
    1005.000   -109.9
    1006.000    149.7
    1007.000     72.6
    1008.000   -230.4
    1009.000    -48.8
    1010.000    160.0
    1011.000   -116.0
    1012.000     19.5
    1013.000   -114.7
    1014.000   -213.6
    1015.000   -122.4
    1016.000    124.9
    1017.000     -5.3
    1018.000   -158.0
    1019.000     61.6
    1020.000    -41.9
    1021.000    134.9
    1022.000    -33.6
    1023.000    160.9
    1024.000    -18.1
    1025.000    -32.2
    1026.000   -107.7
    1027.000    -80.6
    1028.000     31.0
    1029.000     16.0
    1030.000   -333.7
    1031.000     64.0
    1032.000   -115.9
    1033.000    -19.1
    1034.000     -1.3
    1035.000   -163.7
    1036.000   -123.1
    1037.000   -127.4
    1038.000    -54.6
    1039.000    126.4
    1040.000    109.9
    1041.000    -57.6
    1042.000   -138.1
    1043.000     77.5
    1044.000   -100.8
    1045.000     32.5
    1046.000    113.9
    1047.000    321.5
    1048.000    243.7
    1049.000     10.0
    1050.000    -10.4
    1051.000     52.7
    1052.000    -47.1
    1053.000    -61.0
    1054.000   -208.6
    1055.000      2.2
    1056.000     62.0
    1057.000    -16.3
    1058.000   -150.5
    1059.000   -215.2
    1060.000    180.4
    1061.000    112.0
    1062.000   -176.7
    1063.000    125.0
    1064.000   -239.5
    1065.000    -90.1
    1066.000    -42.9
    1067.000     53.9
    1068.000   -192.7
    1069.000     11.9
    1070.000    -71.6
    1071.000    165.4
    1072.000    122.9
    1073.000    -36.8
    1074.000   -109.1
    1075.000    -49.6
    1076.000    238.5
    1077.000    139.2
    1078.000   -174.6
    1079.000     22.9
    1080.000     11.1
    1081.000   -207.4
    1082.000     32.3
    1083.000     97.2
    1084.000     42.4
    1085.000     24.0
    1086.000    -23.6
    1087.000     -5.3
    1088.000    210.1
    1089.000     73.7
    1090.000      2.5
    1091.000    110.3
    1092.000    206.7
    1093.000    -53.8
    1094.000     -5.7
    1095.000     13.8
    1096.000    118.2
    1097.000     99.9
    1098.000    132.2
    1099.000     51.0
    1100.000   -218.0
    1101.000    -31.0
    1102.000    240.2
    1103.000   -102.9
    1104.000    -84.1
    1105.000   -118.7
    1106.000     50.0
    1107.000   -277.6
    1108.000    -51.9
    1109.000    -53.8
    1110.000   -197.5
    1111.000     -0.4
    1112.000    104.4
    1113.000    258.3
    1114.000   -246.5
    1115.000   -156.6
    1116.000    -55.3
    1117.000   -133.4
    1118.000    -82.7
    1119.000    181.7
    1120.000     12.4
    1121.000     72.1
    1122.000     94.4
    1123.000    -34.6
    1124.000    -48.8
    1125.000    -52.7
    1126.000   -114.7
    1127.000    -40.7
    1128.000      1.1
    1129.000   -204.7
    1130.000    205.6
    1131.000     57.9
    1132.000    150.7
    1133.000   -159.4
    1134.000   -161.3
    1135.000   -125.6
    1136.000    -97.3
    1137.000   -155.4
    1138.000    213.9
    1139.000      4.1
    1140.000    -89.4
    1141.000     63.5
    1142.000     98.0
    1143.000    -59.5
    1144.000   -114.5
    1145.000    107.9
    1146.000    125.9
    1147.000    -69.6
    1148.000    127.1
    1149.000    299.3
    1150.000     50.1
    1151.000     31.5
    1152.000     37.5
    1153.000    102.5
    1154.000   -342.5
    1155.000     40.6
    1156.000    200.0
    1157.000     58.7
    1158.000    -41.2
    1159.000    -66.7
    1160.000      0.9
    1161.000    -17.8
    1162.000     33.8
    1163.000     93.8
    1164.000    147.1
    1165.000   -114.7
    1166.000      5.6
    1167.000     45.5
    1168.000     45.1
    1169.000   -103.1
    1170.000    -12.4
    1171.000    -47.0
    1172.000    164.8
    1173.000    233.1
    1174.000    -45.8
    1175.000   -282.9
    1176.000      6.7
    1177.000     75.5
    1178.000    -14.2
    1179.000    166.3
    1180.000     43.3
    1181.000     30.1
    1182.000     61.9
    1183.000     43.3
    1184.000    -86.2
    1185.000     32.8
    1186.000    -96.9
    1187.000    -44.3
    1188.000      3.3
    1189.000    -87.6
    1190.000    219.3
    1191.000    143.6
    1192.000    129.4
    1193.000    -28.2
    1194.000     16.2
    1195.000     21.8
    1196.000    -72.6
    1197.000    -27.3
    1198.000   -226.2
    1199.000     -2.1
    1200.000    126.2
    1201.000   -100.7
    1202.000     94.8
    1203.000    -95.4
    1204.000     45.0
    1205.000     74.0
    1206.000     31.3
    1207.000    -38.3
    1208.000    -41.7
    1209.000   -107.8
    1210.000    -21.5
    1211.000     71.2
    1212.000   -323.6
    1213.000   -181.7
    1214.000   -122.3
    1215.000     54.9
    1216.000    106.1
    1217.000   -148.8
    1218.000   -149.0
    1219.000     82.8
    1220.000     27.3
    1221.000    130.6
    1222.000    119.5
    1223.000    172.5
    1224.000     71.8
    1225.000     61.8
    1226.000    115.5
    1227.000   -149.3
    1228.000     29.3
    1229.000    -17.2
    1230.000   -219.0
    1231.000      2.4
    1232.000   -250.5
    1233.000     25.0
    1234.000    171.0
    1235.000    137.2
    1236.000     35.2
    1237.000   -104.3
    1238.000   -113.6
    1239.000     29.5
    1240.000    -80.9
    1241.000   -109.4
    1242.000    -97.4
    1243.000     53.6
    1244.000   -207.1
    1245.000     -9.7
    1246.000   -156.0
    1247.000    114.8
    1248.000     66.0
    1249.000     -6.6
    1250.000    158.5
    1251.000    102.8
    1252.000     70.2
    1253.000    -45.9
    1254.000     31.9
    1255.000     73.3
    1256.000    -29.4
    1257.000    135.0
    1258.000    -97.8
    1259.000     90.9
    1260.000     99.2
    1261.000     41.8
    1262.000     22.4
    1263.000     71.1
    1264.000     -3.5
    1265.000     89.6
    1266.000    -77.8
    1267.000    -31.4
    1268.000     74.2
    1269.000   -107.1
    1270.000    100.8
    1271.000    -53.5
    1272.000    -90.4
    1273.000    -90.1
    1274.000   -134.7
    1275.000     79.1
    1276.000   -116.0
    1277.000   -137.9
    1278.000    113.6
    1279.000     99.0
    1280.000    208.5
    1281.000   -307.5
    1282.000    -36.3
    1283.000    -70.1
    1284.000    -25.5
    1285.000      9.3
    1286.000   -213.6
    1287.000    127.2
    1288.000    269.7
    1289.000    -86.4
    1290.000    -29.6
    1291.000    -92.6
    1292.000      2.5
    1293.000   -120.7
    1294.000    158.1
    1295.000    -34.3
    1296.000    108.4
    1297.000    -45.0
    1298.000    -50.1
    1299.000     89.2
    1300.000    153.5
    1301.000     72.4
    1302.000    -45.5
    1303.000    133.1
    1304.000     70.9
    1305.000   -258.2
    1306.000     88.8
    1307.000   -193.7
    1308.000     85.2
    1309.000   -155.8
    1310.000     17.1
    1311.000     86.4
    1312.000   -124.6
    1313.000      4.9
    1314.000     28.3
    1315.000     23.2
    1316.000     60.0
    1317.000    160.9
    1318.000     39.5
    1319.000    -59.8
    1320.000    212.1
    1321.000   -221.2
    1322.000   -112.2
    1323.000     82.7
    1324.000     95.6
    1325.000   -191.0
    1326.000    -37.3
    1327.000    108.2
    1328.000    185.9
    1329.000    -49.6
    1330.000     27.8
    1331.000     41.9
    1332.000    -56.8
    1333.000    279.2
    1334.000     71.9
    1335.000    -40.2
    1336.000    138.3
    1337.000     12.6
    1338.000     40.1
    1339.000     91.7
    1340.000     82.6
    1341.000    117.8
    1342.000    134.7
    1343.000      4.4
    1344.000     -2.1
    1345.000   -243.5
    1346.000     90.5
    1347.000    -29.3
    1348.000    -18.3
    1349.000   -115.2
    1350.000    -85.5
    1351.000   -181.1
    1352.000   -128.2
    1353.000    -53.9
    1354.000   -215.4
    1355.000     60.6
    1356.000    -83.6
    1357.000    -48.5
    1358.000     25.9
    1359.000     86.1
    1360.000     -6.4
    1361.000    -65.6
    1362.000   -168.7
    1363.000   -143.6
    1364.000     73.8
    1365.000    -34.4
    1366.000   -143.6
    1367.000    -33.9
    1368.000     47.9
    1369.000      4.3
    1370.000   -101.0
    1371.000    -71.9
    1372.000    -60.6
    1373.000   -181.4
    1374.000   -164.5
    1375.000     42.8
    1376.000     27.3
    1377.000    -56.4
    1378.000     91.5
    1379.000   -275.7
    1380.000   -138.2
    1381.000    -61.0
    1382.000    -64.5
    1383.000    113.6
    1384.000     11.4
    1385.000    -67.8
    1386.000    -11.1
    1387.000    372.5
    1388.000     -3.4
    1389.000     50.6
    1390.000      0.6
    1391.000    244.8
    1392.000    -33.2
    1393.000     84.4
    1394.000    175.9
    1395.000    120.6
    1396.000    -39.4
    1397.000    107.9
    1398.000      1.0
    1399.000    -91.4
    1400.000    -21.6
    1401.000     56.5
    1402.000   -148.0
    1403.000     41.3
    1404.000    -12.9
    1405.000   -174.4
    1406.000    164.6
    1407.000   -148.4
    1408.000    -34.6
    1409.000    -64.3
    1410.000     38.8
    1411.000    -61.9
    1412.000    296.6
    1413.000    137.4
    1414.000    118.8
    1415.000    184.7
    1416.000    142.8
    1417.000    -62.0
    1418.000     44.7
    1419.000     -3.3
    1420.000   -102.8
    1421.000     52.4
    1422.000    -60.4
    1423.000     39.8
    1424.000   -181.8
    1425.000     -1.0
    1426.000   -135.5
    1427.000    134.8
    1428.000    339.2
    1429.000     10.3
    1430.000     14.6
    1431.000   -133.1
    1432.000     73.7
    1433.000     82.7
    1434.000     22.3
    1435.000    -31.8
    1436.000   -186.6
    1437.000    -20.5
    1438.000   -161.0
    1439.000   -106.9
    1440.000    229.8
    1441.000   -239.9
    1442.000    -92.8
    1443.000    -84.2
    1444.000     12.3
    1445.000    235.7
    1446.000    106.8
    1447.000   -119.1
    1448.000   -141.8
    1449.000     20.7
    1450.000     -5.0
    1451.000    124.1
    1452.000   -158.4
    1453.000   -124.2
    1454.000    164.4
    1455.000    -25.8
    1456.000     11.3
    1457.000     21.3
    1458.000    -86.0
    1459.000   -224.4
    1460.000    138.4
    1461.000    -26.2
    1462.000    153.3
    1463.000    169.8
    1464.000    -93.9
    1465.000    118.8
    1466.000     18.1
    1467.000    -28.1
    1468.000     31.7
    1469.000    -84.9
    1470.000    108.6
    1471.000     17.6
    1472.000     96.4
    1473.000    154.4
    1474.000     57.2
    1475.000    -51.4
    1476.000     75.5
    1477.000    345.8
    1478.000    129.7
    1479.000   -334.1
    1480.000   -108.7
    1481.000     10.2
    1482.000     41.1
    1483.000    -30.3
    1484.000    -44.7
    1485.000      8.3
    1486.000    -24.7
    1487.000   -135.5
    1488.000     26.4
    1489.000   -101.8
    1490.000     66.7
    1491.000   -171.9
    1492.000    -26.6
    1493.000    367.7
    1494.000    111.0
    1495.000     58.4
    1496.000    -35.2
    1497.000    -73.4
    1498.000    -41.3
    1499.000    107.1
    1500.000   -114.5
    1501.000    -53.4
    1502.000    -85.0
    1503.000   -128.2
    1504.000   -108.5
    1505.000   -239.4
    1506.000    -50.2
    1507.000   -217.0
    1508.000   -118.2
    1509.000    -41.2
    1510.000     33.5
    1511.000    274.8
    1512.000     22.2
    1513.000      9.8
    1514.000     36.6
    1515.000    -19.1
    1516.000     95.5
    1517.000   -283.7
    1518.000   -138.8
    1519.000   -210.0
    1520.000   -218.9
    1521.000    230.0
    1522.000     56.4
    1523.000     59.7
    1524.000   -388.7
    1525.000    -68.8
    1526.000    -33.7
    1527.000    -83.3
    1528.000    139.9
    1529.000    -86.5
    1530.000    -43.0
    1531.000     88.9
    1532.000   -200.2
    1533.000    -75.1
    1534.000    100.8
    1535.000    -83.7
    1536.000   -147.1
    1537.000     49.8
    1538.000   -139.2
    1539.000     -2.8
    1540.000      1.5
    1541.000   -106.3
    1542.000   -127.4
    1543.000    -16.2
    1544.000    145.6
    1545.000     27.3
    1546.000    -75.7
    1547.000    241.4
    1548.000     47.5
    1549.000     37.5
    1550.000    -30.7
    1551.000      1.7
    1552.000    -17.8
    1553.000    -18.2
    1554.000      7.2
    1555.000   -114.0
    1556.000    181.8
    1557.000   -121.5
    1558.000    154.6
    1559.000    -70.5
    1560.000      4.5
    1561.000     14.5
    1562.000    -51.7
    1563.000    -53.8
    1564.000   -243.7
    1565.000   -110.4
    1566.000    151.9
    1567.000   -107.7
    1568.000    -82.1
    1569.000     42.9
    1570.000    -47.7
    1571.000    141.4
    1572.000    153.4
    1573.000     99.2
    1574.000    113.0
    1575.000    308.7
    1576.000    -13.6
    1577.000     84.8
    1578.000   -301.4
    1579.000    -79.3
    1580.000   -103.8
    1581.000     92.3
    1582.000   -180.2
    1583.000   -156.4
    1584.000    -94.4
    1585.000     -8.6
    1586.000    -41.2
    1587.000    116.9
    1588.000   -202.1
    1589.000     92.5
    1590.000    152.0
    1591.000   -189.3
    1592.000    -60.9
    1593.000    -44.1
    1594.000     16.8
    1595.000     13.4
    1596.000    120.4
    1597.000     73.1
    1598.000     -1.5
    1599.000    -37.0
    1600.000   -132.8
    1601.000    112.8
    1602.000   -123.5
    1603.000    212.0
    1604.000    146.5
    1605.000    -91.5
    1606.000    -22.8
    1607.000   -237.4
    1608.000    -63.4
    1609.000     98.1
    1610.000    -56.3
    1611.000    -48.7
    1612.000    -18.8
    1613.000   -106.6
    1614.000    118.0
    1615.000     -7.0
    1616.000     33.0
    1617.000     11.7
    1618.000     54.8
    1619.000     13.9
    1620.000     81.7
    1621.000     39.9
    1622.000    -33.3
    1623.000   -159.5
    1624.000    -50.5
    1625.000     80.7
    1626.000    -91.8
    1627.000     14.5
    1628.000     15.4
    1629.000    -62.0
    1630.000    -94.4
    1631.000     31.3
    1632.000    272.9
    1633.000    152.1
    1634.000     43.8
    1635.000    108.3
    1636.000   -252.6
    1637.000    -20.3
    1638.000   -181.6
    1639.000    155.3
    1640.000     84.7
    1641.000    -38.0
    1642.000   -108.2
    1643.000     15.1
    1644.000    189.1
    1645.000    -92.8
    1646.000    139.5
    1647.000    -29.6
    1648.000    458.0
    1649.000      9.0
    1650.000    -72.4
    1651.000      3.1
    1652.000     10.0
    1653.000    -29.8
    1654.000    125.9
    1655.000   -109.4
    1656.000     43.9
    1657.000    118.5
    1658.000    -15.2
    1659.000     78.6
    1660.000    -11.5
    1661.000     54.6
    1662.000     10.1
    1663.000     29.8
    1664.000   -259.2
    1665.000    -51.7
    1666.000    -99.4
    1667.000     39.2
    1668.000    -45.6
    1669.000   -161.0
    1670.000   -120.7
    1671.000     -5.7
    1672.000     79.7
    1673.000    131.2
    1674.000    179.3
    1675.000   -104.6
    1676.000    -21.8
    1677.000    -80.8
    1678.000    116.0
    1679.000    -17.0
    1680.000    172.7
    1681.000    134.5
    1682.000     81.2
    1683.000    -59.0
    1684.000     44.2
    1685.000    -72.2
    1686.000     -8.6
    1687.000    -35.8
    1688.000   -234.6
    1689.000     -1.4
    1690.000   -151.0
    1691.000     11.3
    1692.000     19.3
    1693.000    116.2
    1694.000    -10.1
    1695.000    -97.5
    1696.000   -290.0
    1697.000   -277.3
    1698.000    197.9
    1699.000    193.2
    1700.000   -160.8
    1701.000    105.4
    1702.000     26.7
    1703.000    140.6
    1704.000   -125.4
    1705.000    151.1
    1706.000    132.0
    1707.000      7.2
    1708.000     17.2
    1709.000    -23.3
    1710.000   -179.7
    1711.000    -22.7
    1712.000    225.3
    1713.000   -181.7
    1714.000    -52.0
    1715.000    -18.4
    1716.000     -4.7
    1717.000     53.3
    1718.000    -23.1
    1719.000     52.2
    1720.000   -105.2
    1721.000     61.8
    1722.000    -24.3
    1723.000     85.1
    1724.000   -175.2
    1725.000    196.7
    1726.000    -88.8
    1727.000    -18.9
    1728.000    -36.7
    1729.000    -65.8
    1730.000    145.1
    1731.000     84.0
    1732.000      8.8
    1733.000    287.4
    1734.000    155.8
    1735.000    163.1
    1736.000    155.9
    1737.000    151.2
    1738.000    102.9
    1739.000   -109.1
    1740.000    -65.1
    1741.000    106.7
    1742.000   -144.0
    1743.000    -93.7
    1744.000   -109.3
    1745.000     14.0
    1746.000    168.7
    1747.000   -172.5
    1748.000    149.1
    1749.000   -219.3
    1750.000    -11.5
    1751.000    111.2
    1752.000   -126.3
    1753.000     45.4
    1754.000     48.2
    1755.000   -126.0
    1756.000     52.1
    1757.000      9.6
    1758.000      3.6
    1759.000    162.8
    1760.000   -117.8
    1761.000    162.3
    1762.000     11.6
    1763.000    -65.9
    1764.000     34.0
    1765.000    163.5
    1766.000   -208.3
    1767.000   -206.2
    1768.000   -123.9
    1769.000     40.3
    1770.000    -73.0
    1771.000   -277.1
    1772.000   -111.7
    1773.000    -33.7
    1774.000    -65.7
    1775.000     80.4
    1776.000     76.7
    1777.000    -79.5
    1778.000     18.3
    1779.000   -275.2
    1780.000    116.9
    1781.000    -35.9
    1782.000   -116.1
    1783.000    -96.1
    1784.000    -35.3
    1785.000    -53.6
    1786.000   -200.0
    1787.000     -8.3
    1788.000    105.5
    1789.000   -127.2
    1790.000     27.4
    1791.000    -58.1
    1792.000    -65.6
    1793.000     36.3
    1794.000     14.6
    1795.000   -208.7
    1796.000    103.8
    1797.000   -191.1
    1798.000    -30.6
    1799.000    119.1
    1800.000     88.3
    1801.000    172.1
    1802.000     78.5
    1803.000    191.5
    1804.000      9.9
    1805.000     45.4
    1806.000   -106.4
    1807.000     44.5
    1808.000    179.1
    1809.000     86.7
    1810.000    -85.8
    1811.000     17.9
    1812.000    -45.8
    1813.000    -27.0
    1814.000    -94.9
    1815.000    -27.5
    1816.000     18.3
    1817.000    254.8
    1818.000    -77.6
    1819.000    -16.9
    1820.000    -12.6
    1821.000    222.6
    1822.000   -137.5
    1823.000     49.7
    1824.000     26.4
    1825.000    -26.6
    1826.000    105.0
    1827.000   -271.1
    1828.000     32.4
    1829.000     66.0
    1830.000     82.0
    1831.000    -92.0
    1832.000    154.1
    1833.000     -7.4
    1834.000    190.7
    1835.000      0.2
    1836.000    110.4
    1837.000   -122.9
    1838.000   -128.5
    1839.000    -54.5
    1840.000    108.3
    1841.000   -171.3
    1842.000     37.0
    1843.000    -32.6
    1844.000    -20.7
    1845.000     73.2
    1846.000    131.5
    1847.000     82.3
    1848.000     37.2
    1849.000    -92.8
    1850.000     81.7
    1851.000    177.0
    1852.000    -68.6
    1853.000    110.3
    1854.000     16.6
    1855.000     13.3
    1856.000    116.2
    1857.000     31.6
    1858.000    -70.8
    1859.000   -208.0
    1860.000   -260.1
    1861.000    -65.5
    1862.000     89.1
    1863.000    222.3
    1864.000    135.6
    1865.000    270.1
    1866.000     31.1
    1867.000     34.4
    1868.000     27.6
    1869.000    153.9
    1870.000    127.5
    1871.000    -25.6
    1872.000     17.0
    1873.000     28.8
    1874.000   -180.2
    1875.000   -114.4
    1876.000    -43.7
    1877.000    -59.7
    1878.000      9.5
    1879.000    179.8
    1880.000    133.4
    1881.000    -14.0
    1882.000    114.6
    1883.000   -115.7
    1884.000     -5.6
    1885.000      8.1
    1886.000    126.9
    1887.000    173.5
    1888.000     26.3
    1889.000     66.7
    1890.000   -108.0
    1891.000    146.9
    1892.000    -39.7
    1893.000    110.2
    1894.000    -40.4
    1895.000    -70.9
    1896.000     22.8
    1897.000     72.6
    1898.000    213.0
    1899.000    131.7
    1900.000     69.1
    1901.000    164.2
    1902.000    -36.9
    1903.000     53.9
    1904.000    235.7
    1905.000     18.3
    1906.000   -174.1
    1907.000    200.6
    1908.000    -64.7
    1909.000    110.5
    1910.000    118.7
    1911.000     12.0
    1912.000     45.3
    1913.000    -64.3
    1914.000    -36.0
    1915.000     57.4
    1916.000     17.6
    1917.000     11.8
    1918.000    140.0
    1919.000   -154.3
    1920.000    -70.1
    1921.000    236.8
    1922.000    -19.6
    1923.000    142.4
    1924.000     54.6
    1925.000   -194.9
    1926.000     55.5
    1927.000   -146.4
    1928.000   -154.0
    1929.000    509.2
    1930.000   -190.5
    1931.000   -193.8
    1932.000    -58.3
    1933.000     32.2
    1934.000    112.3
    1935.000    103.7
    1936.000   -119.0
    1937.000    110.5
    1938.000   -149.1
    1939.000     47.2
    1940.000    126.5
    1941.000   -254.3
    1942.000    -99.4
    1943.000   -188.0
    1944.000   -120.6
    1945.000    -75.3
    1946.000    -83.3
    1947.000    123.6
    1948.000   -184.5
    1949.000     19.4
    1950.000   -146.7
    1951.000    -64.5
    1952.000   -105.4
    1953.000    -55.8
    1954.000    -55.1
    1955.000    -28.5
    1956.000     90.2
    1957.000    169.9
    1958.000      8.6
    1959.000   -131.9
    1960.000     52.3
    1961.000     56.1
    1962.000    -82.3
    1963.000   -150.8
    1964.000     71.5
    1965.000    140.2
    1966.000     61.0
    1967.000    -81.1
    1968.000     -1.4
    1969.000     -3.1
    1970.000    -17.3
    1971.000   -212.9
    1972.000      4.5
    1973.000     71.8
    1974.000     80.9
    1975.000     91.2
    1976.000    -13.4
    1977.000    -24.4
    1978.000     99.7
    1979.000    219.6
    1980.000    -59.0
    1981.000   -129.2
    1982.000    116.7
    1983.000    117.7
    1984.000    188.2
    1985.000   -156.6
    1986.000      9.9
    1987.000      7.1
    1988.000   -142.3
    1989.000    188.2
    1990.000   -175.6
    1991.000      9.4
    1992.000    192.7
    1993.000   -143.4
    1994.000   -129.3
    1995.000    -24.3
    1996.000     38.9
    1997.000     13.5
    1998.000    -43.9
    1999.000   -112.9
    2000.000     35.9
    2001.000   -189.9
    2002.000     23.7
    2003.000    175.5
    2004.000    -65.0
    2005.000    -71.6
    2006.000     62.0
    2007.000     80.2
    2008.000    176.7
    2009.000     39.1
    2010.000     65.6
    2011.000    147.8
    2012.000    297.2
    2013.000      0.3
    2014.000    -72.5
    2015.000    -78.3
    2016.000    169.8
    2017.000     60.0
    2018.000     21.6
    2019.000   -128.7
    2020.000   -128.9
    2021.000     15.6
    2022.000     50.4
    2023.000    -87.8
    2024.000   -327.8
    2025.000     16.7
    2026.000   -175.4
    2027.000   -117.0
    2028.000    -25.6
    2029.000     -0.8
    2030.000     42.9
    2031.000     69.5
    2032.000    376.9
    2033.000   -151.4
    2034.000    167.6
    2035.000    145.6
    2036.000     80.0
    2037.000    148.4
    2038.000    -91.1
    2039.000   -165.2
    2040.000   -162.4
    2041.000    -73.7
    2042.000    -81.5
    2043.000     73.8
    2044.000    171.5
    2045.000    -67.1
    2046.000    146.4
    2047.000     95.4
    2048.000    -91.5
    2049.000   -134.6
    2050.000    -24.0
    2051.000    102.0
    2052.000    100.0
    2053.000     24.6
    2054.000   -131.2
    2055.000    369.7
    2056.000     54.9
    2057.000     37.2
    2058.000    -22.5
    2059.000   -129.3
    2060.000   -492.0
    2061.000    135.1
    2062.000    150.1
    2063.000    -42.8
    2064.000     -1.8
    2065.000    256.6
    2066.000    -42.3
    2067.000     51.8
    2068.000    -66.5
    2069.000    125.8
    2070.000    -83.6
    2071.000    160.4
    2072.000    -88.6
    2073.000    -56.8
    2074.000   -135.8
    2075.000     81.9
    2076.000    -45.7
    2077.000   -114.7
    2078.000     38.9
    2079.000     30.3
    2080.000     24.2
    2081.000    -11.2
    2082.000   -104.9
    2083.000     17.8
    2084.000      2.8
    2085.000     83.2
    2086.000     83.1
    2087.000    -25.0
    2088.000    -88.6
    2089.000     32.2
    2090.000     -4.6
    2091.000    -84.8
    2092.000   -150.5
    2093.000    -54.4
    2094.000     56.1
    2095.000    112.8
    2096.000    134.0
    2097.000     80.1
    2098.000   -129.9
    2099.000   -184.9
    2100.000    -99.7
    2101.000   -114.8
    2102.000     69.9
    2103.000     29.3
    2104.000    101.5
    2105.000   -148.1
    2106.000   -175.5
    2107.000   -170.2
    2108.000     65.3
    2109.000   -171.7
    2110.000   -110.7
    2111.000    -15.2
    2112.000     57.1
    2113.000     36.4
    2114.000    128.0
    2115.000     32.6
    2116.000     13.9
    2117.000     57.1
    2118.000     14.7
    2119.000    -67.7
    2120.000    260.6
    2121.000   -157.0
    2122.000    144.7
    2123.000     78.5
    2124.000    -68.5
    2125.000     72.3
    2126.000   -133.9
    2127.000     11.3
    2128.000     -7.0
    2129.000     -7.6
    2130.000    -20.2
    2131.000    204.4
    2132.000   -108.4
    2133.000     14.2
    2134.000      7.4
    2135.000     21.7
    2136.000    -13.5
    2137.000   -253.1
    2138.000    -71.1
    2139.000    -91.3
    2140.000    -46.7
    2141.000   -111.1
    2142.000    -79.5
    2143.000    204.0
    2144.000     28.0
    2145.000   -204.4
    2146.000     70.4
    2147.000    -71.9
    2148.000     75.5
    2149.000     12.9
    2150.000    -60.5
    2151.000    125.7
    2152.000     87.6
    2153.000    -29.0
    2154.000    -61.0
    2155.000    183.9
    2156.000     46.0
    2157.000     -1.6
    2158.000    116.2
    2159.000     -3.4
    2160.000     67.2
    2161.000     46.4
    2162.000   -177.8
    2163.000    -24.2
    2164.000   -145.8
    2165.000   -167.2
    2166.000     -7.2
    2167.000    193.6
    2168.000    252.8
    2169.000    139.6
    2170.000    -41.3
    2171.000    132.8
    2172.000    -51.0
    2173.000   -209.4
    2174.000     76.9
    2175.000    -40.6
    2176.000    130.0
    2177.000   -111.3
    2178.000      2.6
    2179.000    100.4
    2180.000     31.7
    2181.000    120.4
    2182.000    -20.1
    2183.000    -10.0
    2184.000     29.9
    2185.000    -48.0
    2186.000    -47.2
    2187.000    210.2
    2188.000     39.4
    2189.000    -73.2
    2190.000     56.9
    2191.000     37.3
    2192.000    -85.0
    2193.000    137.3
    2194.000      2.7
    2195.000    -92.5
    2196.000   -237.5
    2197.000     20.9
    2198.000     69.8
    2199.000    -97.0
    2200.000    155.9
    2201.000     29.7
    2202.000   -212.1
    2203.000     25.1
    2204.000    -17.0
    2205.000     90.2
    2206.000    -27.3
    2207.000   -214.8
    2208.000    150.9
    2209.000     14.7
    2210.000   -112.9
    2211.000   -115.8
    2212.000    -43.6
    2213.000   -152.3
    2214.000    149.0
    2215.000   -130.6
    2216.000    -28.8
    2217.000    124.4
    2218.000   -182.1
    2219.000     86.8
    2220.000    180.8
    2221.000     22.0
    2222.000    -56.2
    2223.000   -218.2
    2224.000    -97.6
    2225.000   -124.7
    2226.000    -62.5
    2227.000     85.3
    2228.000    213.4
    2229.000     -7.1
    2230.000    220.4
    2231.000    113.3
    2232.000   -114.4
    2233.000    -41.2
    2234.000     75.9
    2235.000     48.1
    2236.000    127.5
    2237.000     68.7
    2238.000    -56.3
    2239.000    -70.5
    2240.000     26.3
    2241.000    209.9
    2242.000    188.5
    2243.000   -335.6
    2244.000      9.5
    2245.000     39.9
    2246.000    239.2
    2247.000   -209.9
    2248.000     41.9
    2249.000    -13.0
    2250.000    227.4
    2251.000    173.0
    2252.000     82.9
    2253.000    -58.7
    2254.000    -68.5
    2255.000     18.4
    2256.000      8.6
    2257.000   -228.6
    2258.000    -56.7
    2259.000     -0.9
    2260.000      3.1
    2261.000     32.3
    2262.000    -28.5
    2263.000    183.8
    2264.000     30.4
    2265.000    -57.1
    2266.000    222.5
    2267.000    158.3
    2268.000   -196.7
    2269.000    -70.8
    2270.000    140.7
    2271.000     97.7
    2272.000    166.9
    2273.000    190.2
    2274.000    -92.2
    2275.000    -26.9
    2276.000      7.9
    2277.000   -158.5
    2278.000     -9.9
    2279.000    119.3
    2280.000     38.3
    2281.000     27.4
    2282.000    174.7
    2283.000   -161.6
    2284.000   -202.3
    2285.000    -33.3
    2286.000   -119.7
    2287.000     55.1
    2288.000   -187.4
    2289.000    -10.3
    2290.000   -124.5
    2291.000      9.4
    2292.000    -51.9
    2293.000    -37.9
    2294.000    138.4
    2295.000     71.8
    2296.000     11.8
    2297.000   -107.9
    2298.000    -97.9
    2299.000   -219.4
    2300.000    173.4
    2301.000    142.3
    2302.000    -49.3
    2303.000     48.7
    2304.000     92.9
    2305.000     78.4
    2306.000   -142.5
    2307.000    -30.5
    2308.000    -90.0
    2309.000   -220.0
    2310.000     24.9
    2311.000    -14.4
    2312.000   -186.2
    2313.000   -125.5
    2314.000   -278.2
    2315.000    -94.6
    2316.000   -190.0
    2317.000    -46.4
    2318.000    -89.5
    2319.000    -88.1
    2320.000     77.6
    2321.000    -11.6
    2322.000     69.6
    2323.000    -59.8
    2324.000    -38.7
    2325.000    151.2
    2326.000   -143.0
    2327.000     69.4
    2328.000   -143.3
    2329.000     99.2
    2330.000    259.7
    2331.000    -59.9
    2332.000     17.3
    2333.000      4.4
    2334.000   -107.9
    2335.000     35.3
    2336.000     49.3
    2337.000     88.1
    2338.000    -90.6
    2339.000    434.7
    2340.000   -222.8
    2341.000    -84.8
    2342.000    -31.2
    2343.000   -176.6
    2344.000     25.3
    2345.000     58.4
    2346.000     16.0
    2347.000    140.6
    2348.000    -61.4
    2349.000   -191.1
    2350.000   -217.2
    2351.000   -100.7
    2352.000     80.5
    2353.000     72.6
    2354.000   -109.5
    2355.000    -92.4
    2356.000     98.0
    2357.000    -84.2
    2358.000     28.3
    2359.000   -141.7
    2360.000    -77.4
    2361.000     87.5
    2362.000   -180.7
    2363.000     31.6
    2364.000    -51.1
    2365.000     81.9
    2366.000   -237.6
    2367.000   -143.9
    2368.000    -11.2
    2369.000    202.1
    2370.000   -106.2
    2371.000   -126.5
    2372.000    -22.2
    2373.000    146.5
    2374.000    126.0
    2375.000     33.7
    2376.000    -35.6
    2377.000    107.6
    2378.000    140.2
    2379.000   -161.9
    2380.000    133.1
    2381.000     80.9
    2382.000    -89.1
    2383.000      3.1
    2384.000    -97.2
    2385.000    -63.2
    2386.000     46.4
    2387.000     93.3
    2388.000    158.6
    2389.000    -66.6
    2390.000     -4.9
    2391.000    -76.1
    2392.000     12.4
    2393.000    170.9
    2394.000     89.1
    2395.000    181.1
    2396.000     81.5
    2397.000    220.8
    2398.000    199.8
    2399.000    107.6
    2400.000     34.5
    2401.000    101.4
    2402.000   -178.0
    2403.000     72.7
    2404.000    235.4
    2405.000     46.1
    2406.000     76.3
    2407.000   -122.9
    2408.000   -184.0
    2409.000     26.6
    2410.000    -32.5
    2411.000    -75.9
    2412.000     44.3
    2413.000    -75.2
    2414.000    -94.5
    2415.000    -35.2
    2416.000    -18.9
    2417.000    -73.3
    2418.000   -121.2
    2419.000   -209.7
    2420.000     79.2
    2421.000   -120.3
    2422.000     48.7
    2423.000    134.3
    2424.000    -35.7
    2425.000     37.7
    2426.000   -248.7
    2427.000    -73.9
    2428.000     73.8
    2429.000    262.0
    2430.000     37.3
    2431.000    101.2
    2432.000   -137.2
    2433.000   -132.5
    2434.000     18.8
    2435.000    336.1
    2436.000     94.6
    2437.000     36.8
    2438.000    221.7
    2439.000     90.0
    2440.000    116.4
    2441.000     40.5
    2442.000   -194.5
    2443.000   -246.9
    2444.000    -13.0
    2445.000    184.7
    2446.000    -36.6
    2447.000    -19.3
    2448.000    246.6
    2449.000     54.8
    2450.000     33.4
    2451.000    115.0
    2452.000   -108.9
    2453.000     85.9
    2454.000   -141.4
    2455.000    164.5
    2456.000    -13.9
    2457.000    -28.8
    2458.000    -39.9
    2459.000   -151.7
    2460.000   -175.5
    2461.000   -116.0
    2462.000   -108.4
    2463.000     80.0
    2464.000     66.0
    2465.000    -37.0
    2466.000    -56.9
    2467.000    -48.9
    2468.000   -181.2
    2469.000    -38.4
    2470.000     54.8
    2471.000   -202.7
    2472.000     61.7
    2473.000   -162.5
    2474.000     -6.8
    2475.000    -90.7
    2476.000    202.1
    2477.000     49.3
    2478.000    -44.2
    2479.000   -103.0
    2480.000    -16.4
    2481.000   -297.8
    2482.000    143.7
    2483.000     -8.8
    2484.000     48.4
    2485.000     -9.9
    2486.000    -81.8
    2487.000    213.3
    2488.000   -238.2
    2489.000    -35.6
    2490.000   -134.5
    2491.000     89.1
    2492.000   -284.1
    2493.000   -118.6
    2494.000   -119.1
    2495.000     17.6
    2496.000     35.3
    2497.000    -29.3
    2498.000   -166.2
    2499.000    270.3
    2500.000      9.2
    2501.000    -80.4
    2502.000    -90.1
    2503.000     28.5
    2504.000    -41.0
    2505.000    -87.8
    2506.000     19.2
    2507.000     30.1
    2508.000    -11.6
    2509.000    101.8
    2510.000   -229.9
    2511.000    134.7
    2512.000    100.7
    2513.000     77.6
    2514.000    -22.0
    2515.000   -130.5
    2516.000    -23.3
    2517.000    271.9
    2518.000   -139.8
    2519.000    -37.2
    2520.000    101.8
    2521.000    182.2
    2522.000    114.8
    2523.000     18.5
    2524.000    -38.9
    2525.000     61.0
    2526.000   -170.0
    2527.000   -197.8
    2528.000   -123.4
    2529.000    237.4
    2530.000    -67.8
    2531.000    -55.4
    2532.000    -95.6
    2533.000     45.5
    2534.000    -64.8
    2535.000     93.4
    2536.000   -134.4
    2537.000   -127.8
    2538.000    170.3
    2539.000    108.5
    2540.000    -39.0
    2541.000   -150.8
    2542.000    -58.8
    2543.000    -42.5
    2544.000   -176.3
    2545.000    -92.4
    2546.000    219.9
    2547.000    -47.3
    2548.000     38.2
    2549.000    -23.0
    2550.000   -107.7
    2551.000    -62.4
    2552.000   -121.6
    2553.000    118.6
    2554.000    -11.7
    2555.000    238.1
    2556.000     48.7
    2557.000    -39.8
    2558.000   -107.0
    2559.000     18.4
    2560.000     65.3
    2561.000   -152.9
    2562.000     42.8
    2563.000    -98.2
    2564.000    135.0
    2565.000    -82.0
    2566.000      4.5
    2567.000    -38.6
    2568.000    -32.3
    2569.000    -52.7
    2570.000    -29.3
    2571.000    276.7
    2572.000    159.4
    2573.000   -123.8
    2574.000    294.1
    2575.000     -3.3
    2576.000     49.6
    2577.000    -77.4
    2578.000    -51.0
    2579.000    172.1
    2580.000   -257.3
    2581.000     39.2
    2582.000    103.5
    2583.000    -85.1
    2584.000   -169.5
    2585.000     40.6
    2586.000   -106.2
    2587.000    -22.2
    2588.000     -2.6
    2589.000      3.4
    2590.000   -222.8
    2591.000   -153.0
    2592.000   -138.9
    2593.000    -32.4
    2594.000     27.3
    2595.000    -90.3
    2596.000   -145.8
    2597.000     55.9
    2598.000    114.8
    2599.000    100.1
    2600.000    -60.6
    2601.000    129.8
    2602.000     29.1
    2603.000    274.4
    2604.000      9.9
    2605.000     74.3
    2606.000      2.2
    2607.000    100.2
    2608.000     95.0
    2609.000     64.1
    2610.000     36.9
    2611.000   -213.2
    2612.000    228.0
    2613.000    161.0
    2614.000    356.0
    2615.000     37.0
    2616.000    -22.1
    2617.000    -47.5
    2618.000    -11.6
    2619.000    -83.0
    2620.000     74.8
    2621.000    221.9
    2622.000    -11.6
    2623.000     75.1
    2624.000   -320.5
    2625.000    -74.5
    2626.000    -10.6
    2627.000     61.1
    2628.000    -25.5
    2629.000     34.4
    2630.000     56.7
    2631.000    -28.9
    2632.000     34.0
    2633.000    173.4
    2634.000    301.6
    2635.000    -60.1
    2636.000    -14.8
    2637.000     40.6
    2638.000   -115.1
    2639.000     36.6
    2640.000    234.6
    2641.000    -32.7
    2642.000   -114.2
    2643.000     46.1
    2644.000   -134.5
    2645.000      3.0
    2646.000   -276.2
    2647.000   -125.3
    2648.000   -154.8
    2649.000     28.6
    2650.000   -144.6
    2651.000    145.2
    2652.000    117.1
    2653.000   -129.4
    2654.000    -34.6
    2655.000    -28.0
    2656.000    -68.2
    2657.000   -106.0
    2658.000     59.3
    2659.000     11.6
    2660.000    -57.3
    2661.000    -59.7
    2662.000    -84.5
    2663.000     50.6
    2664.000    238.7
    2665.000   -129.1
    2666.000    305.9
    2667.000     24.9
    2668.000    -38.7
    2669.000    272.1
    2670.000     10.6
    2671.000    -73.6
    2672.000    207.4
    2673.000   -311.0
    2674.000    -20.8
    2675.000     -9.3
    2676.000     -2.3
    2677.000   -225.8
    2678.000      5.7
    2679.000     66.7
    2680.000     10.8
    2681.000   -244.4
    2682.000    -61.9
    2683.000   -100.8
    2684.000    184.2
    2685.000   -114.9
    2686.000   -121.7
    2687.000    167.1
    2688.000    -42.4
    2689.000     -4.2
    2690.000     36.2
    2691.000   -202.6
    2692.000     -3.8
    2693.000    156.0
    2694.000    -62.4
    2695.000     47.0
    2696.000     -0.4
    2697.000     76.0
    2698.000     50.7
    2699.000    -21.8
    2700.000   -102.6
    2701.000    -41.5
    2702.000    149.9
    2703.000   -101.8
    2704.000   -113.7
    2705.000     59.2
    2706.000   -135.4
    2707.000     -8.5
    2708.000    -18.1
    2709.000    -90.3
    2710.000    150.0
    2711.000     62.6
    2712.000    141.4
    2713.000    -91.7
    2714.000     55.7
    2715.000     56.2
    2716.000     -0.3
    2717.000    -52.6
    2718.000    -99.4
    2719.000      3.6
    2720.000     41.7
    2721.000     78.3
    2722.000     32.6
    2723.000     26.7
    2724.000    110.9
    2725.000    135.3
    2726.000    120.4
    2727.000    164.6
    2728.000    192.6
    2729.000     12.0
    2730.000      7.4
    2731.000     53.6
    2732.000    -55.0
    2733.000    -29.1
    2734.000     16.9
    2735.000    134.1
    2736.000    -37.9
    2737.000     26.7
    2738.000     39.1
    2739.000     48.3
    2740.000    128.5
    2741.000    129.9
    2742.000   -143.6
    2743.000    133.5
    2744.000    -58.1
    2745.000      9.7
    2746.000     20.5
    2747.000    151.7
    2748.000    134.7
    2749.000    -76.2
    2750.000     72.9
    2751.000     87.7
    2752.000    -60.0
    2753.000    -43.9
    2754.000    -42.2
    2755.000    -21.7
    2756.000   -224.7
    2757.000    132.1
    2758.000     47.4
    2759.000    161.3
    2760.000     26.4
    2761.000     62.6
    2762.000   -196.4
    2763.000   -200.2
    2764.000    -66.9
    2765.000     88.6
    2766.000    -35.3
    2767.000    -55.6
    2768.000     76.9
    2769.000    -34.8
    2770.000     56.2
    2771.000    -58.6
    2772.000    223.2
    2773.000     90.8
    2774.000    -48.2
    2775.000    -16.9
    2776.000     84.8
    2777.000     81.9
    2778.000    -69.3
    2779.000    -17.9
    2780.000    -78.5
    2781.000   -161.8
    2782.000     96.6
    2783.000    -25.3
    2784.000     82.5
    2785.000    -23.4
    2786.000    -85.3
    2787.000    -15.8
    2788.000    -93.3
    2789.000     20.3
    2790.000    206.0
    2791.000     19.3
    2792.000   -106.6
    2793.000     15.5
    2794.000    -89.1
    2795.000    -67.4
    2796.000   -185.2
    2797.000    139.1
    2798.000    -85.0
    2799.000   -113.5
    2800.000    -14.5
    2801.000   -206.4
    2802.000    -82.0
    2803.000     67.2
    2804.000     -8.1
    2805.000     90.9
    2806.000    -44.2
    2807.000    110.2
    2808.000      6.9
    2809.000    149.2
    2810.000    -97.6
    2811.000    119.7
    2812.000   -182.5
    2813.000      0.6
    2814.000    -44.4
    2815.000      0.3
    2816.000   -262.6
    2817.000   -151.5
    2818.000     16.5
    2819.000     -3.8
    2820.000     23.8
    2821.000    -98.6
    2822.000     49.1
    2823.000   -220.8
    2824.000     31.1
    2825.000     59.4
    2826.000    109.7
    2827.000     35.2
    2828.000   -104.7
    2829.000     11.9
    2830.000    164.6
    2831.000     97.5
    2832.000    203.9
    2833.000    234.5
    2834.000    -55.6
    2835.000     -6.0
    2836.000   -104.9
    2837.000    -52.7
    2838.000    138.7
    2839.000    105.6
    2840.000    104.6
    2841.000   -148.5
    2842.000   -125.1
    2843.000    117.2
    2844.000    -64.7
    2845.000      5.9
    2846.000    -37.5
    2847.000    302.4
    2848.000   -190.2
    2849.000     81.5
    2850.000    -68.0
    2851.000    -93.4
    2852.000    -38.9
    2853.000   -104.5
    2854.000      0.7
    2855.000   -368.9
    2856.000    107.0
    2857.000   -105.8
    2858.000     61.2
    2859.000    164.5
    2860.000   -117.4
    2861.000    400.6
    2862.000   -114.1
    2863.000     11.6
    2864.000    -91.5
    2865.000    -75.2
    2866.000    232.8
    2867.000    -22.2
    2868.000    216.1
    2869.000   -112.4
    2870.000     56.0
    2871.000    141.5
    2872.000    283.1
    2873.000     12.8
    2874.000    -11.9
    2875.000    209.3
    2876.000    140.5
    2877.000     48.0
    2878.000     80.2
    2879.000     66.9
    2880.000     -3.7
    2881.000    151.4
    2882.000     18.1
    2883.000   -178.7
    2884.000   -232.8
    2885.000   -103.6
    2886.000    124.7
    2887.000   -143.8
    2888.000    -24.0
    2889.000     73.3
    2890.000   -127.2
    2891.000      9.6
    2892.000    115.9
    2893.000   -135.3
    2894.000    -52.0
    2895.000    159.4
    2896.000    151.5
    2897.000   -200.8
    2898.000     72.1
    2899.000   -253.3
    2900.000    -65.4
    2901.000   -348.6
    2902.000    173.8
    2903.000   -101.9
    2904.000   -110.5
    2905.000   -132.7
    2906.000    -52.8
    2907.000   -208.3
    2908.000    100.6
    2909.000   -143.5
    2910.000     69.3
    2911.000    -95.1
    2912.000   -110.3
    2913.000     69.1
    2914.000    149.2
    2915.000   -164.3
    2916.000    -13.9
    2917.000   -120.7
    2918.000    -69.3
    2919.000    -95.8
    2920.000    193.1
    2921.000   -209.4
    2922.000   -191.9
    2923.000    -73.3
    2924.000   -139.9
    2925.000   -176.3
    2926.000   -187.9
    2927.000     72.5
    2928.000    -19.7
    2929.000      6.4
    2930.000    -10.9
    2931.000   -197.0
    2932.000   -159.8
    2933.000     -9.2
    2934.000     97.4
    2935.000    -25.5
    2936.000   -209.8
    2937.000     85.9
    2938.000     -2.5
    2939.000     46.2
    2940.000     11.6
    2941.000   -120.3
    2942.000    114.0
    2943.000    187.2
    2944.000   -146.5
    2945.000    -54.7
    2946.000     68.2
    2947.000    -21.2
    2948.000     77.2
    2949.000      1.3
    2950.000    -36.0
    2951.000     54.3
    2952.000    126.9
    2953.000    153.2
    2954.000    144.6
    2955.000     22.1
    2956.000    -61.1
    2957.000   -200.1
    2958.000     77.7
    2959.000     43.7
    2960.000     64.8
    2961.000   -300.5
    2962.000      3.7
    2963.000     22.2
    2964.000    145.7
    2965.000     56.0
    2966.000     73.9
    2967.000   -110.8
    2968.000   -175.1
    2969.000    -54.0
    2970.000    317.2
    2971.000    -53.0
    2972.000     87.4
    2973.000    238.8
    2974.000    -34.9
    2975.000   -191.9
    2976.000     80.4
    2977.000     31.2
    2978.000    130.0
    2979.000    229.6
    2980.000    -81.2
    2981.000      6.4
    2982.000     23.1
    2983.000      4.8
    2984.000     47.1
    2985.000     64.9
    2986.000   -193.0
    2987.000    127.9
    2988.000    -15.1
    2989.000    -76.8
    2990.000    -34.8
    2991.000   -172.9
    2992.000    -93.1
    2993.000     24.1
    2994.000     96.5
    2995.000   -172.5
    2996.000    -39.3
    2997.000    -26.7
    2998.000    -91.2
    2999.000   -101.7
    3000.000    -84.8
    3001.000    -15.0
    3002.000     82.9
    3003.000     -4.0
    3004.000   -104.4
    3005.000    110.2
    3006.000   -229.7
    3007.000    279.3
    3008.000    -66.0
    3009.000    -29.3
    3010.000   -160.4
    3011.000    -76.1
    3012.000    -63.3
    3013.000   -353.2
    3014.000     73.6
    3015.000   -100.3
    3016.000     58.6
    3017.000    129.7
    3018.000     -1.2
    3019.000    -82.7
    3020.000    -49.6
    3021.000    149.3
    3022.000      0.5
    3023.000    -54.3
    3024.000    -87.0
    3025.000    100.9
    3026.000    234.8
    3027.000    -36.3
    3028.000     37.2
    3029.000    101.1
    3030.000     95.3
    3031.000    -67.3
    3032.000   -133.5
    3033.000   -200.4
    3034.000     88.6
    3035.000     31.7
    3036.000    125.2
    3037.000    -35.8
    3038.000    -57.1
    3039.000     68.7
    3040.000    -25.9
