     141.000      330434.5342
     142.000      324440.2376
     143.000      321157.5391
     144.000      318396.5650
     145.000      316569.1310
     146.000      315907.8460
     147.000      315456.8674
     148.000      314460.4852
     149.000      314205.3466
     150.000      313888.5687
     151.000      313675.6359
     152.000      312832.2509
     153.000      312055.0355
     154.000      312477.2753
     155.000      312488.8968
     156.000      311445.9291
     157.000      310913.7048
     158.000      311116.2354
     159.000      311049.3724
     160.000      310125.0336
     161.000      310799.8291
     162.000      310216.5808
     163.000      310621.2458
     164.000      310185.6814
     165.000      309177.4497
     166.000      309074.9719
     167.000      308920.4277
     168.000      308973.9380
     169.000      308817.1103
     170.000      308644.7187
     171.000      308271.9661
     172.000      307587.0844
     173.000      307725.8059
     174.000      308491.5493
     175.000      308667.2543
     176.000      308047.6700
     177.000      307965.4462
     178.000      307211.3506
     179.000      307421.9802
     180.000      306832.8469
     181.000      305999.5684
     182.000      306599.9720
     183.000      306568.5669
     184.000      306799.4844
     185.000      306615.2865
     186.000      306721.9764
     187.000      306489.8142
     188.000      306052.2720
     189.000      305727.7418
     190.000      305441.5003
     191.000      305290.8098
     192.000      305531.4022
     193.000      304860.7565
     194.000      304764.0116
     195.000      305056.7261
     196.000      305464.6036
     197.000      305058.7707
     198.000      305040.6456
     199.000      304754.9303
     200.000      304244.8468
     201.000      304758.9440
     202.000      304971.5272
     203.000      304905.9271
     204.000      304595.8426
     205.000      304477.0160
     206.000      304092.5568
     207.000      304365.3368
     208.000      304721.0689
     209.000      304522.2293
     210.000      304115.8655
     211.000      303707.4678
     212.000      303847.7012
     213.000      303707.4813
     214.000      303815.0552
     215.000      304015.5041
     216.000      304487.3053
     217.000      304615.9108
     218.000      305016.6382
     219.000      304741.7880
     220.000      303916.8893
     221.000      304661.5895
     222.000      304506.9742
     223.000      304181.2356
     224.000      303971.9446
     225.000      303440.5046
     226.000      303759.4587
     227.000      303676.1358
     228.000      304073.6518
     229.000      304355.7630
     230.000      304309.9610
     231.000      304432.5809
     232.000      305149.5151
     233.000      305333.4557
     234.000      305500.6089
     235.000      304501.9399
     236.000      304399.8373
     237.000      304646.5092
     238.000      304755.4883
     239.000      304747.9077
     240.000      304940.8352
     241.000      304177.6755
     242.000      303956.7170
     243.000      303258.8681
     244.000      302959.3494
     245.000      303348.6842
     246.000      303590.4028
     247.000      303978.8465
     248.000      304118.8027
     249.000      304239.0872
     250.000      304071.1806
     251.000      304126.8350
     252.000      304215.4428
     253.000      304421.2869
     254.000      303701.2776
     255.000      303438.6852
     256.000      303426.6563
     257.000      303685.5045
     258.000      303663.8496
     259.000      303508.4673
     260.000      303313.3995
     261.000      303002.3652
     262.000      304496.4187
     263.000      303975.1594
     264.000      303632.2362
     265.000      304098.2647
     266.000      303820.7507
     267.000      304025.8140
     268.000      303755.6935
     269.000      303902.5937
     270.000      303581.6261
     271.000      303925.4669
     272.000      303828.1789
     273.000      304006.9862
     274.000      304007.8580
     275.000      303844.0652
     276.000      304518.1638
     277.000      304185.1820
     278.000      304284.4135
     279.000      303738.6594
     280.000      303421.0519
     281.000      303352.5711
     282.000      303490.7225
     283.000      303115.2047
     284.000      303331.0618
     285.000      303824.5748
     286.000      304576.2161
     287.000      304511.9853
     288.000      304129.4142
     289.000      303635.8104
     290.000      303614.0450
     291.000      303433.2309
     292.000      303324.8329
     293.000      303611.0523
     294.000      303796.5321
     295.000      304386.8813
     296.000      304979.9042
     297.000      304061.8975
     298.000      304127.4664
     299.000      303812.1480
     300.000      303997.0702
     301.000      303910.0169
     302.000      303619.3138
     303.000      303128.1875
     304.000      302857.8807
     305.000      302493.1096
     306.000      302776.2115
     307.000      303475.2017
     308.000      303251.2227
     309.000      303371.3057
     310.000      303270.8749
     311.000      302806.9093
     312.000      302996.2000
     313.000      303140.8111
     314.000      303872.7419
     315.000      303705.2291
     316.000      303301.6830
     317.000      302924.1266
     318.000      303035.8640
     319.000      303178.2950
     320.000      303640.0655
     321.000      303720.7042
     322.000      303852.8797
     323.000      304318.4879
     324.000      304272.6459
     325.000      303711.6142
     326.000      303877.3231
     327.000      304179.0100
     328.000      303525.4466
     329.000      302858.3763
     330.000      303076.5607
     331.000      303198.2263
     332.000      304137.0451
     333.000      303280.2281
     334.000      302705.4436
     335.000      302398.3498
     336.000      302989.5811
     337.000      303163.3490
     338.000      303149.9006
     339.000      302669.6798
     340.000      302220.6094
     341.000      302694.1149
     342.000      303129.8024
     343.000      302210.2228
     344.000      302353.5754
     345.000      303167.5862
     346.000      302935.5252
     347.000      303019.4152
     348.000      302725.6167
     349.000      302759.4613
     350.000      303270.1258
     351.000      302971.5131
     352.000      302563.8043
     353.000      303186.9589
     354.000      302300.5439
     355.000      302872.8962
     356.000      302897.0319
     357.000      302587.5604
     358.000      302711.8138
     359.000      303033.6078
     360.000      303677.7876
     361.000      304112.4789
     362.000      303590.0180
     363.000      303442.8026
     364.000      303795.6656
     365.000      303299.8704
     366.000      303208.8815
     367.000      302933.0665
     368.000      302823.6970
     369.000      302816.6770
     370.000      303034.1252
     371.000      303415.9420
     372.000      303493.7733
     373.000      303041.1004
     374.000      303657.1282
     375.000      303678.7064
     376.000      303243.5990
     377.000      303362.0412
     378.000      302810.0340
     379.000      304082.9011
     380.000      303982.6250
     381.000      303506.9640
     382.000      302368.6524
     383.000      302623.6720
     384.000      302064.9190
     385.000      302613.5977
     386.000      302888.5414
     387.000      303628.6580
     388.000      303134.7775
     389.000      303080.3608
     390.000      302397.1910
     391.000      302931.1049
     392.000      302566.8682
     393.000      302966.0164
     394.000      303140.5112
     395.000      302757.6519
     396.000      302508.1761
     397.000      302138.7326
     398.000      301701.5177
     399.000      302387.3973
     400.000      302678.9567
     401.000      303260.3825
     402.000      303073.7214
     403.000      303198.1117
     404.000      303211.5019
     405.000      303204.8512
     406.000      303360.8160
     407.000      303355.4153
     408.000      303262.2882
     409.000      303106.2112
     410.000      303204.5631
     411.000      303176.7334
     412.000      302927.0980
     413.000      302849.7150
     414.000      303466.9724
     415.000      303017.3330
     416.000      302925.1955
     417.000      302702.0132
     418.000      303749.6263
     419.000      303398.7522
     420.000      303295.6617
     421.000      303022.8538
     422.000      302967.0182
     423.000      302985.9882
     424.000      302662.3357
     425.000      302656.2734
     426.000      302987.4755
     427.000      303068.5075
     428.000      302844.8126
     429.000      303007.0287
     430.000      303418.6679
     431.000      303301.9804
     432.000      303562.5223
     433.000      303695.3591
     434.000      303501.9870
     435.000      304059.6629
     436.000      303618.7842
     437.000      302959.4354
     438.000      303029.5686
     439.000      303529.8434
     440.000      303277.8689
     441.000      302741.8294
     442.000      302763.4945
     443.000      303234.3175
     444.000      302669.0083
     445.000      303249.5795
     446.000      303069.7735
     447.000      302466.3218
     448.000      302450.2119
     449.000      302937.2905
     450.000      302753.4153
     451.000      303123.2752
     452.000      302872.8086
     453.000      302315.6387
     454.000      301825.7445
     455.000      301475.5566
     456.000      301474.7862
     457.000      301952.6501
     458.000      302468.3973
     459.000      302667.6992
     460.000      302234.5524
     461.000      302452.0425
     462.000      302736.6925
     463.000      302984.1455
     464.000      303485.3435
     465.000      303295.6489
     466.000      302652.4434
     467.000      303038.0486
     468.000      302619.2807
     469.000      302495.5853
     470.000      302307.2745
     471.000      302040.0989
     472.000      302548.2881
     473.000      302480.0273
     474.000      302630.1596
     475.000      302421.2911
     476.000      302185.8212
     477.000      302060.6901
     478.000      302237.9699
     479.000      301912.1319
     480.000      301918.3954
     481.000      301757.9875
     482.000      301970.8539
     483.000      302174.1961
     484.000      302743.4443
     485.000      302303.1915
     486.000      302575.8611
     487.000      302253.3184
     488.000      302135.4380
     489.000      301723.2513
     490.000      302393.0925
     491.000      301963.2781
     492.000      302034.1171
     493.000      301803.9091
     494.000      302083.3322
     495.000      301959.0054
     496.000      301377.2728
     497.000      301439.4396
     498.000      302287.6660
     499.000      302497.3829
     500.000      302136.8443
     501.000      302092.5843
     502.000      302473.1019
     503.000      302417.1202
     504.000      302816.6584
     505.000      302442.5692
     506.000      302593.7845
     507.000      301675.0994
     508.000      302316.0561
     509.000      302251.7833
     510.000      302155.8430
     511.000      302548.5610
     512.000      302619.7753
     513.000      302593.9781
     514.000      302437.7322
     515.000      302927.5664
     516.000      303253.4375
     517.000      302575.1841
     518.000      302718.7429
     519.000      302282.4329
     520.000      301944.7794
     521.000      301842.5972
     522.000      302183.1829
     523.000      302276.1713
     524.000      302917.0511
     525.000      303381.2982
     526.000      302374.6454
     527.000      302345.4149
     528.000      302047.1434
     529.000      302183.1069
     530.000      302376.2203
     531.000      301930.9824
     532.000      301867.6966
     533.000      302294.3172
     534.000      302538.8650
     535.000      302725.2020
     536.000      302636.5945
     537.000      302467.4585
     538.000      302238.9526
     539.000      301949.6323
     540.000      302350.5650
     541.000      302554.2589
     542.000      302062.4079
     543.000      301642.6791
     544.000      301666.2883
     545.000      301435.8096
     546.000      301632.6459
     547.000      301152.9754
     548.000      301559.5238
     549.000      301441.5941
     550.000      301556.1108
     551.000      301611.6984
     552.000      301444.5129
     553.000      301428.0716
     554.000      302163.5204
     555.000      302138.4384
     556.000      301967.3172
     557.000      302149.4866
     558.000      301398.8729
     559.000      302574.5326
     560.000      302734.5996
     561.000      302490.8063
     562.000      302270.1577
     563.000      302620.6048
     564.000      302279.3846
     565.000      301615.9979
     566.000      301720.2227
     567.000      301601.2447
     568.000      301698.1411
     569.000      301978.0955
     570.000      301763.8020
     571.000      302160.1678
     572.000      302243.6992
     573.000      302518.5989
     574.000      302751.8307
     575.000      302523.3192
     576.000      301834.1424
     577.000      301778.8335
     578.000      301998.6447
     579.000      302401.3678
     580.000      302105.6473
     581.000      301783.9439
     582.000      301706.0669
     583.000      302480.3402
     584.000      302250.6548
     585.000      301619.9324
     586.000      301765.5869
     587.000      302098.2577
     588.000      301881.5841
     589.000      301789.1359
     590.000      302123.1064
     591.000      301978.5933
     592.000      302252.8492
     593.000      302253.1404
     594.000      301250.1752
     595.000      301069.6805
     596.000      301906.5124
     597.000      302210.3959
     598.000      302128.4535
     599.000      301535.3439
     600.000      302398.2053
     601.000      302252.5499
     602.000      302126.5293
     603.000      301619.1343
     604.000      302140.1611
     605.000      302135.2663
     606.000      302071.2410
     607.000      301531.9508
     608.000      302273.0433
     609.000      302292.6755
     610.000      302317.0222
     611.000      301806.4478
     612.000      302140.7030
     613.000      301632.8333
     614.000      301367.9536
     615.000      301041.7704
     616.000      301896.6762
     617.000      302359.9708
     618.000      302491.5281
     619.000      301772.3577
     620.000      301437.4728
     621.000      301906.9951
     622.000      302320.2706
     623.000      302245.8686
     624.000      301730.3227
     625.000      301724.5565
     626.000      301379.6555
     627.000      301469.7644
     628.000      301838.7736
     629.000      301697.6766
     630.000      302436.9804
     631.000      301762.5397
     632.000      301616.5227
     633.000      301770.6672
     634.000      301398.2357
     635.000      301883.2427
     636.000      302369.4074
     637.000      302171.5166
     638.000      302013.6792
     639.000      301781.0037
     640.000      301611.8044
     641.000      301726.5283
     642.000      301742.2877
     643.000      302354.6535
     644.000      301977.5190
     645.000      301564.0062
     646.000      301385.6010
     647.000      301630.4739
     648.000      301045.3815
     649.000      301132.2293
     650.000      301597.3500
     651.000      301048.4517
     652.000      301045.5385
     653.000      301577.6810
     654.000      301804.6080
     655.000      301927.3712
     656.000      301920.4096
     657.000      301740.2080
     658.000      301476.9285
     659.000      301251.8324
     660.000      301363.8369
     661.000      301269.4203
     662.000      301662.6293
     663.000      301863.9762
     664.000      301598.7866
     665.000      301477.9728
     666.000      301805.6051
     667.000      301434.6903
     668.000      301390.8790
     669.000      300901.7503
     670.000      300704.9507
     671.000      301218.1764
     672.000      301280.5271
     673.000      301100.0749
     674.000      301129.4029
     675.000      301967.2924
     676.000      302061.4069
     677.000      301980.4809
     678.000      301350.8329
     679.000      302016.6823
     680.000      301180.8133
     681.000      302017.9850
     682.000      301531.2583
     683.000      301897.3094
     684.000      302074.4496
     685.000      301889.9530
     686.000      301930.7874
     687.000      301884.8228
     688.000      301936.5156
     689.000      301717.1604
     690.000      301718.8519
     691.000      301675.1411
     692.000      301810.8821
     693.000      301135.3576
     694.000      301231.4370
     695.000      301498.5649
     696.000      301378.1351
     697.000      301984.2726
     698.000      301562.1159
     699.000      301532.9747
     700.000      301509.9767
     701.000      301722.1026
     702.000      301111.8072
     703.000      301757.6774
     704.000      301829.7991
     705.000      302234.1498
     706.000      302032.2777
     707.000      301823.6056
     708.000      301811.8032
     709.000      301916.2464
     710.000      302060.4065
     711.000      302332.7054
     712.000      301639.8592
     713.000      302117.8714
     714.000      301596.9172
     715.000      301769.7478
     716.000      301665.1777
     717.000      301951.1182
     718.000      301770.5224
     719.000      302103.0760
     720.000      301967.2870
     721.000      302509.4964
     722.000      302251.4635
     723.000      301918.4388
     724.000      301401.2438
     725.000      301277.9241
     726.000      301369.7928
     727.000      301803.4764
     728.000      301946.1446
     729.000      302566.9749
     730.000      302480.3169
     731.000      302869.4219
     732.000      302157.0209
     733.000      301857.5877
     734.000      302390.7223
     735.000      302392.0267
     736.000      302114.7318
     737.000      302141.6590
     738.000      301927.4487
     739.000      302258.1505
     740.000      301719.7686
     741.000      301399.0809
     742.000      301458.4244
     743.000      301282.3584
     744.000      300837.7727
     745.000      300480.3244
     746.000      301935.1082
     747.000      301252.4610
     748.000      300927.6436
     749.000      300789.5205
     750.000      301287.3302
     751.000      301373.2313
     752.000      300878.5666
     753.000      300710.4069
     754.000      301035.5199
     755.000      301484.7282
     756.000      301512.8843
     757.000      301573.3745
     758.000      301803.2911
     759.000      300875.1909
     760.000      300535.6167
     761.000      300428.0462
     762.000      301040.5116
     763.000      302153.5381
     764.000      302016.2381
     765.000      301289.8211
     766.000      300941.9525
     767.000      301296.6472
     768.000      301574.5501
     769.000      301104.9196
     770.000      300762.8251
     771.000      300916.3322
     772.000      301152.8697
     773.000      300747.9889
     774.000      301278.5346
     775.000      301453.3648
     776.000      302005.3454
     777.000      301413.5213
     778.000      301619.6170
     779.000      301243.3094
     780.000      300847.9340
     781.000      300453.0627
     782.000      300592.3873
     783.000      301187.3297
     784.000      301569.9790
     785.000      301929.5305
     786.000      302030.5657
     787.000      301687.9047
     788.000      301376.0356
     789.000      301586.2891
     790.000      301106.0197
     791.000      300883.4148
     792.000      301153.5851
     793.000      301542.7842
     794.000      301110.0750
     795.000      300684.5048
     796.000      300534.2683
     797.000      301176.6250
     798.000      300618.8002
     799.000      300849.5310
     800.000      300426.6032
     801.000      300417.6594
     802.000      300053.2921
     803.000      300280.8241
     804.000      300871.2934
     805.000      301038.0045
     806.000      300827.4302
     807.000      301095.0938
     808.000      301175.3178
     809.000      300699.9329
     810.000      300791.1881
     811.000      300850.7909
     812.000      302064.8376
     813.000      302273.6535
     814.000      301790.2347
     815.000      301534.4167
     816.000      301169.8297
     817.000      301077.9496
     818.000      301175.5723
     819.000      301278.7864
     820.000      301062.7441
     821.000      300830.0680
     822.000      300956.3935
     823.000      300933.8811
     824.000      300601.1237
     825.000      300933.1764
     826.000      301006.6017
     827.000      300636.1055
     828.000      300833.7148
     829.000      300917.2842
     830.000      300726.1724
     831.000      300698.2826
     832.000      301206.2151
     833.000      301355.2920
     834.000      301678.5238
     835.000      301505.9057
     836.000      301098.8327
     837.000      301494.6838
     838.000      301360.8897
     839.000      301613.1683
     840.000      301532.8918
     841.000      300591.3002
     842.000      300320.9864
     843.000      300252.2239
     844.000      300369.8010
     845.000      300389.2809
     846.000      300094.1805
     847.000      300315.5101
     848.000      300393.7017
     849.000      300600.9621
     850.000      300761.4039
     851.000      300569.4755
     852.000      300410.2342
     853.000      300305.3063
     854.000      301161.8229
     855.000      300669.9425
     856.000      300555.7118
     857.000      301483.1439
     858.000      301313.7291
     859.000      301078.8262
     860.000      300753.4717
     861.000      300602.1949
     862.000      300555.6102
     863.000      300675.5602
     864.000      300592.2453
     865.000      301365.6782
     866.000      301099.8155
     867.000      300793.5030
     868.000      300676.3264
     869.000      301508.3324
     870.000      301414.4317
     871.000      300683.1278
     872.000      300374.1373
     873.000      301419.1052
     874.000      300337.1085
     875.000      300151.1703
     876.000      300207.6064
     877.000      300716.2479
     878.000      300903.7585
     879.000      300698.7413
     880.000      300460.3231
     881.000      300419.3499
     882.000      300878.4602
     883.000      300696.3634
     884.000      300535.4617
     885.000      300171.6562
     886.000      300561.7673
     887.000      300958.6262
     888.000      300460.2360
     889.000      300432.1154
     890.000      300415.0656
     891.000      301101.2171
     892.000      300888.5080
     893.000      300818.0407
     894.000      300268.8601
     895.000      299814.6008
     896.000      299744.1616
     897.000      300327.1526
     898.000      300800.4071
     899.000      300892.2327
     900.000      300954.4987
     901.000      300578.2087
     902.000      300891.1748
     903.000      301146.4272
     904.000      301046.9341
     905.000      300999.3027
     906.000      301331.8097
     907.000      301283.9225
     908.000      301033.6818
     909.000      300481.2446
     910.000      301570.9001
     911.000      301307.6204
     912.000      300928.1272
     913.000      301235.0874
     914.000      300436.0499
     915.000      301402.5935
     916.000      301332.7696
     917.000      300757.7596
     918.000      300939.5943
     919.000      299651.9822
     920.000      300199.6420
     921.000      300176.0489
     922.000      300485.7109
     923.000      300516.3722
     924.000      300593.3077
     925.000      300236.9598
     926.000      299806.8034
     927.000      299417.3173
     928.000      299543.5766
     929.000      299641.9675
     930.000      299676.1836
     931.000      299859.2519
     932.000      300832.0224
     933.000      301169.7264
     934.000      301237.4143
     935.000      301056.6749
     936.000      300908.3408
     937.000      301279.3279
     938.000      301317.6312
     939.000      301858.2900
     940.000      301230.1866
     941.000      300860.1272
     942.000      300955.2648
     943.000      300879.2511
     944.000      301088.7332
     945.000      300765.5276
     946.000      300156.0992
     947.000      300537.0913
     948.000      300214.9475
     949.000      300740.8221
     950.000      300732.8028
     951.000      300096.5551
     952.000      299475.5801
     953.000      299439.9515
     954.000      299828.6297
     955.000      299815.3368
     956.000      299887.8193
     957.000      300151.1883
     958.000      299752.4198
     959.000      299566.4266
     960.000      300477.3969
     961.000      300571.4192
     962.000      300327.5069
     963.000      300523.6875
     964.000      300929.6840
     965.000      300827.5763
     966.000      300790.7194
     967.000      300937.3809
     968.000      300838.9353
     969.000      300315.1783
     970.000      300202.8224
     971.000      300406.3642
     972.000      300261.6834
     973.000      300264.2630
     974.000      300610.9487
     975.000      300000.0192
     976.000      299787.4571
     977.000      300017.8726
     978.000      300477.3808
     979.000      300647.5088
     980.000      300666.0371
     981.000      300402.8436
     982.000      300502.7802
     983.000      300632.0712
     984.000      300230.8071
     985.000      300217.1523
     986.000      300357.8722
     987.000      300262.7273
     988.000      300778.1125
     989.000      300511.7290
     990.000      299964.2631
     991.000      300084.3344
     992.000      300244.8175
     993.000      300492.9468
     994.000      300921.8960
     995.000      300283.4030
     996.000      300776.3358
     997.000      300708.0469
     998.000      299830.0963
     999.000      300307.9966
    1000.000      300983.6455
    1001.000      300503.6738
    1002.000      300145.3815
    1003.000      299947.9324
    1004.000      300724.8387
    1005.000      300344.8924
    1006.000      300308.3055
    1007.000      300064.7753
    1008.000      300554.0754
    1009.000      300453.3071
    1010.000      300456.6473
    1011.000      300258.9016
    1012.000      300160.1412
    1013.000      300431.3966
    1014.000      300862.3365
    1015.000      300426.7323
    1016.000      300856.9095
    1017.000      300602.4410
    1018.000      300501.5537
    1019.000      300054.9264
    1020.000      300164.7825
    1021.000      300734.4107
    1022.000      300633.6658
    1023.000      300893.7983
    1024.000      301006.8104
    1025.000      300588.1016
    1026.000      299763.4788
    1027.000      300486.0825
    1028.000      300717.7458
    1029.000      300763.8931
    1030.000      300582.1596
    1031.000      300274.5098
    1032.000      300658.8612
    1033.000      300947.1560
    1034.000      300932.2023
    1035.000      300172.8770
    1036.000      300073.5613
    1037.000      300000.1742
    1038.000      300778.5289
    1039.000      300650.5337
    1040.000      300173.4721
    1041.000      300281.4940
    1042.000      300705.4207
    1043.000      300355.8020
    1044.000      300405.0375
    1045.000      300350.6697
    1046.000      299999.3559
    1047.000      300339.2595
    1048.000      300674.4096
    1049.000      301066.1007
    1050.000      300993.0780
    1051.000      300948.5067
    1052.000      300327.0796
    1053.000      300585.1033
    1054.000      300350.1040
    1055.000      300198.3014
    1056.000      299788.5991
    1057.000      300249.6876
    1058.000      300104.1195
    1059.000      300061.1921
    1060.000      300457.6560
    1061.000      300715.5903
    1062.000      300779.9675
    1063.000      300627.4543
    1064.000      300617.9787
    1065.000      300353.4900
    1066.000      300243.0673
    1067.000      300539.0290
    1068.000      300824.1568
    1069.000      300327.3450
    1070.000      299819.3810
    1071.000      299598.0034
    1072.000      299530.8820
    1073.000      299998.9885
    1074.000      299754.9058
    1075.000      300357.6699
    1076.000      300599.1176
    1077.000      300585.5993
    1078.000      300551.1129
    1079.000      299938.4298
    1080.000      299651.1132
    1081.000      299557.6097
    1082.000      299207.6129
    1083.000      299100.2772
    1084.000      299401.1456
    1085.000      299650.2027
    1086.000      299785.1730
    1087.000      299824.4172
    1088.000      299683.4885
    1089.000      300033.3931
    1090.000      299937.4152
    1091.000      299161.9453
    1092.000      299774.4072
    1093.000      299879.5996
    1094.000      300705.9102
    1095.000      300427.1198
    1096.000      300767.3578
    1097.000      300947.9704
    1098.000      300855.1164
    1099.000      300247.1043
    1100.000      300689.6654
    1101.000      300171.7184
    1102.000      300112.8576
    1103.000      300399.1811
    1104.000      300524.0182
    1105.000      300096.5614
    1106.000      300241.6043
    1107.000      300357.6430
    1108.000      300358.6784
    1109.000      300682.8362
    1110.000      300616.3915
    1111.000      300126.8196
    1112.000      299675.9648
    1113.000      300021.8543
    1114.000      300214.7909
    1115.000      300468.2466
    1116.000      300626.8143
    1117.000      300159.1003
    1118.000      300306.0240
    1119.000      300804.9177
    1120.000      300529.5927
    1121.000      300710.0648
    1122.000      300024.4318
    1123.000      300432.9507
    1124.000      299867.5405
    1125.000      300232.0831
    1126.000      299875.1636
    1127.000      299905.7091
    1128.000      299990.2457
    1129.000      300236.8182
    1130.000      299906.4105
    1131.000      300268.3394
    1132.000      300712.7660
    1133.000      300523.9646
    1134.000      300331.0763
    1135.000      299987.8365
    1136.000      299986.5629
    1137.000      299095.8984
    1138.000      299908.6625
    1139.000      300152.6556
    1140.000      300325.0001
    1141.000      299912.2257
    1142.000      300568.5471
    1143.000      300736.1813
    1144.000      300523.2631
    1145.000      300571.2050
    1146.000      299700.4180
    1147.000      299543.3039
    1148.000      299382.1077
    1149.000      299461.8676
    1150.000      299760.2553
    1151.000      299638.3416
    1152.000      299166.6372
    1153.000      299197.9712
    1154.000      299613.4334
    1155.000      299383.8745
    1156.000      299424.2646
    1157.000      299204.5864
    1158.000      299522.0816
    1159.000      299800.7570
    1160.000      299534.5719
    1161.000      299687.9507
    1162.000      299555.7825
    1163.000      299875.7738
    1164.000      300906.8850
    1165.000      300717.9989
    1166.000      300672.4828
    1167.000      299846.3712
    1168.000      299801.9833
    1169.000      299832.7449
    1170.000      299761.6609
    1171.000      299527.8579
    1172.000      299912.9059
    1173.000      299609.5803
    1174.000      299970.9226
    1175.000      299213.4774
    1176.000      299333.8643
    1177.000      299690.4246
    1178.000      299929.5993
    1179.000      300485.8192
    1180.000      300468.1507
    1181.000      300346.4532
    1182.000      300604.2559
    1183.000      300627.4599
    1184.000      301062.5776
    1185.000      299672.0757
    1186.000      299726.9087
    1187.000      299959.3232
    1188.000      300000.0301
    1189.000      299659.0064
    1190.000      299713.5080
    1191.000      300033.2148
    1192.000      299532.7288
    1193.000      300029.2103
    1194.000      300000.8192
    1195.000      300108.0816
    1196.000      299937.5689
    1197.000      300109.3161
    1198.000      300124.8719
    1199.000      300166.4502
    1200.000      300124.2379
    1201.000      300263.1231
    1202.000      299974.6240
    1203.000      300258.6431
    1204.000      299934.5307
    1205.000      299423.9661
    1206.000      299544.5517
    1207.000      300266.6988
    1208.000      299698.1527
    1209.000      299868.2337
    1210.000      299841.7299
    1211.000      300396.2780
    1212.000      300602.6817
    1213.000      300315.5197
    1214.000      300077.7911
    1215.000      299913.0250
    1216.000      300199.6719
    1217.000      299904.7311
    1218.000      299468.9316
    1219.000      299640.8625
    1220.000      299668.2012
    1221.000      299123.9267
    1222.000      299370.8272
    1223.000      300088.0614
    1224.000      299852.5853
    1225.000      299629.8962
    1226.000      299795.5576
    1227.000      299724.7413
    1228.000      300078.6334
    1229.000      300109.8319
    1230.000      299688.6069
    1231.000      299641.0304
    1232.000      299140.3698
    1233.000      298685.4025
    1234.000      299217.1631
    1235.000      299716.5517
    1236.000      299965.3933
    1237.000      300001.2943
    1238.000      300635.8658
    1239.000      300557.6808
    1240.000      300684.2070
    1241.000      299979.5229
    1242.000      300328.1329
    1243.000      300055.6116
    1244.000      299395.9780
    1245.000      299181.8353
    1246.000      299646.2388
    1247.000      299633.4992
    1248.000      299658.7011
    1249.000      300201.3769
    1250.000      300163.3857
    1251.000      300013.3090
    1252.000      300182.3691
    1253.000      300033.3821
    1254.000      299650.3079
    1255.000      300416.5947
    1256.000      299839.0714
    1257.000      300627.9436
    1258.000      300573.9346
    1259.000      300207.1950
    1260.000      299943.9121
    1261.000      300365.9172
    1262.000      300464.2714
    1263.000      299782.4716
    1264.000      299829.0260
    1265.000      299832.9711
    1266.000      300014.2580
    1267.000      300024.2549
    1268.000      299636.8000
    1269.000      299526.1724
    1270.000      300034.7880
    1271.000      299875.9638
    1272.000      300327.7586
    1273.000      300316.4547
    1274.000      300293.5252
    1275.000      299709.9880
    1276.000      299610.2001
    1277.000      299735.4940
    1278.000      299714.4037
    1279.000      299432.9275
    1280.000      300013.3526
    1281.000      299697.4384
    1282.000      300336.9325
    1283.000      301498.3731
    1284.000      300857.5598
    1285.000      300566.8303
    1286.000      300110.8213
    1287.000      299564.6148
    1288.000      298826.2136
    1289.000      300019.6481
    1290.000      299994.0743
    1291.000      300281.4420
    1292.000      299994.4021
    1293.000      299936.7523
    1294.000      299848.3493
    1295.000      299615.7424
    1296.000      300030.4750
    1297.000      300462.2488
    1298.000      300223.2602
    1299.000      299722.0079
    1300.000      299789.9585
    1301.000      299449.9016
    1302.000      299971.9077
    1303.000      300422.6002
    1304.000      300180.3478
    1305.000      299867.4407
    1306.000      299171.0058
    1307.000      299688.4460
    1308.000      299893.9097
    1309.000      299906.0674
    1310.000      300356.6275
    1311.000      300454.2566
    1312.000      299951.4750
    1313.000      299418.4454
    1314.000      300034.1190
    1315.000      299248.5857
    1316.000      299134.2499
    1317.000      299720.8822
    1318.000      299805.1985
    1319.000      299781.9376
    1320.000      299478.6946
    1321.000      300016.2707
    1322.000      299667.0096
    1323.000      300084.2327
    1324.000      299973.2480
    1325.000      299977.4400
    1326.000      299880.5825
    1327.000      299962.7113
    1328.000      299431.5596
    1329.000      299979.5878
    1330.000      299621.0172
    1331.000      299933.8400
    1332.000      299992.5361
    1333.000      300023.0075
    1334.000      299779.8780
    1335.000      300247.6537
    1336.000      299855.2871
    1337.000      299851.5614
    1338.000      299662.5191
    1339.000      299124.9936
    1340.000      299343.3750
    1341.000      299408.3748
    1342.000      299461.1700
    1343.000      299646.3153
    1344.000      300136.0290
    1345.000      300291.8120
    1346.000      299940.3373
    1347.000      300193.7679
    1348.000      299549.2743
    1349.000      300124.8566
    1350.000      299784.2896
    1351.000      299731.7627
    1352.000      299249.4116
    1353.000      298951.2297
    1354.000      299297.6113
    1355.000      299022.2353
    1356.000      299671.5731
    1357.000      299413.3889
    1358.000      299995.5422
    1359.000      300313.7015
    1360.000      300305.8518
    1361.000      300115.7709
    1362.000      300025.0057
    1363.000      299310.1893
    1364.000      298584.0983
    1365.000      299218.9170
    1366.000      299509.7615
    1367.000      299760.1122
    1368.000      299835.0026
    1369.000      299313.6360
    1370.000      298760.6598
    1371.000      298836.0802
    1372.000      299106.3897
    1373.000      299579.4062
    1374.000      299611.2913
    1375.000      299230.8638
    1376.000      299586.7845
    1377.000      299999.2975
    1378.000      299654.6930
    1379.000      299621.8768
    1380.000      299883.7790
    1381.000      299952.6418
    1382.000      299529.8212
    1383.000      299499.3539
    1384.000      299759.0353
    1385.000      300010.0557
    1386.000      300459.8579
    1387.000      300017.1033
    1388.000      299732.3863
    1389.000      300159.9711
    1390.000      299331.8022
    1391.000      299654.5625
    1392.000      299980.7131
    1393.000      299906.4402
    1394.000      299580.4745
    1395.000      299596.3247
    1396.000      299136.0888
    1397.000      299307.9892
    1398.000      299166.8569
    1399.000      299473.8230
    1400.000      300006.0866
    1401.000      299478.2050
    1402.000      299758.3935
    1403.000      299620.9852
    1404.000      299259.7707
    1405.000      299674.2647
    1406.000      299958.2999
    1407.000      299382.9511
    1408.000      298940.9096
    1409.000      298982.2606
    1410.000      298845.8137
    1411.000      298978.1166
    1412.000      298932.3381
    1413.000      298946.6044
    1414.000      298802.7608
    1415.000      298733.4134
    1416.000      298875.4243
    1417.000      299297.6574
    1418.000      299405.2806
    1419.000      299572.7624
    1420.000      300003.9177
    1421.000      299980.9587
    1422.000      300028.8359
    1423.000      299956.3426
    1424.000      299839.4765
    1425.000      299208.7431
    1426.000      299096.2962
    1427.000      299399.0917
    1428.000      299243.6544
    1429.000      299054.7243
    1430.000      299459.9399
    1431.000      299004.8235
    1432.000      298719.0626
    1433.000      299672.6400
    1434.000      299789.4151
    1435.000      300811.2145
    1436.000      300094.0920
    1437.000      300155.2509
    1438.000      300838.8245
    1439.000      299931.8570
    1440.000      299441.1628
    1441.000      299349.5347
    1442.000      299363.2756
    1443.000      299613.1968
    1444.000      299152.1024
    1445.000      299107.3911
    1446.000      298696.6230
    1447.000      298504.3684
    1448.000      298433.1886
    1449.000      298275.6955
    1450.000      298893.9857
    1451.000      299440.8179
    1452.000      299405.1991
    1453.000      299927.1191
    1454.000      299995.9213
    1455.000      299932.9811
    1456.000      299115.2047
    1457.000      299144.0651
    1458.000      299331.6829
    1459.000      299137.9284
    1460.000      299569.6578
    1461.000      299457.5911
    1462.000      299518.9587
    1463.000      299797.6000
    1464.000      299560.2823
    1465.000      299098.0324
    1466.000      299710.6427
    1467.000      300001.7676
    1468.000      299493.3807
    1469.000      299750.3262
    1470.000      299212.4665
    1471.000      299156.2389
    1472.000      299202.0024
    1473.000      299274.4192
    1474.000      299682.4431
    1475.000      300140.4396
    1476.000      300117.5749
    1477.000      300418.5015
    1478.000      300351.2360
    1479.000      300025.7536
    1480.000      299285.9788
    1481.000      299511.9185
    1482.000      299513.0022
    1483.000      299418.6587
    1484.000      300062.8048
    1485.000      299323.0455
    1486.000      299298.9112
    1487.000      299694.2630
    1488.000      299495.5483
    1489.000      299395.8956
    1490.000      299156.5054
    1491.000      298719.2449
    1492.000      298511.7996
    1493.000      298801.6931
    1494.000      299493.6267
    1495.000      300010.5082
    1496.000      299787.0443
    1497.000      299379.9419
    1498.000      299590.4506
    1499.000      299279.7785
    1500.000      299074.7830
    1501.000      300021.6443
    1502.000      299137.2295
    1503.000      299929.1184
    1504.000      300091.8314
    1505.000      300279.5352
    1506.000      300241.3675
    1507.000      299862.3834
    1508.000      299742.6419
    1509.000      299497.8328
    1510.000      299129.8892
    1511.000      298987.1913
    1512.000      298766.0699
    1513.000      298834.9002
    1514.000      299429.1210
    1515.000      298873.4418
    1516.000      298849.8924
    1517.000      299324.8311
    1518.000      299116.2737
    1519.000      298409.1714
    1520.000      298365.3095
    1521.000      298093.1978
    1522.000      298806.8435
    1523.000      298923.1219
    1524.000      298717.4127
    1525.000      298938.5218
    1526.000      299231.7728
    1527.000      299252.2893
    1528.000      299368.6123
    1529.000      298953.8991
    1530.000      299947.7057
    1531.000      300267.5806
    1532.000      300018.8031
    1533.000      299594.7413
    1534.000      300005.2283
    1535.000      299871.3126
    1536.000      299670.7847
    1537.000      299335.8057
    1538.000      299680.6772
    1539.000      299776.2472
    1540.000      299499.6454
    1541.000      299305.8293
    1542.000      299169.0101
    1543.000      298713.6980
    1544.000      299221.1037
    1545.000      299866.5483
    1546.000      299259.6654
    1547.000      299121.7305
    1548.000      298506.8002
    1549.000      298814.7579
    1550.000      298621.9343
    1551.000      298759.4468
    1552.000      298671.7426
    1553.000      298163.9298
    1554.000      298561.6704
    1555.000      298357.1665
    1556.000      298280.4945
    1557.000      298694.1091
    1558.000      299152.3116
    1559.000      299763.4791
    1560.000      299397.3770
    1561.000      299119.8325
    1562.000      299100.0420
    1563.000      298589.3754
    1564.000      298274.3267
    1565.000      298471.0500
    1566.000      298580.9704
    1567.000      298688.9592
    1568.000      299298.9924
    1569.000      298951.4628
    1570.000      298926.9472
    1571.000      298733.2255
    1572.000      299154.2326
    1573.000      298801.8341
    1574.000      299265.9867
    1575.000      299045.5974
    1576.000      298673.0498
    1577.000      298720.5281
    1578.000      299067.6615
    1579.000      298831.5327
    1580.000      298731.0668
    1581.000      298445.1655
    1582.000      299044.1469
    1583.000      299623.8327
    1584.000      299086.1277
    1585.000      299308.9330
    1586.000      298702.5135
    1587.000      298673.9342
    1588.000      298881.1023
    1589.000      298103.6578
    1590.000      298514.5979
    1591.000      298259.5138
    1592.000      298664.1275
    1593.000      298496.9316
    1594.000      298531.2867
    1595.000      298813.5444
    1596.000      299217.8932
    1597.000      298485.9392
    1598.000      298498.7751
    1599.000      298888.6737
    1600.000      299057.5594
    1601.000      299607.8881
    1602.000      299148.9885
    1603.000      299199.3595
    1604.000      299305.0048
    1605.000      298964.2690
    1606.000      299547.9291
    1607.000      299129.8744
    1608.000      299042.5884
    1609.000      298842.9000
    1610.000      298998.2099
    1611.000      299013.6850
    1612.000      298788.0947
    1613.000      298800.5542
    1614.000      298815.8405
    1615.000      299090.1405
    1616.000      298831.6445
    1617.000      299549.0455
    1618.000      299039.7549
    1619.000      299269.0245
    1620.000      299275.2394
    1621.000      299090.2556
    1622.000      299691.2956
    1623.000      299609.9136
    1624.000      298869.5625
    1625.000      299250.5861
    1626.000      299262.6389
    1627.000      299129.7026
    1628.000      299194.4377
    1629.000      299165.1050
    1630.000      298878.9061
    1631.000      298335.6104
    1632.000      298448.2103
    1633.000      299210.2812
    1634.000      299248.3364
    1635.000      299347.5996
    1636.000      299670.6002
    1637.000      298826.4880
    1638.000      298683.6714
    1639.000      298952.8503
    1640.000      298993.6662
    1641.000      299032.6417
    1642.000      298548.5792
    1643.000      298525.3205
    1644.000      298588.5950
    1645.000      298348.1448
    1646.000      298535.6809
    1647.000      298090.0773
    1648.000      298500.5794
    1649.000      298999.3663
    1650.000      299097.7466
    1651.000      298641.6841
    1652.000      299095.8410
    1653.000      298647.7684
    1654.000      298359.6941
    1655.000      298710.0870
    1656.000      298377.0377
    1657.000      298094.3704
    1658.000      298190.5424
    1659.000      298355.8101
    1660.000      298294.5464
    1661.000      298238.7628
    1662.000      298643.0887
    1663.000      298919.5415
    1664.000      299236.3630
    1665.000      299123.1148
    1666.000      298380.0596
    1667.000      298760.3927
    1668.000      298848.2570
    1669.000      298749.5152
    1670.000      298058.5510
    1671.000      298177.2862
    1672.000      298280.9740
    1673.000      298416.0920
    1674.000      298756.0312
    1675.000      298391.4238
    1676.000      298286.3295
    1677.000      298307.0455
    1678.000      298409.4059
    1679.000      298261.8077
    1680.000      298520.2908
    1681.000      298359.7279
    1682.000      298327.2850
    1683.000      298941.3711
    1684.000      298724.1751
    1685.000      299185.6266
    1686.000      299614.1828
    1687.000      299363.6415
    1688.000      299192.0895
    1689.000      299639.3619
    1690.000      299869.8105
    1691.000      299433.0173
    1692.000      298698.4859
    1693.000      299124.8698
    1694.000      300107.4428
    1695.000      300560.9263
    1696.000      299971.0587
    1697.000      299536.4476
    1698.000      298551.5480
    1699.000      299269.5163
    1700.000      298855.3729
    1701.000      298578.4963
    1702.000      298991.6156
    1703.000      298413.6396
    1704.000      298685.6667
    1705.000      298266.5360
    1706.000      298114.7367
    1707.000      298938.2990
    1708.000      298965.4334
    1709.000      299051.5407
    1710.000      298735.8971
    1711.000      298748.4347
    1712.000      298764.3227
    1713.000      298890.1488
    1714.000      297732.8667
    1715.000      298304.1624
    1716.000      298561.3504
    1717.000      298620.9602
    1718.000      299111.6944
    1719.000      299207.8094
    1720.000      299624.4501
    1721.000      300129.6071
    1722.000      299613.7891
    1723.000      299461.5244
    1724.000      299100.5401
    1725.000      298404.9057
    1726.000      297921.1867
    1727.000      297868.6397
    1728.000      297869.8143
    1729.000      297841.6987
    1730.000      298557.9532
    1731.000      298794.0765
    1732.000      298582.4583
    1733.000      298370.8648
    1734.000      298792.2017
    1735.000      299267.6148
    1736.000      299592.6933
    1737.000      299690.3790
    1738.000      300127.9035
    1739.000      299614.1749
    1740.000      299389.4827
    1741.000      298832.8899
    1742.000      298903.3790
    1743.000      298978.8912
    1744.000      298991.6619
    1745.000      298796.0964
    1746.000      298639.9115
    1747.000      298509.1494
    1748.000      298345.0976
    1749.000      298425.3289
    1750.000      298496.2480
    1751.000      298702.1306
    1752.000      298600.6024
    1753.000      298436.6509
    1754.000      298621.3288
    1755.000      298227.1806
    1756.000      298296.3325
    1757.000      298972.3499
    1758.000      298858.9105
    1759.000      299012.1289
    1760.000      299169.6414
    1761.000      298655.1520
    1762.000      298667.0242
    1763.000      299516.4192
    1764.000      299388.0977
    1765.000      298841.3629
    1766.000      298929.6667
    1767.000      298934.9159
    1768.000      298240.5893
    1769.000      298780.2083
    1770.000      299044.3665
    1771.000      299103.1056
    1772.000      298969.7422
    1773.000      298853.8016
    1774.000      298937.4449
    1775.000      299019.6971
    1776.000      299048.5324
    1777.000      299267.2179
    1778.000      299823.7372
    1779.000      299187.8996
    1780.000      298592.5080
    1781.000      298195.6547
    1782.000      298425.8324
    1783.000      298380.3520
    1784.000      298324.1285
    1785.000      298792.7002
    1786.000      299015.6980
    1787.000      298892.1075
    1788.000      298154.3315
    1789.000      297955.8264
    1790.000      298374.4564
    1791.000      298766.3857
    1792.000      298056.7886
    1793.000      297957.0114
    1794.000      298217.2691
    1795.000      298042.3887
    1796.000      297681.5823
    1797.000      298315.4127
    1798.000      298194.9505
    1799.000      297736.4843
    1800.000      298546.7209
    1801.000      298436.7786
    1802.000      298155.3210
    1803.000      298468.3303
    1804.000      299077.6650
    1805.000      298749.7145
    1806.000      298286.1787
    1807.000      298590.7960
    1808.000      298848.7452
    1809.000      298706.1404
    1810.000      297912.2759
    1811.000      298639.0304
    1812.000      298599.1143
    1813.000      298571.8558
    1814.000      298706.5362
    1815.000      298456.2210
    1816.000      298859.6748
    1817.000      298871.3776
    1818.000      299133.0616
    1819.000      299707.1262
    1820.000      299096.4034
    1821.000      299426.1922
    1822.000      299602.1750
    1823.000      298972.2947
    1824.000      299453.6575
    1825.000      298832.7896
    1826.000      298448.2716
    1827.000      299066.2390
    1828.000      298520.3758
    1829.000      298145.3565
    1830.000      298875.0627
    1831.000      298751.3784
    1832.000      299014.2181
    1833.000      299062.8355
    1834.000      298218.0344
    1835.000      299033.8236
    1836.000      299043.6737
    1837.000      299112.7715
    1838.000      298882.1050
    1839.000      299205.6701
    1840.000      298712.6057
    1841.000      298203.0470
    1842.000      298021.7261
    1843.000      298326.1434
    1844.000      298803.9932
    1845.000      298950.9898
    1846.000      298839.9444
    1847.000      298578.1706
    1848.000      299074.4802
    1849.000      298584.5776
    1850.000      299218.2126
    1851.000      298704.4728
    1852.000      298758.8717
    1853.000      297918.3784
    1854.000      298418.5877
    1855.000      298238.7862
    1856.000      298092.7234
    1857.000      298256.5508
    1858.000      298047.8755
    1859.000      297451.9005
    1860.000      297513.0710
    1861.000      297918.8721
    1862.000      297953.3557
    1863.000      297960.7286
    1864.000      298593.2797
    1865.000      298448.7866
    1866.000      298128.8189
    1867.000      298050.7883
    1868.000      298649.8930
    1869.000      298193.0300
    1870.000      298232.6477
    1871.000      298738.1621
    1872.000      298607.7678
    1873.000      298432.6785
    1874.000      298745.0979
    1875.000      298363.1075
    1876.000      298152.3390
    1877.000      298181.9109
    1878.000      298457.2813
    1879.000      298012.6760
    1880.000      298283.7494
    1881.000      298571.0532
    1882.000      298695.2254
    1883.000      298756.7556
    1884.000      298608.9911
    1885.000      298207.4307
    1886.000      297870.5284
    1887.000      297725.9652
    1888.000      298033.7318
    1889.000      298067.7098
    1890.000      298467.0386
    1891.000      298722.3840
    1892.000      299000.9894
    1893.000      298604.8989
    1894.000      298601.1587
    1895.000      298306.5393
    1896.000      298504.3955
    1897.000      297513.9737
    1898.000      297701.7081
    1899.000      298576.0057
    1900.000      298222.9160
    1901.000      298770.6214
    1902.000      298597.1010
    1903.000      298510.6478
    1904.000      298173.4194
    1905.000      299007.6915
    1906.000      298465.2243
    1907.000      298067.7591
    1908.000      298673.3811
    1909.000      297586.7140
    1910.000      297893.7130
    1911.000      298270.7394
    1912.000      298675.0650
    1913.000      298548.0291
    1914.000      298430.8507
    1915.000      298479.6789
    1916.000      298015.5745
    1917.000      298258.2210
    1918.000      298383.4508
    1919.000      297989.3481
    1920.000      297584.3779
    1921.000      298005.6441
    1922.000      298265.2796
    1923.000      297544.8486
    1924.000      297470.2309
    1925.000      298519.6900
    1926.000      299461.1133
    1927.000      298957.5134
    1928.000      299232.1041
    1929.000      299094.5013
    1930.000      299110.6674
    1931.000      299112.9458
    1932.000      299092.6209
    1933.000      299279.2533
    1934.000      299437.4294
    1935.000      299572.4067
    1936.000      298945.5476
    1937.000      298832.3503
    1938.000      298997.5996
    1939.000      299544.3530
    1940.000      299139.4556
    1941.000      298577.1687
    1942.000      298711.7494
    1943.000      298195.9487
    1944.000      298306.7808
    1945.000      298617.5930
    1946.000      298760.7393
    1947.000      298540.7458
    1948.000      298077.1359
    1949.000      298281.3232
    1950.000      298041.1233
    1951.000      297749.7360
    1952.000      297799.5011
    1953.000      297911.8623
    1954.000      297827.6469
    1955.000      297752.7255
    1956.000      298231.3536
    1957.000      298079.2495
    1958.000      298888.1399
    1959.000      298530.6537
    1960.000      298571.1377
    1961.000      298781.8716
    1962.000      298832.8072
    1963.000      299007.8137
    1964.000      298062.1191
    1965.000      298225.9112
    1966.000      297638.7703
    1967.000      297932.7425
    1968.000      298839.2988
    1969.000      298256.8404
    1970.000      297754.8666
    1971.000      297411.2100
    1972.000      297430.0614
    1973.000      297716.2302
    1974.000      297863.0206
    1975.000      297730.8412
    1976.000      298061.8415
    1977.000      298147.0865
    1978.000      298434.7428
    1979.000      298470.4112
    1980.000      298483.8853
    1981.000      298216.3817
    1982.000      298048.2056
    1983.000      297807.5864
    1984.000      297813.5318
    1985.000      298036.1889
    1986.000      298550.8129
    1987.000      298731.4581
    1988.000      298988.0496
    1989.000      298331.6902
    1990.000      297889.6436
    1991.000      298061.5301
    1992.000      297624.5978
    1993.000      298056.5401
    1994.000      298127.8301
    1995.000      297854.4042
    1996.000      298350.3416
    1997.000      298457.0494
    1998.000      298481.5304
    1999.000      298274.6882
    2000.000      298687.8079
    2001.000      299193.8248
    2002.000      298635.0882
    2003.000      297741.5118
    2004.000      297699.9403
    2005.000      297727.2546
    2006.000      298123.6610
    2007.000      297946.1694
    2008.000      297864.6378
    2009.000      298802.0132
    2010.000      298669.4625
    2011.000      298435.2008
    2012.000      298591.3359
    2013.000      297731.3933
    2014.000      297639.5983
    2015.000      297691.7837
    2016.000      298169.7703
    2017.000      298742.1367
    2018.000      299019.7895
    2019.000      298935.8149
    2020.000      298940.2649
    2021.000      298678.4657
    2022.000      298645.4265
    2023.000      299010.0407
    2024.000      298591.6858
    2025.000      298561.9892
    2026.000      298859.7417
    2027.000      298804.0977
    2028.000      298350.3986
    2029.000      299088.0423
    2030.000      298900.4266
    2031.000      298438.5092
    2032.000      298703.2661
    2033.000      298589.3843
    2034.000      298343.3678
    2035.000      298460.4675
    2036.000      298578.3644
    2037.000      298671.7137
    2038.000      299103.1145
    2039.000      298780.1642
    2040.000      298650.0251
    2041.000      298287.8821
    2042.000      298505.7563
    2043.000      298145.2963
    2044.000      298385.8349
    2045.000      298890.1475
    2046.000      298640.5877
    2047.000      299014.9745
    2048.000      298561.7398
    2049.000      298210.5376
    2050.000      297637.7809
    2051.000      298121.0949
    2052.000      298458.3341
    2053.000      298897.7175
    2054.000      298374.9179
    2055.000      298405.6170
    2056.000      298739.4201
    2057.000      299052.2426
    2058.000      298458.6994
    2059.000      298242.3597
    2060.000      297417.3799
    2061.000      296795.6085
    2062.000      297222.6930
    2063.000      297449.4683
    2064.000      297901.5127
    2065.000      298299.7580
    2066.000      298410.8074
    2067.000      298087.4289
    2068.000      298161.0555
    2069.000      298263.9905
    2070.000      298240.0858
    2071.000      298958.1032
    2072.000      299075.1436
    2073.000      299064.1311
    2074.000      298619.1492
    2075.000      298701.9856
    2076.000      298604.0568
    2077.000      298466.5931
    2078.000      298575.1957
    2079.000      298901.9608
    2080.000      298860.4274
    2081.000      298770.1929
    2082.000      298453.7645
    2083.000      297873.2084
    2084.000      298001.3123
    2085.000      298078.4055
    2086.000      298284.0060
    2087.000      298508.4694
    2088.000      298644.8276
    2089.000      297351.0163
    2090.000      297456.7296
    2091.000      297636.7541
    2092.000      297345.7961
    2093.000      297107.2102
    2094.000      297739.0752
    2095.000      297899.9258
    2096.000      298529.7794
    2097.000      299007.3918
    2098.000      298114.6672
    2099.000      298251.9467
    2100.000      298002.0990
    2101.000      298338.1041
    2102.000      298101.5234
    2103.000      298380.4607
    2104.000      298258.1849
    2105.000      298401.9609
    2106.000      298446.6170
    2107.000      297973.3086
    2108.000      298359.4110
    2109.000      297351.1126
    2110.000      297432.5222
    2111.000      298008.2388
    2112.000      297536.5623
    2113.000      297177.3319
    2114.000      297717.6583
    2115.000      298270.6840
    2116.000      297819.2065
    2117.000      298206.7137
    2118.000      297739.3088
    2119.000      297772.6403
    2120.000      297844.7286
    2121.000      298103.8926
    2122.000      298765.3021
    2123.000      298687.7375
    2124.000      298645.0799
    2125.000      298736.4859
    2126.000      298032.8746
    2127.000      297809.4167
    2128.000      298187.5063
    2129.000      297829.7283
    2130.000      297386.9390
    2131.000      297421.8070
    2132.000      297791.8692
    2133.000      296732.2095
    2134.000      297304.5454
    2135.000      297709.5314
    2136.000      297954.3969
    2137.000      298261.1329
    2138.000      298047.4532
    2139.000      297775.0083
    2140.000      297799.2102
    2141.000      297353.5883
    2142.000      297367.6905
    2143.000      298267.0904
    2144.000      298059.1800
    2145.000      297869.4902
    2146.000      297661.7273
    2147.000      297780.6513
    2148.000      297702.3882
    2149.000      297325.7927
    2150.000      297899.2253
    2151.000      298189.9861
    2152.000      298114.1550
    2153.000      297922.2327
    2154.000      297913.8949
    2155.000      297390.8564
    2156.000      297768.9686
    2157.000      297545.9541
    2158.000      297902.4015
    2159.000      297949.2545
    2160.000      297614.0557
    2161.000      298231.4277
    2162.000      298430.2521
    2163.000      297642.2513
    2164.000      297259.6235
    2165.000      297312.2702
    2166.000      297610.9122
    2167.000      297886.1159
    2168.000      297829.9681
    2169.000      298449.1776
    2170.000      298547.4475
    2171.000      298313.0720
    2172.000      298198.4390
    2173.000      297364.4177
    2174.000      297240.0392
    2175.000      297413.8692
    2176.000      297593.8406
    2177.000      297532.7895
    2178.000      298048.1139
    2179.000      297972.3519
    2180.000      297610.6489
    2181.000      298465.9584
    2182.000      298294.6276
    2183.000      298353.3696
    2184.000      297808.6025
    2185.000      297897.2430
    2186.000      298147.9205
    2187.000      297810.3464
    2188.000      297953.0523
    2189.000      298054.0239
    2190.000      298535.5986
    2191.000      298355.8588
    2192.000      297970.2116
    2193.000      298231.4128
    2194.000      297643.4893
    2195.000      297656.7714
    2196.000      298147.2720
    2197.000      297949.3925
    2198.000      298078.6493
    2199.000      297749.8028
    2200.000      297862.5567
    2201.000      297978.7073
    2202.000      298124.1281
    2203.000      298104.6006
    2204.000      298793.4575
    2205.000      298953.4009
    2206.000      299069.2230
    2207.000      298944.9882
    2208.000      299154.7179
    2209.000      297912.4639
    2210.000      298427.7151
    2211.000      298303.7036
    2212.000      298451.3401
    2213.000      297834.0266
    2214.000      298096.9247
    2215.000      298033.2639
    2216.000      298333.1827
    2217.000      298069.2307
    2218.000      297686.2413
    2219.000      297208.3858
    2220.000      297344.2784
    2221.000      298283.9199
    2222.000      297778.4997
    2223.000      297554.6191
    2224.000      297140.9270
    2225.000      298001.2181
    2226.000      298135.6738
    2227.000      297740.2069
    2228.000      297678.2053
    2229.000      297656.6320
    2230.000      298301.6444
    2231.000      298571.5278
    2232.000      297788.7261
    2233.000      297985.0556
    2234.000      298035.8839
    2235.000      298233.7873
    2236.000      297944.8262
    2237.000      298186.9768
    2238.000      298543.1369
    2239.000      298253.2712
    2240.000      297772.3135
    2241.000      297782.5072
    2242.000      298346.3073
    2243.000      297943.9176
    2244.000      297685.8979
    2245.000      298112.1733
    2246.000      298436.8198
    2247.000      297921.7085
    2248.000      297773.3726
    2249.000      297733.1694
    2250.000      298033.3401
    2251.000      298124.6513
    2252.000      298183.8914
    2253.000      298200.6510
    2254.000      298060.2841
    2255.000      297781.1634
    2256.000      298514.5967
    2257.000      298338.1815
    2258.000      297579.5357
    2259.000      297469.0417
    2260.000      296827.9026
    2261.000      297034.5261
    2262.000      297314.1058
    2263.000      297681.3807
    2264.000      298528.6018
    2265.000      298443.7734
    2266.000      297920.6451
    2267.000      297948.3436
    2268.000      298084.1965
    2269.000      297649.5605
    2270.000      297905.4035
    2271.000      298642.3825
    2272.000      298181.1650
    2273.000      298570.4937
    2274.000      298199.3299
    2275.000      298938.3510
    2276.000      298795.6589
    2277.000      298031.8390
    2278.000      297831.9493
    2279.000      298031.8528
    2280.000      298329.7905
    2281.000      298278.2486
    2282.000      298644.4688
    2283.000      299099.9238
    2284.000      298227.7966
    2285.000      298654.6353
    2286.000      298376.5648
    2287.000      298270.8409
    2288.000      298944.6366
    2289.000      298862.4378
    2290.000      299067.2572
    2291.000      298833.9869
    2292.000      298415.7294
    2293.000      298177.9236
    2294.000      297600.6361
    2295.000      297761.5705
    2296.000      298454.3661
    2297.000      298127.3075
    2298.000      298139.4098
    2299.000      297655.3369
    2300.000      297637.4706
    2301.000      297629.0752
    2302.000      297897.4224
    2303.000      297831.9352
    2304.000      298185.7160
    2305.000      298750.5729
    2306.000      298812.1119
    2307.000      298862.0710
    2308.000      298434.8880
    2309.000      298467.8441
    2310.000      298285.3390
    2311.000      298514.5639
    2312.000      298292.5824
    2313.000      298566.1546
    2314.000      297986.2795
    2315.000      297807.9258
    2316.000      298087.9644
    2317.000      298042.5417
    2318.000      297825.1133
    2319.000      297932.4001
    2320.000      298015.8795
    2321.000      297882.2012
    2322.000      298037.3163
    2323.000      298077.4080
    2324.000      297688.0880
    2325.000      297698.0429
    2326.000      297768.8885
    2327.000      298285.0727
    2328.000      297817.9476
    2329.000      297454.5656
    2330.000      297902.5343
    2331.000      297689.0447
    2332.000      298052.2424
    2333.000      297563.5750
    2334.000      297818.8433
    2335.000      297648.8476
    2336.000      296860.2502
    2337.000      296971.7925
    2338.000      297259.7154
    2339.000      297631.2141
    2340.000      297632.7705
    2341.000      297603.8578
    2342.000      297961.6070
    2343.000      298048.5398
    2344.000      298199.7959
    2345.000      298073.2672
    2346.000      298764.2840
    2347.000      297806.4860
    2348.000      297621.2534
    2349.000      298079.3875
    2350.000      298406.2782
    2351.000      298388.3450
    2352.000      298168.0795
    2353.000      297533.4924
    2354.000      298316.1400
    2355.000      298252.5523
    2356.000      298408.7092
    2357.000      297654.4039
    2358.000      297531.9873
    2359.000      297578.3430
    2360.000      298024.9376
    2361.000      298118.0638
    2362.000      297707.3460
    2363.000      297519.3500
    2364.000      297862.1155
    2365.000      298366.1447
    2366.000      298800.0955
    2367.000      298526.1250
    2368.000      298972.9715
    2369.000      298912.9460
    2370.000      298516.3453
    2371.000      297918.5881
    2372.000      298306.9839
    2373.000      298421.3220
    2374.000      298649.5002
    2375.000      298830.1645
    2376.000      298446.2773
    2377.000      298161.8242
    2378.000      298617.1959
    2379.000      298042.3986
    2380.000      297768.6548
    2381.000      297650.5185
    2382.000      297909.1391
    2383.000      297748.4131
    2384.000      297970.2600
    2385.000      297348.0712
    2386.000      297924.0992
    2387.000      298197.2709
    2388.000      298042.0390
    2389.000      298139.6542
    2390.000      297833.6143
    2391.000      297737.4229
    2392.000      297717.8980
    2393.000      297630.1334
    2394.000      298455.0540
    2395.000      298010.1933
    2396.000      298474.3678
    2397.000      298742.4351
    2398.000      298899.5798
    2399.000      298907.6542
    2400.000      298640.7631
    2401.000      298463.2856
    2402.000      298167.1319
    2403.000      298171.4646
    2404.000      298284.4402
    2405.000      298118.9853
    2406.000      298029.1634
    2407.000      298883.3914
    2408.000      298765.4463
    2409.000      298202.9461
    2410.000      298706.8413
    2411.000      298113.5273
    2412.000      298071.1360
    2413.000      298722.8831
    2414.000      298975.1259
    2415.000      298509.8080
    2416.000      298294.6233
    2417.000      298019.7285
    2418.000      297804.9918
    2419.000      297929.4858
    2420.000      297940.2188
    2421.000      297970.9063
    2422.000      298093.1522
    2423.000      297560.3397
    2424.000      297900.6045
    2425.000      298830.1789
    2426.000      298202.1165
    2427.000      297623.6992
    2428.000      297399.4347
    2429.000      297168.3566
    2430.000      297287.5147
    2431.000      297884.4876
    2432.000      297760.9853
    2433.000      297181.2738
    2434.000      297465.1997
    2435.000      297125.4336
    2436.000      297748.3154
    2437.000      298103.7123
    2438.000      297932.5556
    2439.000      297518.8275
    2440.000      297804.5751
    2441.000      297793.3868
    2442.000      298508.3520
    2443.000      298513.9816
    2444.000      298143.9057
    2445.000      297956.2856
    2446.000      297427.0462
    2447.000      298478.9868
    2448.000      298445.7291
    2449.000      298760.4529
    2450.000      298699.5382
    2451.000      298078.5118
    2452.000      298472.7981
    2453.000      298649.2734
    2454.000      298352.8950
    2455.000      298270.9059
    2456.000      298880.0093
    2457.000      298924.8708
    2458.000      299507.0213
    2459.000      299310.7015
    2460.000      298539.5215
    2461.000      298520.6268
    2462.000      297707.1836
    2463.000      298141.4123
    2464.000      298103.3135
    2465.000      298428.4243
    2466.000      298250.8724
    2467.000      298490.0298
    2468.000      298481.8985
    2469.000      298384.9017
    2470.000      298808.3132
    2471.000      297978.3230
    2472.000      297751.3242
    2473.000      298081.3444
    2474.000      298406.2727
    2475.000      299076.0491
    2476.000      298498.8626
    2477.000      298384.6345
    2478.000      297432.6826
    2479.000      297992.7243
    2480.000      297655.0193
    2481.000      297470.9387
    2482.000      297891.7333
    2483.000      297815.9703
    2484.000      297649.2652
    2485.000      297537.3922
    2486.000      297713.4726
    2487.000      298042.9683
    2488.000      298264.6391
    2489.000      297944.5090
    2490.000      297280.9894
    2491.000      297218.1410
    2492.000      297526.2051
    2493.000      297866.5387
    2494.000      298085.6157
    2495.000      298798.4678
    2496.000      298738.4962
    2497.000      298819.4204
    2498.000      298267.5270
    2499.000      298560.8488
    2500.000      298719.0887
    2501.000      298414.1682
    2502.000      298571.5463
    2503.000      298727.0083
    2504.000      298804.2781
    2505.000      299127.6457
    2506.000      299464.2003
    2507.000      298769.9496
    2508.000      298243.7810
    2509.000      297709.0108
    2510.000      297666.2704
    2511.000      297276.5465
    2512.000      297596.5155
    2513.000      297824.0739
    2514.000      298480.2262
    2515.000      298388.9369
    2516.000      298290.0778
    2517.000      298448.4349
    2518.000      298310.0528
    2519.000      298075.9809
    2520.000      298067.7194
    2521.000      298298.5236
    2522.000      297921.4475
    2523.000      297553.0684
    2524.000      297166.6591
    2525.000      297393.3028
    2526.000      297926.5424
    2527.000      298347.5512
    2528.000      297845.4880
    2529.000      297812.0804
    2530.000      297907.7916
    2531.000      298166.9523
    2532.000      297388.4302
    2533.000      298124.0991
    2534.000      298719.8265
    2535.000      298740.1657
    2536.000      297940.2899
    2537.000      297758.7110
    2538.000      298079.2511
    2539.000      298593.7548
    2540.000      298826.7263
    2541.000      298618.3220
    2542.000      299080.6081
    2543.000      298809.9478
    2544.000      298654.2060
    2545.000      299254.5250
    2546.000      299428.8607
    2547.000      298677.7410
    2548.000      298313.4145
    2549.000      297993.8694
    2550.000      298192.2333
    2551.000      297807.1839
    2552.000      297973.6205
    2553.000      298337.9645
    2554.000      297909.3023
    2555.000      297702.5685
    2556.000      298170.0773
    2557.000      298413.6656
    2558.000      298796.1142
    2559.000      298732.7909
    2560.000      298650.3659
    2561.000      299068.4006
    2562.000      298837.1422
    2563.000      299038.9646
    2564.000      299299.6533
    2565.000      298566.2500
    2566.000      298377.0149
    2567.000      297988.5686
    2568.000      296847.8324
    2569.000      297130.6125
    2570.000      297436.9483
    2571.000      297492.5738
    2572.000      298106.0417
    2573.000      297672.7353
    2574.000      297949.5515
    2575.000      298347.6891
    2576.000      298386.8509
    2577.000      297771.7794
    2578.000      298032.0951
    2579.000      298726.6855
    2580.000      298230.1358
    2581.000      297720.6982
    2582.000      297777.5553
    2583.000      297640.6644
    2584.000      297541.4202
    2585.000      297566.1543
    2586.000      298026.5417
    2587.000      298200.9876
    2588.000      297546.3126
    2589.000      297939.9094
    2590.000      298518.7877
    2591.000      298659.2697
    2592.000      298196.9882
    2593.000      297688.8139
    2594.000      297339.4471
    2595.000      297884.2482
    2596.000      297749.3767
    2597.000      297250.1738
    2598.000      298243.9176
    2599.000      297824.0837
    2600.000      297318.9600
    2601.000      297537.3923
    2602.000      297559.6607
    2603.000      297203.6858
    2604.000      297148.9484
    2605.000      297752.3084
    2606.000      298012.6193
    2607.000      297377.6298
    2608.000      297401.0443
    2609.000      298064.9388
    2610.000      298305.2255
    2611.000      298231.8208
    2612.000      298706.3420
    2613.000      298751.0631
    2614.000      298218.6072
    2615.000      298601.7283
    2616.000      298546.1238
    2617.000      298044.7652
    2618.000      298015.3151
    2619.000      297538.7274
    2620.000      297596.4582
    2621.000      297722.4290
    2622.000      298134.9684
    2623.000      298633.3809
    2624.000      298494.4715
    2625.000      298297.1730
    2626.000      298050.5750
    2627.000      297487.2516
    2628.000      297270.7221
    2629.000      297744.4408
    2630.000      298664.0848
    2631.000      298440.7014
    2632.000      297921.6636
    2633.000      298330.2194
    2634.000      298102.3241
    2635.000      298083.1854
    2636.000      297437.9843
    2637.000      298144.1389
    2638.000      297980.2298
    2639.000      297914.3520
    2640.000      298507.1210
    2641.000      299080.0497
    2642.000      298530.6444
    2643.000      298065.5639
    2644.000      297823.2726
    2645.000      297648.2182
    2646.000      297457.8840
    2647.000      297843.8363
    2648.000      297909.2685
    2649.000      298173.8389
    2650.000      298184.1836
    2651.000      298506.0332
    2652.000      298676.4292
    2653.000      298530.1652
    2654.000      297775.8202
    2655.000      297620.0185
    2656.000      298253.4766
    2657.000      297766.4926
    2658.000      297667.1605
    2659.000      297430.2779
    2660.000      298342.8246
    2661.000      298188.7862
    2662.000      298042.5916
    2663.000      298542.8659
    2664.000      298216.2977
    2665.000      298166.4851
    2666.000      298115.2095
    2667.000      297758.4236
    2668.000      297684.0438
    2669.000      297391.3885
    2670.000      297665.8215
    2671.000      297492.6403
    2672.000      297952.5685
    2673.000      298821.6076
    2674.000      298376.1099
    2675.000      298237.4221
    2676.000      297975.4091
    2677.000      298165.2865
    2678.000      297429.7576
    2679.000      297410.2542
    2680.000      297282.5281
    2681.000      298023.4725
    2682.000      297909.5221
    2683.000      297497.9150
    2684.000      297684.4614
    2685.000      297750.6338
    2686.000      297267.6231
    2687.000      297610.3278
    2688.000      297809.4437
    2689.000      298004.4481
    2690.000      297996.9772
    2691.000      298241.9343
    2692.000      297823.6336
    2693.000      297923.7045
    2694.000      297837.1185
    2695.000      297647.1681
    2696.000      297899.7739
    2697.000      298175.2762
    2698.000      298011.3457
    2699.000      297571.5792
    2700.000      297455.3425
    2701.000      297221.2332
    2702.000      297219.6345
    2703.000      297974.8521
    2704.000      297910.1304
    2705.000      297753.0316
    2706.000      297662.7158
    2707.000      297728.3427
    2708.000      298132.3160
    2709.000      298049.3878
    2710.000      298216.6950
    2711.000      297981.8516
    2712.000      298179.7949
    2713.000      298278.9620
    2714.000      298026.6545
    2715.000      298631.8722
    2716.000      297911.4360
    2717.000      298147.8443
    2718.000      298373.2003
    2719.000      297487.8708
    2720.000      297097.1313
    2721.000      297145.7979
    2722.000      297215.7049
    2723.000      297219.3946
    2724.000      297133.0345
    2725.000      297141.3450
    2726.000      297498.7435
    2727.000      297931.4101
    2728.000      297816.3852
    2729.000      297620.1685
    2730.000      297677.7472
    2731.000      297018.2473
    2732.000      297386.6163
    2733.000      297719.9499
    2734.000      297632.0199
    2735.000      297313.0235
    2736.000      297528.6763
    2737.000      297996.8053
    2738.000      297737.2571
    2739.000      297830.0342
    2740.000      297596.4297
    2741.000      297760.6326
    2742.000      298155.6290
    2743.000      297890.3060
    2744.000      297647.2820
    2745.000      297760.1025
    2746.000      298135.5410
    2747.000      298128.2745
    2748.000      297319.3781
    2749.000      297475.4585
    2750.000      297484.7297
    2751.000      297753.3637
    2752.000      297195.1471
    2753.000      297754.6448
    2754.000      298463.5068
    2755.000      297923.5902
    2756.000      297655.7249
    2757.000      297730.9132
    2758.000      298030.0870
    2759.000      298099.6234
    2760.000      298048.8824
    2761.000      298126.8340
    2762.000      298060.8484
    2763.000      298201.6247
    2764.000      298410.3956
    2765.000      297515.9736
    2766.000      297810.3445
    2767.000      297497.6278
    2768.000      297646.5618
    2769.000      297961.7370
    2770.000      297601.3876
    2771.000      297501.1949
    2772.000      297657.0298
    2773.000      298137.4595
    2774.000      297440.2537
    2775.000      297477.7483
    2776.000      296991.6831
    2777.000      297051.2853
    2778.000      296936.2906
    2779.000      297766.7137
    2780.000      297361.6533
    2781.000      297405.6192
    2782.000      297566.2307
    2783.000      297484.9764
    2784.000      297704.7821
    2785.000      298187.7888
    2786.000      298088.8679
    2787.000      298370.1641
    2788.000      298271.5517
    2789.000      297799.4132
    2790.000      298483.3390
    2791.000      298384.2767
    2792.000      298428.9627
    2793.000      297829.5740
    2794.000      297956.6126
    2795.000      297819.1117
    2796.000      298046.9202
    2797.000      298710.2180
    2798.000      298421.0507
    2799.000      298108.7776
    2800.000      297130.8291
    2801.000      297418.4761
    2802.000      297316.8062
    2803.000      296993.7346
    2804.000      297650.4235
    2805.000      297240.1528
    2806.000      297303.0118
    2807.000      297224.2725
    2808.000      297735.8444
    2809.000      298240.1668
    2810.000      297421.0017
    2811.000      297876.7318
    2812.000      298540.5421
    2813.000      298153.6221
    2814.000      297799.0269
    2815.000      297655.9836
    2816.000      297494.3876
    2817.000      297393.3590
    2818.000      297791.9780
    2819.000      298009.4701
    2820.000      298647.9339
    2821.000      298959.5466
    2822.000      298613.0325
    2823.000      298517.3212
    2824.000      298808.3288
    2825.000      297493.3209
    2826.000      297528.5428
    2827.000      297494.2000
    2828.000      297363.4606
    2829.000      297756.6702
    2830.000      297080.7227
    2831.000      297033.8521
    2832.000      297290.8431
    2833.000      297501.7436
    2834.000      297511.8601
    2835.000      297925.9140
    2836.000      298175.9043
    2837.000      298611.9496
    2838.000      298830.0547
    2839.000      298302.7983
    2840.000      298389.5629
    2841.000      297771.2727
    2842.000      297617.2190
    2843.000      297776.7645
    2844.000      297684.1761
    2845.000      298611.0413
    2846.000      298077.7859
    2847.000      297968.9593
    2848.000      298063.2089
    2849.000      298341.3922
    2850.000      298075.7082
    2851.000      298058.0544
    2852.000      298307.7339
    2853.000      298513.4916
    2854.000      298287.3959
    2855.000      297652.3358
    2856.000      297632.6938
    2857.000      297589.7657
    2858.000      297553.3509
    2859.000      297648.2088
    2860.000      297635.3806
    2861.000      298078.6018
    2862.000      297960.4510
    2863.000      297498.3014
    2864.000      297182.7968
    2865.000      297376.9540
    2866.000      297034.5934
    2867.000      297663.4031
    2868.000      297486.9230
    2869.000      297881.5426
    2870.000      298211.8354
    2871.000      297581.1138
    2872.000      297835.7817
    2873.000      298200.2997
    2874.000      297250.6303
    2875.000      297442.7664
    2876.000      297452.6200
    2877.000      297595.1725
    2878.000      297370.8171
    2879.000      298143.9972
    2880.000      297499.3390
    2881.000      297417.8940
    2882.000      297798.9118
    2883.000      298330.6830
    2884.000      298297.2955
    2885.000      297550.9418
    2886.000      297701.9406
    2887.000      297964.8835
    2888.000      297454.3533
    2889.000      297163.4592
    2890.000      296925.3354
    2891.000      297840.0021
    2892.000      297573.3815
    2893.000      297415.5351
    2894.000      297118.9064
    2895.000      296872.0298
    2896.000      297615.5391
    2897.000      298138.8922
    2898.000      298257.4661
    2899.000      298517.2050
    2900.000      298266.2610
    2901.000      298697.8150
    2902.000      298476.2823
    2903.000      298574.4190
    2904.000      298291.4597
    2905.000      298091.6335
    2906.000      297865.5952
    2907.000      297604.7596
    2908.000      297663.1816
    2909.000      298050.5424
    2910.000      297949.7630
    2911.000      298297.6918
    2912.000      298136.4376
    2913.000      298848.4459
    2914.000      298789.9936
    2915.000      298743.7566
    2916.000      297877.1609
    2917.000      298744.0761
    2918.000      298517.1883
    2919.000      298625.5790
    2920.000      298759.2164
    2921.000      298643.5578
    2922.000      298384.2714
    2923.000      298425.1312
    2924.000      298277.1641
    2925.000      297737.8744
    2926.000      297896.7644
    2927.000      298213.1360
    2928.000      298278.4597
    2929.000      297644.5649
    2930.000      297790.6620
    2931.000      297115.7540
    2932.000      297325.4932
    2933.000      297062.1240
    2934.000      297864.8845
    2935.000      297236.7934
    2936.000      297000.9765
    2937.000      297731.1699
    2938.000      298008.4307
    2939.000      298100.9364
    2940.000      298260.2886
    2941.000      297609.7315
    2942.000      297855.8591
    2943.000      298034.0282
    2944.000      298488.7458
    2945.000      297890.0125
    2946.000      298320.8400
    2947.000      298352.3665
    2948.000      298332.8994
    2949.000      298313.8450
    2950.000      297871.8521
    2951.000      297820.0976
    2952.000      297657.1834
    2953.000      297910.4739
    2954.000      298263.6128
    2955.000      298577.5610
    2956.000      298338.1791
    2957.000      298055.8603
    2958.000      298201.3603
    2959.000      297868.0500
    2960.000      297677.3459
    2961.000      297670.3072
    2962.000      298200.6543
    2963.000      298360.9020
    2964.000      297878.3062
    2965.000      298828.7406
    2966.000      298288.9235
    2967.000      298694.5762
    2968.000      298065.4487
    2969.000      297507.0505
    2970.000      297436.8033
    2971.000      297626.4553
    2972.000      297634.4577
    2973.000      297982.8552
    2974.000      298441.7754
    2975.000      297749.7580
    2976.000      297448.7753
    2977.000      297826.6876
    2978.000      297551.3098
    2979.000      298464.4655
    2980.000      298707.9135
    2981.000      298208.7410
    2982.000      298555.4238
    2983.000      297731.0375
    2984.000      297774.7885
    2985.000      297685.6355
    2986.000      297744.0629
    2987.000      297543.0015
    2988.000      297323.4016
    2989.000      297771.2013
    2990.000      297528.3603
    2991.000      297646.8993
    2992.000      297919.0868
    2993.000      297872.5610
    2994.000      297655.6442
    2995.000      298151.0149
    2996.000      297627.2491
    2997.000      297313.7307
    2998.000      297453.6168
    2999.000      297375.1246
    3000.000      297946.8039
    3001.000      297635.4884
    3002.000      298355.4987
    3003.000      297993.5306
    3004.000      297797.2948
    3005.000      298036.7769
    3006.000      298391.8056
    3007.000      298422.4565
    3008.000      298579.3622
    3009.000      297681.3371
    3010.000      297413.4938
    3011.000      298536.0613
    3012.000      299026.6162
    3013.000      298438.9128
    3014.000      297999.4271
    3015.000      297978.8146
    3016.000      297716.6218
    3017.000      297968.9672
    3018.000      298453.0966
    3019.000      298044.4715
    3020.000      297828.5424
    3021.000      297451.4192
    3022.000      298124.1287
    3023.000      297593.2254
    3024.000      298042.3959
    3025.000      298292.4201
    3026.000      298582.0858
    3027.000      298386.9733
    3028.000      298317.9369
    3029.000      298658.8494
    3030.000      297971.8362
    3031.000      298017.9865
    3032.000      297990.2390
    3033.000      297688.7686
    3034.000      297877.9308
    3035.000      297675.1055
    3036.000      298324.0285
    3037.000      298159.8872
    3038.000      298105.1804
    3039.000      298187.7963
    3040.000      297914.7055
