     141.000           0.9116
     142.000           0.9297
     143.000           0.9440
     144.000           0.9555
     145.000           0.9620
     146.000           0.9694
     147.000           0.9753
     148.000           0.9824
     149.000           0.9864
     150.000           0.9899
     151.000           0.9964
     152.000           0.9982
     153.000           1.0017
     154.000           1.0038
     155.000           1.0074
     156.000           1.0098
     157.000           1.0123
     158.000           1.0139
     159.000           1.0175
     160.000           1.0186
     161.000           1.0203
     162.000           1.0211
     163.000           1.0233
     164.000           1.0253
     165.000           1.0275
     166.000           1.0269
     167.000           1.0278
     168.000           1.0285
     169.000           1.0266
     170.000           1.0273
     171.000           1.0293
     172.000           1.0291
     173.000           1.0297
     174.000           1.0296
     175.000           1.0318
     176.000           1.0347
     177.000           1.0344
     178.000           1.0314
     179.000           1.0317
     180.000           1.0326
     181.000           1.0325
     182.000           1.0331
     183.000           1.0331
     184.000           1.0339
     185.000           1.0335
     186.000           1.0317
     187.000           1.0325
     188.000           1.0327
     189.000           1.0313
     190.000           1.0317
     191.000           1.0297
     192.000           1.0317
     193.000           1.0343
     194.000           1.0326
     195.000           1.0335
     196.000           1.0341
     197.000           1.0345
     198.000           1.0341
     199.000           1.0332
     200.000           1.0324
     201.000           1.0313
     202.000           1.0313
     203.000           1.0312
     204.000           1.0313
     205.000           1.0333
     206.000           1.0336
     207.000           1.0332
     208.000           1.0321
     209.000           1.0320
     210.000           1.0326
     211.000           1.0343
     212.000           1.0337
     213.000           1.0327
     214.000           1.0341
     215.000           1.0317
     216.000           1.0331
     217.000           1.0320
     218.000           1.0355
     219.000           1.0358
     220.000           1.0358
     221.000           1.0343
     222.000           1.0319
     223.000           1.0309
     224.000           1.0302
     225.000           1.0309
     226.000           1.0322
     227.000           1.0319
     228.000           1.0319
     229.000           1.0328
     230.000           1.0312
     231.000           1.0320
     232.000           1.0341
     233.000           1.0352
     234.000           1.0348
     235.000           1.0344
     236.000           1.0362
     237.000           1.0344
     238.000           1.0376
     239.000           1.0380
     240.000           1.0364
     241.000           1.0364
     242.000           1.0340
     243.000           1.0350
     244.000           1.0346
     245.000           1.0323
     246.000           1.0336
     247.000           1.0331
     248.000           1.0348
     249.000           1.0315
     250.000           1.0326
     251.000           1.0340
     252.000           1.0328
     253.000           1.0310
     254.000           1.0317
     255.000           1.0321
     256.000           1.0327
     257.000           1.0338
     258.000           1.0336
     259.000           1.0334
     260.000           1.0354
     261.000           1.0359
     262.000           1.0358
     263.000           1.0340
     264.000           1.0327
     265.000           1.0331
     266.000           1.0341
     267.000           1.0343
     268.000           1.0340
     269.000           1.0352
     270.000           1.0317
     271.000           1.0301
     272.000           1.0318
     273.000           1.0315
     274.000           1.0327
     275.000           1.0319
     276.000           1.0331
     277.000           1.0357
     278.000           1.0356
     279.000           1.0360
     280.000           1.0361
     281.000           1.0347
     282.000           1.0357
     283.000           1.0326
     284.000           1.0325
     285.000           1.0332
     286.000           1.0334
     287.000           1.0324
     288.000           1.0345
     289.000           1.0353
     290.000           1.0373
     291.000           1.0366
     292.000           1.0344
     293.000           1.0351
     294.000           1.0345
     295.000           1.0367
     296.000           1.0350
     297.000           1.0353
     298.000           1.0342
     299.000           1.0336
     300.000           1.0329
     301.000           1.0323
     302.000           1.0337
     303.000           1.0338
     304.000           1.0315
     305.000           1.0302
     306.000           1.0303
     307.000           1.0317
     308.000           1.0339
     309.000           1.0375
     310.000           1.0382
     311.000           1.0369
     312.000           1.0376
     313.000           1.0356
     314.000           1.0360
     315.000           1.0352
     316.000           1.0351
     317.000           1.0371
     318.000           1.0361
     319.000           1.0348
     320.000           1.0338
     321.000           1.0336
     322.000           1.0345
     323.000           1.0348
     324.000           1.0347
     325.000           1.0324
     326.000           1.0325
     327.000           1.0322
     328.000           1.0318
     329.000           1.0308
     330.000           1.0335
     331.000           1.0329
     332.000           1.0322
     333.000           1.0316
     334.000           1.0320
     335.000           1.0315
     336.000           1.0340
     337.000           1.0323
     338.000           1.0342
     339.000           1.0354
     340.000           1.0343
     341.000           1.0333
     342.000           1.0334
     343.000           1.0331
     344.000           1.0327
     345.000           1.0303
     346.000           1.0322
     347.000           1.0352
     348.000           1.0362
     349.000           1.0372
     350.000           1.0369
     351.000           1.0368
     352.000           1.0366
     353.000           1.0358
     354.000           1.0348
     355.000           1.0328
     356.000           1.0313
     357.000           1.0326
     358.000           1.0332
     359.000           1.0345
     360.000           1.0341
     361.000           1.0357
     362.000           1.0334
     363.000           1.0342
     364.000           1.0334
     365.000           1.0330
     366.000           1.0318
     367.000           1.0321
     368.000           1.0343
     369.000           1.0341
     370.000           1.0338
     371.000           1.0326
     372.000           1.0331
     373.000           1.0337
     374.000           1.0334
     375.000           1.0335
     376.000           1.0342
     377.000           1.0321
     378.000           1.0316
     379.000           1.0345
     380.000           1.0352
     381.000           1.0353
     382.000           1.0354
     383.000           1.0353
     384.000           1.0334
     385.000           1.0329
     386.000           1.0322
     387.000           1.0322
     388.000           1.0334
     389.000           1.0312
     390.000           1.0313
     391.000           1.0347
     392.000           1.0353
     393.000           1.0347
     394.000           1.0352
     395.000           1.0359
     396.000           1.0353
     397.000           1.0338
     398.000           1.0329
     399.000           1.0339
     400.000           1.0332
     401.000           1.0342
     402.000           1.0333
     403.000           1.0325
     404.000           1.0337
     405.000           1.0339
     406.000           1.0307
     407.000           1.0319
     408.000           1.0334
     409.000           1.0359
     410.000           1.0362
     411.000           1.0326
     412.000           1.0327
     413.000           1.0326
     414.000           1.0338
     415.000           1.0364
     416.000           1.0344
     417.000           1.0355
     418.000           1.0349
     419.000           1.0361
     420.000           1.0348
     421.000           1.0356
     422.000           1.0347
     423.000           1.0339
     424.000           1.0341
     425.000           1.0338
     426.000           1.0341
     427.000           1.0331
     428.000           1.0340
     429.000           1.0340
     430.000           1.0362
     431.000           1.0370
     432.000           1.0347
     433.000           1.0333
     434.000           1.0336
     435.000           1.0346
     436.000           1.0359
     437.000           1.0359
     438.000           1.0348
     439.000           1.0342
     440.000           1.0336
     441.000           1.0335
     442.000           1.0339
     443.000           1.0348
     444.000           1.0334
     445.000           1.0331
     446.000           1.0335
     447.000           1.0346
     448.000           1.0349
     449.000           1.0339
     450.000           1.0347
     451.000           1.0327
     452.000           1.0320
     453.000           1.0339
     454.000           1.0354
     455.000           1.0349
     456.000           1.0361
     457.000           1.0363
     458.000           1.0356
     459.000           1.0365
     460.000           1.0368
     461.000           1.0380
     462.000           1.0367
     463.000           1.0350
     464.000           1.0356
     465.000           1.0352
     466.000           1.0340
     467.000           1.0316
     468.000           1.0320
     469.000           1.0329
     470.000           1.0330
     471.000           1.0352
     472.000           1.0350
     473.000           1.0323
     474.000           1.0327
     475.000           1.0337
     476.000           1.0342
     477.000           1.0339
     478.000           1.0335
     479.000           1.0363
     480.000           1.0346
     481.000           1.0345
     482.000           1.0354
     483.000           1.0338
     484.000           1.0338
     485.000           1.0356
     486.000           1.0349
     487.000           1.0330
     488.000           1.0332
     489.000           1.0339
     490.000           1.0331
     491.000           1.0320
     492.000           1.0323
     493.000           1.0340
     494.000           1.0324
     495.000           1.0347
     496.000           1.0359
     497.000           1.0355
     498.000           1.0341
     499.000           1.0341
     500.000           1.0352
     501.000           1.0350
     502.000           1.0344
     503.000           1.0334
     504.000           1.0327
     505.000           1.0331
     506.000           1.0331
     507.000           1.0331
     508.000           1.0346
     509.000           1.0355
     510.000           1.0341
     511.000           1.0324
     512.000           1.0329
     513.000           1.0347
     514.000           1.0356
     515.000           1.0344
     516.000           1.0345
     517.000           1.0360
     518.000           1.0340
     519.000           1.0328
     520.000           1.0328
     521.000           1.0307
     522.000           1.0327
     523.000           1.0327
     524.000           1.0323
     525.000           1.0301
     526.000           1.0340
     527.000           1.0332
     528.000           1.0330
     529.000           1.0318
     530.000           1.0305
     531.000           1.0311
     532.000           1.0345
     533.000           1.0331
     534.000           1.0332
     535.000           1.0335
     536.000           1.0354
     537.000           1.0343
     538.000           1.0356
     539.000           1.0350
     540.000           1.0327
     541.000           1.0348
     542.000           1.0349
     543.000           1.0339
     544.000           1.0334
     545.000           1.0353
     546.000           1.0343
     547.000           1.0348
     548.000           1.0342
     549.000           1.0335
     550.000           1.0337
     551.000           1.0327
     552.000           1.0328
     553.000           1.0309
     554.000           1.0314
     555.000           1.0340
     556.000           1.0355
     557.000           1.0361
     558.000           1.0349
     559.000           1.0354
     560.000           1.0341
     561.000           1.0338
     562.000           1.0331
     563.000           1.0337
     564.000           1.0346
     565.000           1.0333
     566.000           1.0331
     567.000           1.0333
     568.000           1.0341
     569.000           1.0362
     570.000           1.0364
     571.000           1.0346
     572.000           1.0330
     573.000           1.0320
     574.000           1.0335
     575.000           1.0330
     576.000           1.0319
     577.000           1.0325
     578.000           1.0348
     579.000           1.0356
     580.000           1.0340
     581.000           1.0353
     582.000           1.0350
     583.000           1.0345
     584.000           1.0344
     585.000           1.0349
     586.000           1.0344
     587.000           1.0331
     588.000           1.0356
     589.000           1.0362
     590.000           1.0370
     591.000           1.0386
     592.000           1.0397
     593.000           1.0378
     594.000           1.0369
     595.000           1.0356
     596.000           1.0366
     597.000           1.0356
     598.000           1.0362
     599.000           1.0360
     600.000           1.0370
     601.000           1.0336
     602.000           1.0345
     603.000           1.0354
     604.000           1.0355
     605.000           1.0339
     606.000           1.0325
     607.000           1.0343
     608.000           1.0338
     609.000           1.0326
     610.000           1.0327
     611.000           1.0337
     612.000           1.0322
     613.000           1.0316
     614.000           1.0305
     615.000           1.0346
     616.000           1.0331
     617.000           1.0338
     618.000           1.0293
     619.000           1.0344
     620.000           1.0338
     621.000           1.0320
     622.000           1.0328
     623.000           1.0297
     624.000           1.0329
     625.000           1.0327
     626.000           1.0344
     627.000           1.0356
     628.000           1.0356
     629.000           1.0366
     630.000           1.0354
     631.000           1.0345
     632.000           1.0331
     633.000           1.0331
     634.000           1.0334
     635.000           1.0340
     636.000           1.0334
     637.000           1.0350
     638.000           1.0343
     639.000           1.0327
     640.000           1.0333
     641.000           1.0360
     642.000           1.0349
     643.000           1.0345
     644.000           1.0348
     645.000           1.0378
     646.000           1.0384
     647.000           1.0373
     648.000           1.0359
     649.000           1.0372
     650.000           1.0358
     651.000           1.0363
     652.000           1.0346
     653.000           1.0361
     654.000           1.0325
     655.000           1.0348
     656.000           1.0344
     657.000           1.0353
     658.000           1.0345
     659.000           1.0350
     660.000           1.0348
     661.000           1.0344
     662.000           1.0359
     663.000           1.0353
     664.000           1.0347
     665.000           1.0336
     666.000           1.0334
     667.000           1.0342
     668.000           1.0342
     669.000           1.0359
     670.000           1.0351
     671.000           1.0363
     672.000           1.0371
     673.000           1.0346
     674.000           1.0345
     675.000           1.0335
     676.000           1.0341
     677.000           1.0329
     678.000           1.0342
     679.000           1.0333
     680.000           1.0350
     681.000           1.0370
     682.000           1.0381
     683.000           1.0356
     684.000           1.0360
     685.000           1.0349
     686.000           1.0363
     687.000           1.0357
     688.000           1.0363
     689.000           1.0366
     690.000           1.0337
     691.000           1.0358
     692.000           1.0365
     693.000           1.0359
     694.000           1.0353
     695.000           1.0359
     696.000           1.0340
     697.000           1.0339
     698.000           1.0363
     699.000           1.0366
     700.000           1.0348
     701.000           1.0338
     702.000           1.0347
     703.000           1.0363
     704.000           1.0352
     705.000           1.0367
     706.000           1.0361
     707.000           1.0358
     708.000           1.0364
     709.000           1.0353
     710.000           1.0357
     711.000           1.0364
     712.000           1.0364
     713.000           1.0391
     714.000           1.0377
     715.000           1.0387
     716.000           1.0371
     717.000           1.0371
     718.000           1.0382
     719.000           1.0361
     720.000           1.0345
     721.000           1.0366
     722.000           1.0371
     723.000           1.0384
     724.000           1.0359
     725.000           1.0348
     726.000           1.0323
     727.000           1.0324
     728.000           1.0343
     729.000           1.0338
     730.000           1.0348
     731.000           1.0347
     732.000           1.0353
     733.000           1.0368
     734.000           1.0350
     735.000           1.0342
     736.000           1.0344
     737.000           1.0340
     738.000           1.0341
     739.000           1.0353
     740.000           1.0346
     741.000           1.0347
     742.000           1.0363
     743.000           1.0355
     744.000           1.0337
     745.000           1.0324
     746.000           1.0344
     747.000           1.0342
     748.000           1.0329
     749.000           1.0353
     750.000           1.0335
     751.000           1.0343
     752.000           1.0351
     753.000           1.0376
     754.000           1.0369
     755.000           1.0366
     756.000           1.0355
     757.000           1.0337
     758.000           1.0362
     759.000           1.0349
     760.000           1.0359
     761.000           1.0336
     762.000           1.0329
     763.000           1.0362
     764.000           1.0349
     765.000           1.0335
     766.000           1.0347
     767.000           1.0348
     768.000           1.0350
     769.000           1.0346
     770.000           1.0350
     771.000           1.0351
     772.000           1.0377
     773.000           1.0374
     774.000           1.0364
     775.000           1.0383
     776.000           1.0354
     777.000           1.0364
     778.000           1.0341
     779.000           1.0342
     780.000           1.0351
     781.000           1.0357
     782.000           1.0354
     783.000           1.0351
     784.000           1.0352
     785.000           1.0353
     786.000           1.0359
     787.000           1.0347
     788.000           1.0349
     789.000           1.0342
     790.000           1.0325
     791.000           1.0326
     792.000           1.0344
     793.000           1.0340
     794.000           1.0336
     795.000           1.0331
     796.000           1.0338
     797.000           1.0354
     798.000           1.0358
     799.000           1.0381
     800.000           1.0370
     801.000           1.0359
     802.000           1.0348
     803.000           1.0346
     804.000           1.0348
     805.000           1.0337
     806.000           1.0337
     807.000           1.0314
     808.000           1.0343
     809.000           1.0344
     810.000           1.0359
     811.000           1.0338
     812.000           1.0324
     813.000           1.0347
     814.000           1.0352
     815.000           1.0356
     816.000           1.0338
     817.000           1.0329
     818.000           1.0322
     819.000           1.0349
     820.000           1.0342
     821.000           1.0343
     822.000           1.0345
     823.000           1.0346
     824.000           1.0321
     825.000           1.0342
     826.000           1.0328
     827.000           1.0310
     828.000           1.0333
     829.000           1.0358
     830.000           1.0345
     831.000           1.0347
     832.000           1.0358
     833.000           1.0358
     834.000           1.0358
     835.000           1.0359
     836.000           1.0373
     837.000           1.0365
     838.000           1.0381
     839.000           1.0354
     840.000           1.0359
     841.000           1.0301
     842.000           1.0308
     843.000           1.0325
     844.000           1.0355
     845.000           1.0369
     846.000           1.0353
     847.000           1.0343
     848.000           1.0361
     849.000           1.0354
     850.000           1.0355
     851.000           1.0356
     852.000           1.0367
     853.000           1.0352
     854.000           1.0352
     855.000           1.0322
     856.000           1.0329
     857.000           1.0342
     858.000           1.0335
     859.000           1.0352
     860.000           1.0361
     861.000           1.0334
     862.000           1.0331
     863.000           1.0323
     864.000           1.0323
     865.000           1.0317
     866.000           1.0335
     867.000           1.0353
     868.000           1.0354
     869.000           1.0336
     870.000           1.0357
     871.000           1.0358
     872.000           1.0369
     873.000           1.0349
     874.000           1.0370
     875.000           1.0392
     876.000           1.0373
     877.000           1.0366
     878.000           1.0357
     879.000           1.0336
     880.000           1.0328
     881.000           1.0347
     882.000           1.0352
     883.000           1.0346
     884.000           1.0325
     885.000           1.0316
     886.000           1.0305
     887.000           1.0325
     888.000           1.0328
     889.000           1.0337
     890.000           1.0332
     891.000           1.0352
     892.000           1.0365
     893.000           1.0344
     894.000           1.0350
     895.000           1.0351
     896.000           1.0349
     897.000           1.0364
     898.000           1.0358
     899.000           1.0354
     900.000           1.0339
     901.000           1.0339
     902.000           1.0367
     903.000           1.0375
     904.000           1.0360
     905.000           1.0367
     906.000           1.0377
     907.000           1.0356
     908.000           1.0345
     909.000           1.0342
     910.000           1.0328
     911.000           1.0349
     912.000           1.0340
     913.000           1.0346
     914.000           1.0349
     915.000           1.0362
     916.000           1.0361
     917.000           1.0339
     918.000           1.0336
     919.000           1.0345
     920.000           1.0329
     921.000           1.0339
     922.000           1.0359
     923.000           1.0371
     924.000           1.0360
     925.000           1.0366
     926.000           1.0352
     927.000           1.0339
     928.000           1.0352
     929.000           1.0366
     930.000           1.0349
     931.000           1.0341
     932.000           1.0368
     933.000           1.0372
     934.000           1.0373
     935.000           1.0336
     936.000           1.0364
     937.000           1.0354
     938.000           1.0358
     939.000           1.0365
     940.000           1.0353
     941.000           1.0346
     942.000           1.0321
     943.000           1.0318
     944.000           1.0313
     945.000           1.0330
     946.000           1.0338
     947.000           1.0354
     948.000           1.0335
     949.000           1.0332
     950.000           1.0328
     951.000           1.0327
     952.000           1.0328
     953.000           1.0341
     954.000           1.0364
     955.000           1.0374
     956.000           1.0384
     957.000           1.0370
     958.000           1.0368
     959.000           1.0363
     960.000           1.0369
     961.000           1.0379
     962.000           1.0370
     963.000           1.0346
     964.000           1.0346
     965.000           1.0335
     966.000           1.0352
     967.000           1.0369
     968.000           1.0388
     969.000           1.0371
     970.000           1.0376
     971.000           1.0374
     972.000           1.0341
     973.000           1.0351
     974.000           1.0346
     975.000           1.0350
     976.000           1.0342
     977.000           1.0349
     978.000           1.0357
     979.000           1.0358
     980.000           1.0355
     981.000           1.0363
     982.000           1.0383
     983.000           1.0364
     984.000           1.0366
     985.000           1.0361
     986.000           1.0347
     987.000           1.0342
     988.000           1.0331
     989.000           1.0356
     990.000           1.0346
     991.000           1.0339
     992.000           1.0363
     993.000           1.0383
     994.000           1.0376
     995.000           1.0360
     996.000           1.0369
     997.000           1.0372
     998.000           1.0371
     999.000           1.0357
    1000.000           1.0375
    1001.000           1.0377
    1002.000           1.0365
    1003.000           1.0369
    1004.000           1.0383
    1005.000           1.0367
    1006.000           1.0356
    1007.000           1.0364
    1008.000           1.0341
    1009.000           1.0362
    1010.000           1.0359
    1011.000           1.0341
    1012.000           1.0349
    1013.000           1.0345
    1014.000           1.0342
    1015.000           1.0337
    1016.000           1.0339
    1017.000           1.0345
    1018.000           1.0352
    1019.000           1.0348
    1020.000           1.0329
    1021.000           1.0338
    1022.000           1.0347
    1023.000           1.0361
    1024.000           1.0354
    1025.000           1.0360
    1026.000           1.0346
    1027.000           1.0347
    1028.000           1.0362
    1029.000           1.0353
    1030.000           1.0351
    1031.000           1.0359
    1032.000           1.0364
    1033.000           1.0351
    1034.000           1.0348
    1035.000           1.0374
    1036.000           1.0376
    1037.000           1.0371
    1038.000           1.0353
    1039.000           1.0356
    1040.000           1.0360
    1041.000           1.0347
    1042.000           1.0328
    1043.000           1.0344
    1044.000           1.0337
    1045.000           1.0351
    1046.000           1.0326
    1047.000           1.0331
    1048.000           1.0324
    1049.000           1.0326
    1050.000           1.0350
    1051.000           1.0358
    1052.000           1.0376
    1053.000           1.0330
    1054.000           1.0341
    1055.000           1.0339
    1056.000           1.0314
    1057.000           1.0311
    1058.000           1.0305
    1059.000           1.0314
    1060.000           1.0337
    1061.000           1.0344
    1062.000           1.0345
    1063.000           1.0353
    1064.000           1.0348
    1065.000           1.0343
    1066.000           1.0352
    1067.000           1.0365
    1068.000           1.0365
    1069.000           1.0343
    1070.000           1.0348
    1071.000           1.0352
    1072.000           1.0353
    1073.000           1.0343
    1074.000           1.0345
    1075.000           1.0351
    1076.000           1.0340
    1077.000           1.0357
    1078.000           1.0357
    1079.000           1.0361
    1080.000           1.0350
    1081.000           1.0354
    1082.000           1.0360
    1083.000           1.0349
    1084.000           1.0360
    1085.000           1.0345
    1086.000           1.0338
    1087.000           1.0337
    1088.000           1.0364
    1089.000           1.0375
    1090.000           1.0352
    1091.000           1.0354
    1092.000           1.0361
    1093.000           1.0371
    1094.000           1.0352
    1095.000           1.0328
    1096.000           1.0334
    1097.000           1.0331
    1098.000           1.0330
    1099.000           1.0325
    1100.000           1.0360
    1101.000           1.0345
    1102.000           1.0345
    1103.000           1.0351
    1104.000           1.0351
    1105.000           1.0359
    1106.000           1.0364
    1107.000           1.0356
    1108.000           1.0352
    1109.000           1.0333
    1110.000           1.0329
    1111.000           1.0338
    1112.000           1.0344
    1113.000           1.0326
    1114.000           1.0347
    1115.000           1.0330
    1116.000           1.0326
    1117.000           1.0362
    1118.000           1.0339
    1119.000           1.0341
    1120.000           1.0342
    1121.000           1.0355
    1122.000           1.0364
    1123.000           1.0361
    1124.000           1.0360
    1125.000           1.0369
    1126.000           1.0370
    1127.000           1.0351
    1128.000           1.0345
    1129.000           1.0352
    1130.000           1.0354
    1131.000           1.0344
    1132.000           1.0338
    1133.000           1.0363
    1134.000           1.0350
    1135.000           1.0330
    1136.000           1.0310
    1137.000           1.0322
    1138.000           1.0299
    1139.000           1.0311
    1140.000           1.0342
    1141.000           1.0321
    1142.000           1.0350
    1143.000           1.0363
    1144.000           1.0340
    1145.000           1.0344
    1146.000           1.0321
    1147.000           1.0345
    1148.000           1.0362
    1149.000           1.0371
    1150.000           1.0367
    1151.000           1.0356
    1152.000           1.0378
    1153.000           1.0351
    1154.000           1.0342
    1155.000           1.0342
    1156.000           1.0354
    1157.000           1.0356
    1158.000           1.0335
    1159.000           1.0331
    1160.000           1.0341
    1161.000           1.0367
    1162.000           1.0343
    1163.000           1.0331
    1164.000           1.0336
    1165.000           1.0322
    1166.000           1.0323
    1167.000           1.0326
    1168.000           1.0344
    1169.000           1.0343
    1170.000           1.0348
    1171.000           1.0353
    1172.000           1.0362
    1173.000           1.0374
    1174.000           1.0360
    1175.000           1.0366
    1176.000           1.0341
    1177.000           1.0345
    1178.000           1.0348
    1179.000           1.0359
    1180.000           1.0341
    1181.000           1.0337
    1182.000           1.0341
    1183.000           1.0341
    1184.000           1.0343
    1185.000           1.0345
    1186.000           1.0334
    1187.000           1.0372
    1188.000           1.0352
    1189.000           1.0341
    1190.000           1.0343
    1191.000           1.0350
    1192.000           1.0344
    1193.000           1.0352
    1194.000           1.0355
    1195.000           1.0343
    1196.000           1.0339
    1197.000           1.0360
    1198.000           1.0353
    1199.000           1.0380
    1200.000           1.0380
    1201.000           1.0359
    1202.000           1.0346
    1203.000           1.0347
    1204.000           1.0344
    1205.000           1.0331
    1206.000           1.0336
    1207.000           1.0331
    1208.000           1.0317
    1209.000           1.0328
    1210.000           1.0367
    1211.000           1.0360
    1212.000           1.0348
    1213.000           1.0342
    1214.000           1.0369
    1215.000           1.0351
    1216.000           1.0368
    1217.000           1.0360
    1218.000           1.0356
    1219.000           1.0343
    1220.000           1.0329
    1221.000           1.0342
    1222.000           1.0340
    1223.000           1.0331
    1224.000           1.0347
    1225.000           1.0346
    1226.000           1.0353
    1227.000           1.0349
    1228.000           1.0359
    1229.000           1.0348
    1230.000           1.0347
    1231.000           1.0353
    1232.000           1.0360
    1233.000           1.0340
    1234.000           1.0355
    1235.000           1.0367
    1236.000           1.0365
    1237.000           1.0327
    1238.000           1.0332
    1239.000           1.0346
    1240.000           1.0345
    1241.000           1.0351
    1242.000           1.0345
    1243.000           1.0335
    1244.000           1.0339
    1245.000           1.0331
    1246.000           1.0377
    1247.000           1.0379
    1248.000           1.0340
    1249.000           1.0337
    1250.000           1.0352
    1251.000           1.0347
    1252.000           1.0337
    1253.000           1.0349
    1254.000           1.0354
    1255.000           1.0358
    1256.000           1.0368
    1257.000           1.0349
    1258.000           1.0342
    1259.000           1.0341
    1260.000           1.0338
    1261.000           1.0346
    1262.000           1.0326
    1263.000           1.0319
    1264.000           1.0335
    1265.000           1.0344
    1266.000           1.0344
    1267.000           1.0341
    1268.000           1.0339
    1269.000           1.0351
    1270.000           1.0353
    1271.000           1.0361
    1272.000           1.0353
    1273.000           1.0343
    1274.000           1.0347
    1275.000           1.0336
    1276.000           1.0329
    1277.000           1.0321
    1278.000           1.0355
    1279.000           1.0345
    1280.000           1.0347
    1281.000           1.0347
    1282.000           1.0353
    1283.000           1.0351
    1284.000           1.0326
    1285.000           1.0347
    1286.000           1.0354
    1287.000           1.0366
    1288.000           1.0354
    1289.000           1.0362
    1290.000           1.0347
    1291.000           1.0350
    1292.000           1.0372
    1293.000           1.0350
    1294.000           1.0329
    1295.000           1.0354
    1296.000           1.0346
    1297.000           1.0340
    1298.000           1.0357
    1299.000           1.0352
    1300.000           1.0350
    1301.000           1.0339
    1302.000           1.0337
    1303.000           1.0345
    1304.000           1.0350
    1305.000           1.0331
    1306.000           1.0339
    1307.000           1.0332
    1308.000           1.0329
    1309.000           1.0332
    1310.000           1.0358
    1311.000           1.0373
    1312.000           1.0354
    1313.000           1.0363
    1314.000           1.0355
    1315.000           1.0353
    1316.000           1.0361
    1317.000           1.0359
    1318.000           1.0361
    1319.000           1.0368
    1320.000           1.0372
    1321.000           1.0364
    1322.000           1.0355
    1323.000           1.0350
    1324.000           1.0361
    1325.000           1.0356
    1326.000           1.0353
    1327.000           1.0356
    1328.000           1.0336
    1329.000           1.0329
    1330.000           1.0348
    1331.000           1.0354
    1332.000           1.0344
    1333.000           1.0327
    1334.000           1.0358
    1335.000           1.0342
    1336.000           1.0372
    1337.000           1.0351
    1338.000           1.0319
    1339.000           1.0316
    1340.000           1.0322
    1341.000           1.0340
    1342.000           1.0353
    1343.000           1.0335
    1344.000           1.0331
    1345.000           1.0328
    1346.000           1.0348
    1347.000           1.0375
    1348.000           1.0368
    1349.000           1.0357
    1350.000           1.0363
    1351.000           1.0368
    1352.000           1.0359
    1353.000           1.0366
    1354.000           1.0359
    1355.000           1.0344
    1356.000           1.0331
    1357.000           1.0322
    1358.000           1.0329
    1359.000           1.0341
    1360.000           1.0341
    1361.000           1.0331
    1362.000           1.0338
    1363.000           1.0351
    1364.000           1.0358
    1365.000           1.0330
    1366.000           1.0313
    1367.000           1.0330
    1368.000           1.0324
    1369.000           1.0319
    1370.000           1.0337
    1371.000           1.0345
    1372.000           1.0363
    1373.000           1.0344
    1374.000           1.0339
    1375.000           1.0340
    1376.000           1.0357
    1377.000           1.0364
    1378.000           1.0350
    1379.000           1.0328
    1380.000           1.0343
    1381.000           1.0350
    1382.000           1.0345
    1383.000           1.0349
    1384.000           1.0363
    1385.000           1.0356
    1386.000           1.0349
    1387.000           1.0338
    1388.000           1.0337
    1389.000           1.0334
    1390.000           1.0348
    1391.000           1.0328
    1392.000           1.0327
    1393.000           1.0368
    1394.000           1.0377
    1395.000           1.0371
    1396.000           1.0346
    1397.000           1.0357
    1398.000           1.0351
    1399.000           1.0346
    1400.000           1.0332
    1401.000           1.0342
    1402.000           1.0345
    1403.000           1.0328
    1404.000           1.0327
    1405.000           1.0328
    1406.000           1.0359
    1407.000           1.0342
    1408.000           1.0315
    1409.000           1.0322
    1410.000           1.0348
    1411.000           1.0347
    1412.000           1.0363
    1413.000           1.0349
    1414.000           1.0365
    1415.000           1.0361
    1416.000           1.0363
    1417.000           1.0334
    1418.000           1.0346
    1419.000           1.0355
    1420.000           1.0373
    1421.000           1.0364
    1422.000           1.0348
    1423.000           1.0351
    1424.000           1.0347
    1425.000           1.0345
    1426.000           1.0346
    1427.000           1.0359
    1428.000           1.0340
    1429.000           1.0362
    1430.000           1.0357
    1431.000           1.0361
    1432.000           1.0384
    1433.000           1.0392
    1434.000           1.0385
    1435.000           1.0372
    1436.000           1.0374
    1437.000           1.0363
    1438.000           1.0355
    1439.000           1.0338
    1440.000           1.0360
    1441.000           1.0375
    1442.000           1.0362
    1443.000           1.0371
    1444.000           1.0376
    1445.000           1.0358
    1446.000           1.0363
    1447.000           1.0351
    1448.000           1.0329
    1449.000           1.0322
    1450.000           1.0339
    1451.000           1.0324
    1452.000           1.0332
    1453.000           1.0365
    1454.000           1.0353
    1455.000           1.0392
    1456.000           1.0367
    1457.000           1.0354
    1458.000           1.0331
    1459.000           1.0375
    1460.000           1.0362
    1461.000           1.0359
    1462.000           1.0352
    1463.000           1.0349
    1464.000           1.0356
    1465.000           1.0349
    1466.000           1.0339
    1467.000           1.0356
    1468.000           1.0334
    1469.000           1.0335
    1470.000           1.0347
    1471.000           1.0366
    1472.000           1.0348
    1473.000           1.0335
    1474.000           1.0363
    1475.000           1.0385
    1476.000           1.0379
    1477.000           1.0384
    1478.000           1.0378
    1479.000           1.0361
    1480.000           1.0352
    1481.000           1.0343
    1482.000           1.0357
    1483.000           1.0367
    1484.000           1.0350
    1485.000           1.0363
    1486.000           1.0361
    1487.000           1.0361
    1488.000           1.0396
    1489.000           1.0391
    1490.000           1.0372
    1491.000           1.0373
    1492.000           1.0362
    1493.000           1.0359
    1494.000           1.0376
    1495.000           1.0377
    1496.000           1.0378
    1497.000           1.0345
    1498.000           1.0353
    1499.000           1.0346
    1500.000           1.0352
    1501.000           1.0332
    1502.000           1.0354
    1503.000           1.0375
    1504.000           1.0387
    1505.000           1.0389
    1506.000           1.0365
    1507.000           1.0367
    1508.000           1.0352
    1509.000           1.0364
    1510.000           1.0352
    1511.000           1.0355
    1512.000           1.0367
    1513.000           1.0349
    1514.000           1.0367
    1515.000           1.0351
    1516.000           1.0358
    1517.000           1.0349
    1518.000           1.0348
    1519.000           1.0342
    1520.000           1.0323
    1521.000           1.0320
    1522.000           1.0347
    1523.000           1.0343
    1524.000           1.0332
    1525.000           1.0319
    1526.000           1.0320
    1527.000           1.0343
    1528.000           1.0359
    1529.000           1.0353
    1530.000           1.0353
    1531.000           1.0354
    1532.000           1.0347
    1533.000           1.0351
    1534.000           1.0351
    1535.000           1.0347
    1536.000           1.0338
    1537.000           1.0317
    1538.000           1.0361
    1539.000           1.0347
    1540.000           1.0332
    1541.000           1.0348
    1542.000           1.0366
    1543.000           1.0364
    1544.000           1.0357
    1545.000           1.0350
    1546.000           1.0352
    1547.000           1.0330
    1548.000           1.0319
    1549.000           1.0355
    1550.000           1.0369
    1551.000           1.0352
    1552.000           1.0327
    1553.000           1.0323
    1554.000           1.0325
    1555.000           1.0332
    1556.000           1.0327
    1557.000           1.0328
    1558.000           1.0342
    1559.000           1.0356
    1560.000           1.0374
    1561.000           1.0378
    1562.000           1.0381
    1563.000           1.0365
    1564.000           1.0375
    1565.000           1.0354
    1566.000           1.0363
    1567.000           1.0354
    1568.000           1.0376
    1569.000           1.0380
    1570.000           1.0364
    1571.000           1.0366
    1572.000           1.0361
    1573.000           1.0378
    1574.000           1.0357
    1575.000           1.0347
    1576.000           1.0357
    1577.000           1.0364
    1578.000           1.0373
    1579.000           1.0363
    1580.000           1.0375
    1581.000           1.0382
    1582.000           1.0355
    1583.000           1.0348
    1584.000           1.0368
    1585.000           1.0361
    1586.000           1.0376
    1587.000           1.0365
    1588.000           1.0371
    1589.000           1.0389
    1590.000           1.0375
    1591.000           1.0395
    1592.000           1.0385
    1593.000           1.0365
    1594.000           1.0347
    1595.000           1.0362
    1596.000           1.0337
    1597.000           1.0355
    1598.000           1.0356
    1599.000           1.0359
    1600.000           1.0365
    1601.000           1.0352
    1602.000           1.0314
    1603.000           1.0335
    1604.000           1.0352
    1605.000           1.0347
    1606.000           1.0356
    1607.000           1.0339
    1608.000           1.0353
    1609.000           1.0349
    1610.000           1.0356
    1611.000           1.0348
    1612.000           1.0385
    1613.000           1.0396
    1614.000           1.0368
    1615.000           1.0351
    1616.000           1.0352
    1617.000           1.0376
    1618.000           1.0379
    1619.000           1.0384
    1620.000           1.0382
    1621.000           1.0355
    1622.000           1.0322
    1623.000           1.0329
    1624.000           1.0341
    1625.000           1.0358
    1626.000           1.0361
    1627.000           1.0356
    1628.000           1.0348
    1629.000           1.0349
    1630.000           1.0364
    1631.000           1.0388
    1632.000           1.0380
    1633.000           1.0361
    1634.000           1.0353
    1635.000           1.0354
    1636.000           1.0362
    1637.000           1.0382
    1638.000           1.0364
    1639.000           1.0364
    1640.000           1.0354
    1641.000           1.0359
    1642.000           1.0354
    1643.000           1.0366
    1644.000           1.0349
    1645.000           1.0338
    1646.000           1.0325
    1647.000           1.0355
    1648.000           1.0366
    1649.000           1.0353
    1650.000           1.0336
    1651.000           1.0351
    1652.000           1.0353
    1653.000           1.0351
    1654.000           1.0354
    1655.000           1.0360
    1656.000           1.0360
    1657.000           1.0358
    1658.000           1.0365
    1659.000           1.0368
    1660.000           1.0356
    1661.000           1.0358
    1662.000           1.0344
    1663.000           1.0338
    1664.000           1.0355
    1665.000           1.0378
    1666.000           1.0366
    1667.000           1.0361
    1668.000           1.0349
    1669.000           1.0344
    1670.000           1.0350
    1671.000           1.0350
    1672.000           1.0350
    1673.000           1.0346
    1674.000           1.0347
    1675.000           1.0351
    1676.000           1.0352
    1677.000           1.0374
    1678.000           1.0370
    1679.000           1.0348
    1680.000           1.0337
    1681.000           1.0336
    1682.000           1.0334
    1683.000           1.0320
    1684.000           1.0302
    1685.000           1.0307
    1686.000           1.0319
    1687.000           1.0314
    1688.000           1.0327
    1689.000           1.0329
    1690.000           1.0335
    1691.000           1.0361
    1692.000           1.0371
    1693.000           1.0343
    1694.000           1.0373
    1695.000           1.0354
    1696.000           1.0336
    1697.000           1.0334
    1698.000           1.0333
    1699.000           1.0354
    1700.000           1.0353
    1701.000           1.0345
    1702.000           1.0342
    1703.000           1.0336
    1704.000           1.0346
    1705.000           1.0345
    1706.000           1.0344
    1707.000           1.0352
    1708.000           1.0339
    1709.000           1.0331
    1710.000           1.0346
    1711.000           1.0357
    1712.000           1.0346
    1713.000           1.0366
    1714.000           1.0372
    1715.000           1.0353
    1716.000           1.0337
    1717.000           1.0336
    1718.000           1.0360
    1719.000           1.0347
    1720.000           1.0348
    1721.000           1.0350
    1722.000           1.0350
    1723.000           1.0342
    1724.000           1.0339
    1725.000           1.0324
    1726.000           1.0353
    1727.000           1.0338
    1728.000           1.0367
    1729.000           1.0349
    1730.000           1.0379
    1731.000           1.0382
    1732.000           1.0361
    1733.000           1.0360
    1734.000           1.0349
    1735.000           1.0343
    1736.000           1.0330
    1737.000           1.0336
    1738.000           1.0356
    1739.000           1.0337
    1740.000           1.0341
    1741.000           1.0355
    1742.000           1.0344
    1743.000           1.0362
    1744.000           1.0350
    1745.000           1.0341
    1746.000           1.0351
    1747.000           1.0367
    1748.000           1.0358
    1749.000           1.0367
    1750.000           1.0366
    1751.000           1.0356
    1752.000           1.0346
    1753.000           1.0337
    1754.000           1.0348
    1755.000           1.0332
    1756.000           1.0339
    1757.000           1.0355
    1758.000           1.0365
    1759.000           1.0349
    1760.000           1.0366
    1761.000           1.0371
    1762.000           1.0374
    1763.000           1.0359
    1764.000           1.0350
    1765.000           1.0346
    1766.000           1.0330
    1767.000           1.0321
    1768.000           1.0314
    1769.000           1.0315
    1770.000           1.0316
    1771.000           1.0318
    1772.000           1.0313
    1773.000           1.0318
    1774.000           1.0341
    1775.000           1.0336
    1776.000           1.0324
    1777.000           1.0311
    1778.000           1.0316
    1779.000           1.0341
    1780.000           1.0345
    1781.000           1.0335
    1782.000           1.0325
    1783.000           1.0346
    1784.000           1.0341
    1785.000           1.0360
    1786.000           1.0345
    1787.000           1.0357
    1788.000           1.0361
    1789.000           1.0364
    1790.000           1.0353
    1791.000           1.0338
    1792.000           1.0349
    1793.000           1.0357
    1794.000           1.0325
    1795.000           1.0358
    1796.000           1.0375
    1797.000           1.0340
    1798.000           1.0332
    1799.000           1.0335
    1800.000           1.0343
    1801.000           1.0342
    1802.000           1.0338
    1803.000           1.0327
    1804.000           1.0341
    1805.000           1.0346
    1806.000           1.0350
    1807.000           1.0360
    1808.000           1.0347
    1809.000           1.0333
    1810.000           1.0313
    1811.000           1.0327
    1812.000           1.0320
    1813.000           1.0324
    1814.000           1.0334
    1815.000           1.0343
    1816.000           1.0350
    1817.000           1.0362
    1818.000           1.0346
    1819.000           1.0355
    1820.000           1.0350
    1821.000           1.0358
    1822.000           1.0374
    1823.000           1.0368
    1824.000           1.0351
    1825.000           1.0354
    1826.000           1.0352
    1827.000           1.0353
    1828.000           1.0363
    1829.000           1.0372
    1830.000           1.0355
    1831.000           1.0359
    1832.000           1.0363
    1833.000           1.0361
    1834.000           1.0381
    1835.000           1.0375
    1836.000           1.0349
    1837.000           1.0352
    1838.000           1.0338
    1839.000           1.0334
    1840.000           1.0359
    1841.000           1.0360
    1842.000           1.0353
    1843.000           1.0336
    1844.000           1.0328
    1845.000           1.0336
    1846.000           1.0340
    1847.000           1.0345
    1848.000           1.0363
    1849.000           1.0354
    1850.000           1.0363
    1851.000           1.0353
    1852.000           1.0346
    1853.000           1.0348
    1854.000           1.0353
    1855.000           1.0331
    1856.000           1.0338
    1857.000           1.0351
    1858.000           1.0361
    1859.000           1.0363
    1860.000           1.0372
    1861.000           1.0373
    1862.000           1.0355
    1863.000           1.0336
    1864.000           1.0364
    1865.000           1.0364
    1866.000           1.0369
    1867.000           1.0358
    1868.000           1.0360
    1869.000           1.0352
    1870.000           1.0369
    1871.000           1.0374
    1872.000           1.0353
    1873.000           1.0356
    1874.000           1.0346
    1875.000           1.0355
    1876.000           1.0362
    1877.000           1.0366
    1878.000           1.0356
    1879.000           1.0356
    1880.000           1.0366
    1881.000           1.0397
    1882.000           1.0384
    1883.000           1.0388
    1884.000           1.0372
    1885.000           1.0383
    1886.000           1.0399
    1887.000           1.0403
    1888.000           1.0372
    1889.000           1.0357
    1890.000           1.0340
    1891.000           1.0339
    1892.000           1.0346
    1893.000           1.0355
    1894.000           1.0353
    1895.000           1.0353
    1896.000           1.0341
    1897.000           1.0340
    1898.000           1.0334
    1899.000           1.0325
    1900.000           1.0354
    1901.000           1.0337
    1902.000           1.0332
    1903.000           1.0329
    1904.000           1.0341
    1905.000           1.0351
    1906.000           1.0368
    1907.000           1.0353
    1908.000           1.0356
    1909.000           1.0334
    1910.000           1.0303
    1911.000           1.0323
    1912.000           1.0340
    1913.000           1.0352
    1914.000           1.0358
    1915.000           1.0351
    1916.000           1.0351
    1917.000           1.0332
    1918.000           1.0322
    1919.000           1.0325
    1920.000           1.0308
    1921.000           1.0324
    1922.000           1.0324
    1923.000           1.0309
    1924.000           1.0343
    1925.000           1.0353
    1926.000           1.0358
    1927.000           1.0362
    1928.000           1.0352
    1929.000           1.0341
    1930.000           1.0326
    1931.000           1.0329
    1932.000           1.0327
    1933.000           1.0337
    1934.000           1.0322
    1935.000           1.0340
    1936.000           1.0332
    1937.000           1.0341
    1938.000           1.0360
    1939.000           1.0372
    1940.000           1.0353
    1941.000           1.0349
    1942.000           1.0340
    1943.000           1.0319
    1944.000           1.0327
    1945.000           1.0316
    1946.000           1.0320
    1947.000           1.0332
    1948.000           1.0318
    1949.000           1.0335
    1950.000           1.0333
    1951.000           1.0317
    1952.000           1.0335
    1953.000           1.0340
    1954.000           1.0344
    1955.000           1.0340
    1956.000           1.0323
    1957.000           1.0330
    1958.000           1.0338
    1959.000           1.0330
    1960.000           1.0327
    1961.000           1.0324
    1962.000           1.0356
    1963.000           1.0340
    1964.000           1.0340
    1965.000           1.0336
    1966.000           1.0339
    1967.000           1.0320
    1968.000           1.0321
    1969.000           1.0309
    1970.000           1.0303
    1971.000           1.0298
    1972.000           1.0328
    1973.000           1.0338
    1974.000           1.0338
    1975.000           1.0324
    1976.000           1.0336
    1977.000           1.0341
    1978.000           1.0344
    1979.000           1.0333
    1980.000           1.0333
    1981.000           1.0341
    1982.000           1.0342
    1983.000           1.0346
    1984.000           1.0313
    1985.000           1.0328
    1986.000           1.0340
    1987.000           1.0342
    1988.000           1.0354
    1989.000           1.0352
    1990.000           1.0338
    1991.000           1.0341
    1992.000           1.0340
    1993.000           1.0343
    1994.000           1.0316
    1995.000           1.0354
    1996.000           1.0341
    1997.000           1.0356
    1998.000           1.0344
    1999.000           1.0330
    2000.000           1.0330
    2001.000           1.0328
    2002.000           1.0334
    2003.000           1.0330
    2004.000           1.0299
    2005.000           1.0305
    2006.000           1.0322
    2007.000           1.0340
    2008.000           1.0338
    2009.000           1.0328
    2010.000           1.0345
    2011.000           1.0320
    2012.000           1.0328
    2013.000           1.0338
    2014.000           1.0353
    2015.000           1.0345
    2016.000           1.0347
    2017.000           1.0349
    2018.000           1.0337
    2019.000           1.0322
    2020.000           1.0339
    2021.000           1.0352
    2022.000           1.0339
    2023.000           1.0350
    2024.000           1.0343
    2025.000           1.0345
    2026.000           1.0346
    2027.000           1.0358
    2028.000           1.0365
    2029.000           1.0358
    2030.000           1.0346
    2031.000           1.0341
    2032.000           1.0332
    2033.000           1.0335
    2034.000           1.0337
    2035.000           1.0354
    2036.000           1.0342
    2037.000           1.0348
    2038.000           1.0353
    2039.000           1.0350
    2040.000           1.0334
    2041.000           1.0343
    2042.000           1.0344
    2043.000           1.0333
    2044.000           1.0327
    2045.000           1.0331
    2046.000           1.0342
    2047.000           1.0333
    2048.000           1.0352
    2049.000           1.0338
    2050.000           1.0370
    2051.000           1.0359
    2052.000           1.0356
    2053.000           1.0368
    2054.000           1.0357
    2055.000           1.0354
    2056.000           1.0341
    2057.000           1.0326
    2058.000           1.0344
    2059.000           1.0370
    2060.000           1.0361
    2061.000           1.0378
    2062.000           1.0385
    2063.000           1.0370
    2064.000           1.0375
    2065.000           1.0371
    2066.000           1.0362
    2067.000           1.0367
    2068.000           1.0329
    2069.000           1.0334
    2070.000           1.0313
    2071.000           1.0322
    2072.000           1.0324
    2073.000           1.0342
    2074.000           1.0354
    2075.000           1.0342
    2076.000           1.0337
    2077.000           1.0350
    2078.000           1.0348
    2079.000           1.0369
    2080.000           1.0351
    2081.000           1.0360
    2082.000           1.0356
    2083.000           1.0317
    2084.000           1.0328
    2085.000           1.0336
    2086.000           1.0348
    2087.000           1.0372
    2088.000           1.0363
    2089.000           1.0338
    2090.000           1.0340
    2091.000           1.0337
    2092.000           1.0345
    2093.000           1.0345
    2094.000           1.0328
    2095.000           1.0326
    2096.000           1.0313
    2097.000           1.0341
    2098.000           1.0350
    2099.000           1.0330
    2100.000           1.0331
    2101.000           1.0315
    2102.000           1.0317
    2103.000           1.0312
    2104.000           1.0332
    2105.000           1.0342
    2106.000           1.0331
    2107.000           1.0343
    2108.000           1.0322
    2109.000           1.0355
    2110.000           1.0352
    2111.000           1.0363
    2112.000           1.0361
    2113.000           1.0346
    2114.000           1.0364
    2115.000           1.0372
    2116.000           1.0372
    2117.000           1.0346
    2118.000           1.0351
    2119.000           1.0336
    2120.000           1.0352
    2121.000           1.0351
    2122.000           1.0331
    2123.000           1.0344
    2124.000           1.0330
    2125.000           1.0326
    2126.000           1.0320
    2127.000           1.0324
    2128.000           1.0336
    2129.000           1.0332
    2130.000           1.0346
    2131.000           1.0334
    2132.000           1.0350
    2133.000           1.0335
    2134.000           1.0340
    2135.000           1.0331
    2136.000           1.0348
    2137.000           1.0338
    2138.000           1.0350
    2139.000           1.0348
    2140.000           1.0348
    2141.000           1.0334
    2142.000           1.0335
    2143.000           1.0330
    2144.000           1.0360
    2145.000           1.0356
    2146.000           1.0356
    2147.000           1.0337
    2148.000           1.0351
    2149.000           1.0370
    2150.000           1.0378
    2151.000           1.0372
    2152.000           1.0355
    2153.000           1.0351
    2154.000           1.0354
    2155.000           1.0336
    2156.000           1.0312
    2157.000           1.0327
    2158.000           1.0347
    2159.000           1.0346
    2160.000           1.0371
    2161.000           1.0389
    2162.000           1.0367
    2163.000           1.0367
    2164.000           1.0335
    2165.000           1.0351
    2166.000           1.0347
    2167.000           1.0339
    2168.000           1.0341
    2169.000           1.0333
    2170.000           1.0317
    2171.000           1.0324
    2172.000           1.0333
    2173.000           1.0327
    2174.000           1.0330
    2175.000           1.0315
    2176.000           1.0324
    2177.000           1.0340
    2178.000           1.0341
    2179.000           1.0339
    2180.000           1.0331
    2181.000           1.0323
    2182.000           1.0322
    2183.000           1.0329
    2184.000           1.0326
    2185.000           1.0325
    2186.000           1.0321
    2187.000           1.0338
    2188.000           1.0327
    2189.000           1.0355
    2190.000           1.0338
    2191.000           1.0344
    2192.000           1.0336
    2193.000           1.0343
    2194.000           1.0340
    2195.000           1.0333
    2196.000           1.0336
    2197.000           1.0339
    2198.000           1.0337
    2199.000           1.0329
    2200.000           1.0335
    2201.000           1.0311
    2202.000           1.0310
    2203.000           1.0347
    2204.000           1.0356
    2205.000           1.0342
    2206.000           1.0349
    2207.000           1.0328
    2208.000           1.0326
    2209.000           1.0316
    2210.000           1.0327
    2211.000           1.0345
    2212.000           1.0320
    2213.000           1.0322
    2214.000           1.0356
    2215.000           1.0355
    2216.000           1.0350
    2217.000           1.0367
    2218.000           1.0353
    2219.000           1.0349
    2220.000           1.0342
    2221.000           1.0357
    2222.000           1.0368
    2223.000           1.0376
    2224.000           1.0373
    2225.000           1.0369
    2226.000           1.0384
    2227.000           1.0351
    2228.000           1.0345
    2229.000           1.0336
    2230.000           1.0350
    2231.000           1.0354
    2232.000           1.0350
    2233.000           1.0347
    2234.000           1.0348
    2235.000           1.0341
    2236.000           1.0354
    2237.000           1.0349
    2238.000           1.0345
    2239.000           1.0321
    2240.000           1.0314
    2241.000           1.0321
    2242.000           1.0312
    2243.000           1.0324
    2244.000           1.0345
    2245.000           1.0371
    2246.000           1.0367
    2247.000           1.0361
    2248.000           1.0352
    2249.000           1.0362
    2250.000           1.0369
    2251.000           1.0351
    2252.000           1.0347
    2253.000           1.0355
    2254.000           1.0357
    2255.000           1.0373
    2256.000           1.0384
    2257.000           1.0373
    2258.000           1.0383
    2259.000           1.0350
    2260.000           1.0338
    2261.000           1.0336
    2262.000           1.0339
    2263.000           1.0337
    2264.000           1.0354
    2265.000           1.0359
    2266.000           1.0350
    2267.000           1.0335
    2268.000           1.0349
    2269.000           1.0338
    2270.000           1.0342
    2271.000           1.0337
    2272.000           1.0360
    2273.000           1.0360
    2274.000           1.0363
    2275.000           1.0351
    2276.000           1.0349
    2277.000           1.0366
    2278.000           1.0356
    2279.000           1.0365
    2280.000           1.0340
    2281.000           1.0348
    2282.000           1.0330
    2283.000           1.0339
    2284.000           1.0374
    2285.000           1.0364
    2286.000           1.0357
    2287.000           1.0355
    2288.000           1.0349
    2289.000           1.0352
    2290.000           1.0357
    2291.000           1.0353
    2292.000           1.0358
    2293.000           1.0367
    2294.000           1.0325
    2295.000           1.0346
    2296.000           1.0346
    2297.000           1.0325
    2298.000           1.0335
    2299.000           1.0319
    2300.000           1.0338
    2301.000           1.0346
    2302.000           1.0354
    2303.000           1.0385
    2304.000           1.0382
    2305.000           1.0375
    2306.000           1.0375
    2307.000           1.0380
    2308.000           1.0363
    2309.000           1.0372
    2310.000           1.0362
    2311.000           1.0351
    2312.000           1.0341
    2313.000           1.0341
    2314.000           1.0353
    2315.000           1.0353
    2316.000           1.0366
    2317.000           1.0369
    2318.000           1.0335
    2319.000           1.0330
    2320.000           1.0344
    2321.000           1.0347
    2322.000           1.0367
    2323.000           1.0372
    2324.000           1.0387
    2325.000           1.0395
    2326.000           1.0383
    2327.000           1.0373
    2328.000           1.0348
    2329.000           1.0371
    2330.000           1.0370
    2331.000           1.0362
    2332.000           1.0364
    2333.000           1.0372
    2334.000           1.0381
    2335.000           1.0385
    2336.000           1.0387
    2337.000           1.0389
    2338.000           1.0367
    2339.000           1.0361
    2340.000           1.0364
    2341.000           1.0357
    2342.000           1.0361
    2343.000           1.0367
    2344.000           1.0358
    2345.000           1.0346
    2346.000           1.0333
    2347.000           1.0345
    2348.000           1.0325
    2349.000           1.0340
    2350.000           1.0346
    2351.000           1.0338
    2352.000           1.0351
    2353.000           1.0342
    2354.000           1.0341
    2355.000           1.0345
    2356.000           1.0353
    2357.000           1.0334
    2358.000           1.0327
    2359.000           1.0329
    2360.000           1.0329
    2361.000           1.0346
    2362.000           1.0363
    2363.000           1.0357
    2364.000           1.0359
    2365.000           1.0338
    2366.000           1.0338
    2367.000           1.0327
    2368.000           1.0347
    2369.000           1.0361
    2370.000           1.0360
    2371.000           1.0342
    2372.000           1.0338
    2373.000           1.0335
    2374.000           1.0351
    2375.000           1.0328
    2376.000           1.0338
    2377.000           1.0333
    2378.000           1.0336
    2379.000           1.0330
    2380.000           1.0338
    2381.000           1.0330
    2382.000           1.0309
    2383.000           1.0315
    2384.000           1.0346
    2385.000           1.0364
    2386.000           1.0369
    2387.000           1.0373
    2388.000           1.0371
    2389.000           1.0374
    2390.000           1.0356
    2391.000           1.0342
    2392.000           1.0328
    2393.000           1.0368
    2394.000           1.0375
    2395.000           1.0360
    2396.000           1.0364
    2397.000           1.0341
    2398.000           1.0345
    2399.000           1.0348
    2400.000           1.0344
    2401.000           1.0352
    2402.000           1.0369
    2403.000           1.0368
    2404.000           1.0325
    2405.000           1.0329
    2406.000           1.0325
    2407.000           1.0344
    2408.000           1.0339
    2409.000           1.0349
    2410.000           1.0339
    2411.000           1.0348
    2412.000           1.0347
    2413.000           1.0325
    2414.000           1.0333
    2415.000           1.0330
    2416.000           1.0346
    2417.000           1.0358
    2418.000           1.0334
    2419.000           1.0338
    2420.000           1.0335
    2421.000           1.0340
    2422.000           1.0312
    2423.000           1.0308
    2424.000           1.0333
    2425.000           1.0326
    2426.000           1.0337
    2427.000           1.0326
    2428.000           1.0328
    2429.000           1.0323
    2430.000           1.0318
    2431.000           1.0335
    2432.000           1.0336
    2433.000           1.0335
    2434.000           1.0319
    2435.000           1.0321
    2436.000           1.0298
    2437.000           1.0323
    2438.000           1.0314
    2439.000           1.0316
    2440.000           1.0337
    2441.000           1.0342
    2442.000           1.0330
    2443.000           1.0328
    2444.000           1.0338
    2445.000           1.0334
    2446.000           1.0342
    2447.000           1.0343
    2448.000           1.0344
    2449.000           1.0356
    2450.000           1.0369
    2451.000           1.0362
    2452.000           1.0352
    2453.000           1.0336
    2454.000           1.0349
    2455.000           1.0345
    2456.000           1.0356
    2457.000           1.0356
    2458.000           1.0370
    2459.000           1.0368
    2460.000           1.0366
    2461.000           1.0372
    2462.000           1.0379
    2463.000           1.0383
    2464.000           1.0364
    2465.000           1.0359
    2466.000           1.0351
    2467.000           1.0329
    2468.000           1.0336
    2469.000           1.0337
    2470.000           1.0347
    2471.000           1.0330
    2472.000           1.0350
    2473.000           1.0352
    2474.000           1.0366
    2475.000           1.0351
    2476.000           1.0345
    2477.000           1.0359
    2478.000           1.0326
    2479.000           1.0321
    2480.000           1.0314
    2481.000           1.0340
    2482.000           1.0332
    2483.000           1.0335
    2484.000           1.0340
    2485.000           1.0329
    2486.000           1.0326
    2487.000           1.0344
    2488.000           1.0359
    2489.000           1.0363
    2490.000           1.0346
    2491.000           1.0334
    2492.000           1.0331
    2493.000           1.0331
    2494.000           1.0352
    2495.000           1.0353
    2496.000           1.0337
    2497.000           1.0348
    2498.000           1.0341
    2499.000           1.0321
    2500.000           1.0315
    2501.000           1.0317
    2502.000           1.0335
    2503.000           1.0334
    2504.000           1.0323
    2505.000           1.0334
    2506.000           1.0318
    2507.000           1.0335
    2508.000           1.0324
    2509.000           1.0328
    2510.000           1.0330
    2511.000           1.0339
    2512.000           1.0321
    2513.000           1.0311
    2514.000           1.0344
    2515.000           1.0367
    2516.000           1.0342
    2517.000           1.0324
    2518.000           1.0348
    2519.000           1.0346
    2520.000           1.0362
    2521.000           1.0364
    2522.000           1.0342
    2523.000           1.0328
    2524.000           1.0317
    2525.000           1.0317
    2526.000           1.0340
    2527.000           1.0346
    2528.000           1.0337
    2529.000           1.0327
    2530.000           1.0346
    2531.000           1.0351
    2532.000           1.0339
    2533.000           1.0356
    2534.000           1.0331
    2535.000           1.0327
    2536.000           1.0338
    2537.000           1.0341
    2538.000           1.0359
    2539.000           1.0354
    2540.000           1.0354
    2541.000           1.0358
    2542.000           1.0356
    2543.000           1.0359
    2544.000           1.0336
    2545.000           1.0322
    2546.000           1.0327
    2547.000           1.0314
    2548.000           1.0317
    2549.000           1.0338
    2550.000           1.0332
    2551.000           1.0350
    2552.000           1.0343
    2553.000           1.0338
    2554.000           1.0333
    2555.000           1.0337
    2556.000           1.0359
    2557.000           1.0371
    2558.000           1.0338
    2559.000           1.0331
    2560.000           1.0322
    2561.000           1.0329
    2562.000           1.0328
    2563.000           1.0328
    2564.000           1.0327
    2565.000           1.0332
    2566.000           1.0341
    2567.000           1.0316
    2568.000           1.0327
    2569.000           1.0343
    2570.000           1.0336
    2571.000           1.0340
    2572.000           1.0335
    2573.000           1.0338
    2574.000           1.0333
    2575.000           1.0350
    2576.000           1.0335
    2577.000           1.0327
    2578.000           1.0331
    2579.000           1.0326
    2580.000           1.0317
    2581.000           1.0326
    2582.000           1.0324
    2583.000           1.0315
    2584.000           1.0316
    2585.000           1.0314
    2586.000           1.0317
    2587.000           1.0335
    2588.000           1.0340
    2589.000           1.0353
    2590.000           1.0333
    2591.000           1.0331
    2592.000           1.0341
    2593.000           1.0350
    2594.000           1.0339
    2595.000           1.0339
    2596.000           1.0324
    2597.000           1.0348
    2598.000           1.0345
    2599.000           1.0326
    2600.000           1.0327
    2601.000           1.0346
    2602.000           1.0343
    2603.000           1.0325
    2604.000           1.0318
    2605.000           1.0343
    2606.000           1.0343
    2607.000           1.0338
    2608.000           1.0318
    2609.000           1.0311
    2610.000           1.0333
    2611.000           1.0318
    2612.000           1.0338
    2613.000           1.0360
    2614.000           1.0355
    2615.000           1.0346
    2616.000           1.0335
    2617.000           1.0336
    2618.000           1.0344
    2619.000           1.0349
    2620.000           1.0345
    2621.000           1.0328
    2622.000           1.0345
    2623.000           1.0348
    2624.000           1.0352
    2625.000           1.0340
    2626.000           1.0346
    2627.000           1.0340
    2628.000           1.0343
    2629.000           1.0347
    2630.000           1.0355
    2631.000           1.0344
    2632.000           1.0358
    2633.000           1.0354
    2634.000           1.0348
    2635.000           1.0363
    2636.000           1.0376
    2637.000           1.0373
    2638.000           1.0364
    2639.000           1.0350
    2640.000           1.0321
    2641.000           1.0318
    2642.000           1.0328
    2643.000           1.0329
    2644.000           1.0352
    2645.000           1.0366
    2646.000           1.0370
    2647.000           1.0374
    2648.000           1.0363
    2649.000           1.0341
    2650.000           1.0340
    2651.000           1.0349
    2652.000           1.0346
    2653.000           1.0319
    2654.000           1.0331
    2655.000           1.0342
    2656.000           1.0318
    2657.000           1.0323
    2658.000           1.0350
    2659.000           1.0358
    2660.000           1.0345
    2661.000           1.0349
    2662.000           1.0338
    2663.000           1.0357
    2664.000           1.0353
    2665.000           1.0369
    2666.000           1.0362
    2667.000           1.0357
    2668.000           1.0349
    2669.000           1.0366
    2670.000           1.0394
    2671.000           1.0376
    2672.000           1.0367
    2673.000           1.0359
    2674.000           1.0359
    2675.000           1.0371
    2676.000           1.0356
    2677.000           1.0343
    2678.000           1.0349
    2679.000           1.0335
    2680.000           1.0344
    2681.000           1.0332
    2682.000           1.0352
    2683.000           1.0361
    2684.000           1.0351
    2685.000           1.0349
    2686.000           1.0366
    2687.000           1.0352
    2688.000           1.0352
    2689.000           1.0377
    2690.000           1.0358
    2691.000           1.0356
    2692.000           1.0346
    2693.000           1.0338
    2694.000           1.0356
    2695.000           1.0325
    2696.000           1.0345
    2697.000           1.0347
    2698.000           1.0337
    2699.000           1.0353
    2700.000           1.0342
    2701.000           1.0345
    2702.000           1.0330
    2703.000           1.0330
    2704.000           1.0329
    2705.000           1.0328
    2706.000           1.0338
    2707.000           1.0326
    2708.000           1.0332
    2709.000           1.0350
    2710.000           1.0334
    2711.000           1.0343
    2712.000           1.0339
    2713.000           1.0362
    2714.000           1.0353
    2715.000           1.0337
    2716.000           1.0338
    2717.000           1.0352
    2718.000           1.0343
    2719.000           1.0358
    2720.000           1.0376
    2721.000           1.0374
    2722.000           1.0384
    2723.000           1.0366
    2724.000           1.0346
    2725.000           1.0352
    2726.000           1.0360
    2727.000           1.0370
    2728.000           1.0348
    2729.000           1.0358
    2730.000           1.0355
    2731.000           1.0338
    2732.000           1.0334
    2733.000           1.0352
    2734.000           1.0357
    2735.000           1.0350
    2736.000           1.0345
    2737.000           1.0346
    2738.000           1.0349
    2739.000           1.0356
    2740.000           1.0357
    2741.000           1.0358
    2742.000           1.0335
    2743.000           1.0332
    2744.000           1.0323
    2745.000           1.0350
    2746.000           1.0343
    2747.000           1.0351
    2748.000           1.0353
    2749.000           1.0347
    2750.000           1.0340
    2751.000           1.0332
    2752.000           1.0353
    2753.000           1.0342
    2754.000           1.0332
    2755.000           1.0325
    2756.000           1.0349
    2757.000           1.0324
    2758.000           1.0320
    2759.000           1.0344
    2760.000           1.0342
    2761.000           1.0326
    2762.000           1.0340
    2763.000           1.0346
    2764.000           1.0326
    2765.000           1.0331
    2766.000           1.0310
    2767.000           1.0321
    2768.000           1.0327
    2769.000           1.0352
    2770.000           1.0356
    2771.000           1.0343
    2772.000           1.0332
    2773.000           1.0338
    2774.000           1.0342
    2775.000           1.0344
    2776.000           1.0358
    2777.000           1.0364
    2778.000           1.0357
    2779.000           1.0334
    2780.000           1.0340
    2781.000           1.0334
    2782.000           1.0340
    2783.000           1.0319
    2784.000           1.0335
    2785.000           1.0338
    2786.000           1.0322
    2787.000           1.0357
    2788.000           1.0368
    2789.000           1.0360
    2790.000           1.0348
    2791.000           1.0353
    2792.000           1.0364
    2793.000           1.0345
    2794.000           1.0350
    2795.000           1.0357
    2796.000           1.0353
    2797.000           1.0350
    2798.000           1.0359
    2799.000           1.0357
    2800.000           1.0356
    2801.000           1.0346
    2802.000           1.0343
    2803.000           1.0353
    2804.000           1.0349
    2805.000           1.0350
    2806.000           1.0367
    2807.000           1.0376
    2808.000           1.0376
    2809.000           1.0361
    2810.000           1.0354
    2811.000           1.0375
    2812.000           1.0339
    2813.000           1.0331
    2814.000           1.0314
    2815.000           1.0295
    2816.000           1.0313
    2817.000           1.0319
    2818.000           1.0337
    2819.000           1.0331
    2820.000           1.0364
    2821.000           1.0358
    2822.000           1.0346
    2823.000           1.0335
    2824.000           1.0347
    2825.000           1.0327
    2826.000           1.0332
    2827.000           1.0342
    2828.000           1.0350
    2829.000           1.0347
    2830.000           1.0351
    2831.000           1.0356
    2832.000           1.0360
    2833.000           1.0351
    2834.000           1.0360
    2835.000           1.0345
    2836.000           1.0358
    2837.000           1.0348
    2838.000           1.0350
    2839.000           1.0348
    2840.000           1.0372
    2940.000           0.0015
    3040.000           0.0015
    3140.000           0.0015
    3240.000           0.0015
    3340.000           0.0015
    3440.000           0.0015
    3540.000           0.0015
    3640.000           0.0015
    3740.000           0.0015
    3840.000           0.0015
    3940.000           0.0015
    4040.000           0.0015
    4140.000           0.0015
    4240.000           0.0015
    4340.000           0.0015
    4440.000           0.0015
    4540.000           0.0015
    4640.000           0.0015
    4740.000           0.0015
    4840.000           0.0015
    4940.000           0.0015
