     141.000       19790.0430
     142.000       19517.8926
     143.000       19658.4062
     144.000       19735.6504
     145.000       19826.0391
     146.000       19704.8320
     147.000       19735.4824
     148.000       19780.7051
     149.000       19492.3809
     150.000       19593.9473
     151.000       19593.2871
     152.000       19712.5820
     153.000       19640.8789
     154.000       19742.0469
     155.000       19651.8926
     156.000       19640.1855
     157.000       19671.0996
     158.000       19656.4023
     159.000       19738.9902
     160.000       19815.2031
     161.000       19471.5938
     162.000       19509.9590
     163.000       19735.8262
     164.000       19542.3730
     165.000       19687.7754
     166.000       19551.2344
     167.000       19459.0781
     168.000       19723.9590
     169.000       19631.6855
     170.000       19574.0195
     171.000       19580.0156
     172.000       19762.3223
     173.000       19738.0332
     174.000       19772.4355
     175.000       19822.9863
     176.000       19606.2363
     177.000       19172.5547
     178.000       19644.3477
     179.000       19568.4688
     180.000       19730.9316
     181.000       19710.5293
     182.000       19391.4688
     183.000       19782.0000
     184.000       19814.3359
     185.000       19636.0508
     186.000       19660.4746
     187.000       19623.0684
     188.000       19602.5703
     189.000       19580.9121
     190.000       19626.8770
     191.000       19775.6855
     192.000       19680.1055
     193.000       19549.5918
     194.000       19484.2812
     195.000       19619.5508
     196.000       19646.8281
     197.000       19654.9805
     198.000       19722.2324
     199.000       19570.6934
     200.000       19589.9004
     201.000       19762.6855
     202.000       19388.0215
     203.000       19636.5430
     204.000       19512.8203
     205.000       19533.7969
     206.000       19768.9180
     207.000       19644.4824
     208.000       19551.4375
     209.000       19547.6348
     210.000       19564.7148
     211.000       19661.3418
     212.000       19723.0234
     213.000       19831.5527
     214.000       19794.2812
     215.000       19750.0801
     216.000       19669.2363
     217.000       19608.2031
     218.000       19540.3145
     219.000       19756.6367
     220.000       19730.1367
     221.000       19629.5430
     222.000       19725.9844
     223.000       19700.5215
     224.000       19892.7812
     225.000       19818.4805
     226.000       19678.6934
     227.000       19723.4453
     228.000       19558.8496
     229.000       19759.2539
     230.000       19479.5664
     231.000       19637.0840
     232.000       19369.2773
     233.000       19548.8047
     234.000       19796.2930
     235.000       19760.7598
     236.000       19663.3691
     237.000       19583.2363
     238.000       19609.5234
     239.000       19456.8848
     240.000       19549.5918
     241.000       19779.5664
     242.000       19615.2773
     243.000       19321.3359
     244.000       19791.4844
     245.000       19647.2500
     246.000       19734.9688
     247.000       19561.5352
     248.000       19558.4570
     249.000       19717.2324
     250.000       19592.1055
     251.000       19536.3633
     252.000       19620.5703
     253.000       19626.6055
     254.000       19541.9160
     255.000       19626.3125
     256.000       19872.3125
     257.000       19686.4531
     258.000       19527.0566
     259.000       19610.2090
     260.000       19673.7461
     261.000       19829.5840
     262.000       19727.8711
     263.000       19588.2754
     264.000       19586.4746
     265.000       19705.0117
     266.000       19697.2305
     267.000       19541.0977
     268.000       19598.2363
     269.000       19662.0625
     270.000       19421.4961
     271.000       19652.1816
     272.000       19661.6836
     273.000       19675.7441
     274.000       19566.0820
     275.000       19508.4746
     276.000       19502.6621
     277.000       19635.0098
     278.000       19539.9883
     279.000       19537.2109
     280.000       19437.8262
     281.000       19516.5488
     282.000       19510.8496
     283.000       19821.4355
     284.000       19539.3105
     285.000       19737.5137
     286.000       19699.3340
     287.000       19577.6191
     288.000       19597.0684
     289.000       19883.9473
     290.000       19603.6133
     291.000       19569.9238
     292.000       19726.9902
     293.000       19463.7441
     294.000       19532.7930
     295.000       19582.7734
     296.000       19782.2305
     297.000       19632.8047
     298.000       19596.1406
     299.000       19718.9805
     300.000       19489.0176
     301.000       19526.1387
     302.000       19714.1641
     303.000       19570.9883
     304.000       19525.0234
     305.000       19677.7188
     306.000       19534.8594
     307.000       19751.2988
     308.000       19535.7305
     309.000       19674.2734
     310.000       19616.9102
     311.000       19481.5430
     312.000       19606.8750
     313.000       19681.1973
     314.000       19437.9492
     315.000       19792.9512
     316.000       19629.9062
     317.000       19529.0547
     318.000       19683.3496
     319.000       19701.6309
     320.000       19724.5996
     321.000       19600.1289
     322.000       19472.9395
     323.000       19656.2031
     324.000       19728.1504
     325.000       19699.7969
     326.000       19806.3711
     327.000       19753.7031
     328.000       19606.7012
     329.000       19540.8457
     330.000       19568.3984
     331.000       19542.9512
     332.000       19591.8535
     333.000       19582.8906
     334.000       19608.0820
     335.000       19700.8281
     336.000       19551.8008
     337.000       19506.3184
     338.000       19610.8691
     339.000       19765.3203
     340.000       19710.2441
     341.000       19685.9219
     342.000       19763.1172
     343.000       19580.8730
     344.000       19672.1523
     345.000       19589.5879
     346.000       19667.9258
     347.000       19714.5859
     348.000       19633.6230
     349.000       19797.8145
     350.000       19510.9551
     351.000       19755.8008
     352.000       19605.5039
     353.000       19341.6270
     354.000       19698.9609
     355.000       19623.3398
     356.000       19674.5859
     357.000       19620.0996
     358.000       19740.3379
     359.000       19534.4238
     360.000       19668.4258
     361.000       19943.6191
     362.000       19653.6133
     363.000       19562.5000
     364.000       19636.7598
     365.000       19624.9688
     366.000       19401.1895
     367.000       19816.9004
     368.000       19541.4590
     369.000       19569.8535
     370.000       19517.0195
     371.000       19423.9531
     372.000       19481.0625
     373.000       19563.1934
     374.000       19740.6602
     375.000       19347.1016
     376.000       19668.1660
     377.000       19655.6309
     378.000       19672.8750
     379.000       19422.8672
     380.000       19736.9121
     381.000       19865.6230
     382.000       19702.3984
     383.000       19590.5430
     384.000       19757.6035
     385.000       19834.5742
     386.000       19900.7656
     387.000       19529.4844
     388.000       19701.2852
     389.000       19547.6289
     390.000       19697.4824
     391.000       19592.5898
     392.000       19666.3789
     393.000       19743.3691
     394.000       19358.1602
     395.000       19668.5391
     396.000       19617.9688
     397.000       19682.3750
     398.000       19668.5781
     399.000       19466.0195
     400.000       19617.9551
     401.000       19768.9922
     402.000       19698.6387
     403.000       20026.8145
     404.000       19642.3184
     405.000       19665.8535
     406.000       19620.2656
     407.000       19569.9277
     408.000       19470.3516
     409.000       19608.9570
     410.000       19548.7344
     411.000       19715.1230
     412.000       19706.7129
     413.000       19772.5605
     414.000       19482.3867
     415.000       19660.4902
     416.000       19600.1934
     417.000       19702.6953
     418.000       19607.5312
     419.000       19679.0254
     420.000       19774.8711
     421.000       19600.8359
     422.000       19678.8359
     423.000       19535.2578
     424.000       19786.9766
     425.000       19566.3906
     426.000       19575.7480
     427.000       19530.1699
     428.000       19777.4102
     429.000       19495.4883
     430.000       19439.6875
     431.000       19666.1582
     432.000       19857.3965
     433.000       19672.1719
     434.000       19410.9590
     435.000       19567.8711
     436.000       19777.8477
     437.000       19512.9199
     438.000       19648.9219
     439.000       19532.9961
     440.000       19773.8516
     441.000       19544.7695
     442.000       19511.0195
     443.000       19434.6562
     444.000       19381.2520
     445.000       19404.3477
     446.000       19777.1172
     447.000       19659.8359
     448.000       19772.2148
     449.000       19562.5332
     450.000       19741.4062
     451.000       19558.8164
     452.000       19541.4199
     453.000       19519.0566
     454.000       19792.1172
     455.000       19684.1523
     456.000       19763.4414
     457.000       19629.1719
     458.000       19786.2070
     459.000       19774.1289
     460.000       19737.3730
     461.000       19566.4844
     462.000       19565.8535
     463.000       19698.0469
     464.000       19597.0020
     465.000       19669.5449
     466.000       19651.6738
     467.000       19564.9922
     468.000       19599.4688
     469.000       19640.9316
     470.000       19605.5000
     471.000       19546.0918
     472.000       19634.5820
     473.000       19652.7695
     474.000       19717.7031
     475.000       19658.4531
     476.000       19467.3828
     477.000       19676.3418
     478.000       19687.2500
     479.000       19678.0371
     480.000       19683.3984
     481.000       19422.9570
     482.000       19667.7148
     483.000       19590.6680
     484.000       19565.3379
     485.000       19757.1523
     486.000       19735.5156
     487.000       19649.4297
     488.000       19534.8672
     489.000       19643.8008
     490.000       19709.1387
     491.000       19384.2852
     492.000       19576.9141
     493.000       19675.0410
     494.000       19518.4824
     495.000       19676.8340
     496.000       19669.7305
     497.000       19594.3887
     498.000       19425.9023
     499.000       19605.9570
     500.000       19645.6406
     501.000       19654.4727
     502.000       19752.6309
     503.000       19567.2148
     504.000       19638.3086
     505.000       19647.9102
     506.000       19649.6855
     507.000       19739.9590
     508.000       19880.4395
     509.000       19746.4629
     510.000       19831.6094
     511.000       19571.4922
     512.000       19961.1855
     513.000       19788.6875
     514.000       19505.5410
     515.000       19800.7773
     516.000       19592.2891
     517.000       19516.0605
     518.000       19548.0957
     519.000       19629.1426
     520.000       19653.4219
     521.000       19697.5098
     522.000       19674.7578
     523.000       19561.5117
     524.000       19516.4668
     525.000       19550.7148
     526.000       19669.9277
     527.000       19734.5098
     528.000       19650.1465
     529.000       19630.7539
     530.000       19859.8574
     531.000       19716.3535
     532.000       19474.1230
     533.000       19581.2754
     534.000       19759.8262
     535.000       19657.3105
     536.000       19689.9395
     537.000       19821.2305
     538.000       19595.5020
     539.000       19585.1211
     540.000       19369.1855
     541.000       19746.8418
     542.000       19366.0918
     543.000       19592.0469
     544.000       19792.2617
     545.000       19567.1113
     546.000       19620.9512
     547.000       19665.9766
     548.000       19567.2754
     549.000       19462.4082
     550.000       19723.5664
     551.000       19726.2871
     552.000       19463.6074
     553.000       19776.4746
     554.000       19562.6152
     555.000       19950.2715
     556.000       19378.9863
     557.000       19574.6230
     558.000       19775.7793
     559.000       19439.9922
     560.000       19451.1309
     561.000       19693.1152
     562.000       19561.9570
     563.000       19676.4414
     564.000       19382.2812
     565.000       19323.9531
     566.000       19820.3633
     567.000       19634.6484
     568.000       19554.6738
     569.000       19667.8652
     570.000       19786.8398
     571.000       19468.1777
     572.000       19661.1523
     573.000       19584.5762
     574.000       19727.8848
     575.000       19713.1191
     576.000       19671.0293
     577.000       19576.8008
     578.000       19617.0957
     579.000       19765.9414
     580.000       19713.1387
     581.000       19662.8398
     582.000       19574.6406
     583.000       19828.4668
     584.000       19799.4863
     585.000       19601.3926
     586.000       19829.1914
     587.000       19738.0430
     588.000       19841.0469
     589.000       19592.7617
     590.000       19621.6133
     591.000       19811.6719
     592.000       19662.3027
     593.000       19752.6133
     594.000       19676.2852
     595.000       19570.0234
     596.000       19619.5371
     597.000       19599.7266
     598.000       19511.0684
     599.000       19708.6406
     600.000       19541.4609
     601.000       19517.5195
     602.000       19542.8242
     603.000       19746.7891
     604.000       19652.0312
     605.000       19840.6328
     606.000       19579.5410
     607.000       19717.3301
     608.000       19568.7715
     609.000       19635.5645
     610.000       19588.1602
     611.000       19607.0293
     612.000       19649.8496
     613.000       19516.8125
     614.000       19645.5977
     615.000       19573.9922
     616.000       19597.4648
     617.000       19577.8945
     618.000       19563.4707
     619.000       19713.5039
     620.000       19574.5840
     621.000       19672.3027
     622.000       19422.1738
     623.000       19569.1543
     624.000       19833.9648
     625.000       19646.6250
     626.000       19464.6387
     627.000       19798.7930
     628.000       19735.5020
     629.000       19710.7910
     630.000       19807.8613
     631.000       19606.9785
     632.000       19684.7441
     633.000       19760.3359
     634.000       19619.5488
     635.000       19785.1895
     636.000       19706.5938
     637.000       19608.9062
     638.000       19523.7559
     639.000       19582.7539
     640.000       19676.3418
     641.000       19633.3906
     642.000       19654.1094
     643.000       19648.7656
     644.000       19586.9668
     645.000       19877.2539
     646.000       19627.8281
     647.000       19480.6387
     648.000       19729.5703
     649.000       19758.5195
     650.000       19633.4277
     651.000       19711.1680
     652.000       19830.6250
     653.000       19716.8242
     654.000       19655.2207
     655.000       19633.4141
     656.000       19714.3926
     657.000       19692.4004
     658.000       19604.8066
     659.000       19619.9785
     660.000       19607.4844
     661.000       19486.1152
     662.000       19786.7617
     663.000       19800.0781
     664.000       19560.2930
     665.000       19857.2754
     666.000       19593.3457
     667.000       19733.7988
     668.000       19653.4629
     669.000       19812.3047
     670.000       19536.1094
     671.000       19620.5723
     672.000       19528.4512
     673.000       19701.3535
     674.000       19624.3652
     675.000       19598.4512
     676.000       19747.9668
     677.000       19530.1758
     678.000       19406.1406
     679.000       19597.5996
     680.000       19767.7988
     681.000       19650.3770
     682.000       19511.6680
     683.000       19654.9453
     684.000       19612.9902
     685.000       19431.1074
     686.000       19511.3613
     687.000       19733.0254
     688.000       19522.3438
     689.000       19834.3184
     690.000       19572.4258
     691.000       19532.4453
     692.000       19623.5918
     693.000       19680.4570
     694.000       19598.7031
     695.000       19552.1406
     696.000       19753.5645
     697.000       19529.1602
     698.000       19862.6836
     699.000       19648.0840
     700.000       19751.7754
     701.000       19688.3652
     702.000       19752.6973
     703.000       19784.5605
     704.000       19621.7520
     705.000       19714.6172
     706.000       19653.6914
     707.000       19541.0527
     708.000       19814.3984
     709.000       19741.4746
     710.000       19619.9609
     711.000       19515.3125
     712.000       19579.0039
     713.000       19753.0352
     714.000       19858.6348
     715.000       19567.6387
     716.000       19596.9199
     717.000       19550.0469
     718.000       19566.5840
     719.000       19672.2070
     720.000       19562.7773
     721.000       19542.6582
     722.000       19576.4180
     723.000       19697.7812
     724.000       19721.2617
     725.000       19550.4512
     726.000       19664.8867
     727.000       19719.1973
     728.000       19798.3945
     729.000       19584.9980
     730.000       19586.4199
     731.000       19629.3164
     732.000       19773.1875
     733.000       19551.0605
     734.000       19704.3672
     735.000       19449.5801
     736.000       19697.6367
     737.000       19692.4824
     738.000       19591.0859
     739.000       19524.8281
     740.000       19628.8516
     741.000       19618.1758
     742.000       19379.3262
     743.000       19694.4551
     744.000       19654.3203
     745.000       19615.4355
     746.000       19790.5332
     747.000       19747.2031
     748.000       19590.4648
     749.000       19646.5977
     750.000       19707.8711
     751.000       19684.4746
     752.000       19557.3242
     753.000       19606.1641
     754.000       19847.4707
     755.000       19739.6270
     756.000       19594.4141
     757.000       19490.4102
     758.000       19605.3945
     759.000       19523.6387
     760.000       19624.1387
     761.000       19631.0293
     762.000       19684.3711
     763.000       19584.3086
     764.000       19680.7754
     765.000       19532.3633
     766.000       19437.7559
     767.000       19773.1484
     768.000       19541.4219
     769.000       19694.3438
     770.000       19720.3828
     771.000       19462.8887
     772.000       19471.0723
     773.000       19750.8750
     774.000       19824.2578
     775.000       19681.1602
     776.000       19492.8320
     777.000       19690.9766
     778.000       19744.0332
     779.000       19458.6445
     780.000       19568.0137
     781.000       19764.0039
     782.000       19780.7188
     783.000       19670.0410
     784.000       19707.4941
     785.000       19768.9414
     786.000       19864.9961
     787.000       19648.6035
     788.000       19794.4941
     789.000       19724.4277
     790.000       19780.3008
     791.000       19812.3086
     792.000       19621.4824
     793.000       19538.0156
     794.000       19511.1797
     795.000       19655.0254
     796.000       19636.8828
     797.000       19676.1211
     798.000       19769.6992
     799.000       19664.1172
     800.000       19740.5352
     801.000       19682.1602
     802.000       19643.4258
     803.000       19798.6055
     804.000       19653.3379
     805.000       19715.6289
     806.000       19671.7148
     807.000       19560.2852
     808.000       19839.1953
     809.000       19615.8320
     810.000       19720.7344
     811.000       19794.6250
     812.000       19777.6738
     813.000       19581.9590
     814.000       19556.7812
     815.000       19806.6211
     816.000       19641.2109
     817.000       19781.5449
     818.000       19625.8516
     819.000       19523.0273
     820.000       19767.8418
     821.000       19623.9219
     822.000       19816.7148
     823.000       19668.0391
     824.000       19666.3066
     825.000       19665.1387
     826.000       19628.1289
     827.000       19598.4980
     828.000       19523.0020
     829.000       19475.5176
     830.000       19686.0859
     831.000       19624.6094
     832.000       19763.9570
     833.000       19583.7305
     834.000       19779.1875
     835.000       19661.8926
     836.000       19543.2812
     837.000       19812.6836
     838.000       19561.4414
     839.000       19654.7500
     840.000       19699.0820
     841.000       19750.8418
     842.000       19604.6445
     843.000       19356.5977
     844.000       19583.5605
     845.000       19745.1621
     846.000       19590.1523
     847.000       19517.4375
     848.000       19799.9297
     849.000       19798.3438
     850.000       19558.6367
     851.000       19688.0352
     852.000       19674.2754
     853.000       19696.5859
     854.000       19536.2773
     855.000       19488.1309
     856.000       19579.8145
     857.000       19739.9727
     858.000       19559.5410
     859.000       19638.5859
     860.000       19553.9062
     861.000       19836.6289
     862.000       19601.0469
     863.000       19555.2656
     864.000       19673.5723
     865.000       19446.5117
     866.000       19657.8516
     867.000       19606.5762
     868.000       19649.1270
     869.000       19715.7656
     870.000       19489.5176
     871.000       19794.5879
     872.000       19636.6387
     873.000       19661.8906
     874.000       19656.3809
     875.000       19674.9219
     876.000       19654.5859
     877.000       19599.4590
     878.000       19457.5977
     879.000       19868.9473
     880.000       19735.5449
     881.000       19780.7109
     882.000       19489.3691
     883.000       19554.3047
     884.000       19611.4629
     885.000       19694.8086
     886.000       19534.6133
     887.000       19672.9531
     888.000       19625.1465
     889.000       19591.2207
     890.000       19693.2539
     891.000       19602.5957
     892.000       19576.6758
     893.000       19601.0664
     894.000       19403.8770
     895.000       19703.4277
     896.000       19622.3770
     897.000       19544.0234
     898.000       19515.9160
     899.000       19643.4512
     900.000       19523.4395
     901.000       19817.8730
     902.000       19609.1055
     903.000       19583.2246
     904.000       19801.8262
     905.000       19673.0996
     906.000       19713.3164
     907.000       19796.5312
     908.000       19785.8867
     909.000       19722.2402
     910.000       19719.5000
     911.000       19657.8477
     912.000       19850.2598
     913.000       19674.6934
     914.000       19674.5957
     915.000       19548.9824
     916.000       19839.4238
     917.000       19633.0918
     918.000       19617.2676
     919.000       19445.2871
     920.000       19373.2812
     921.000       19653.2637
     922.000       19507.0605
     923.000       19596.0996
     924.000       19761.2090
     925.000       19622.4043
     926.000       19516.6367
     927.000       19695.8281
     928.000       19682.3555
     929.000       19514.5234
     930.000       19622.0059
     931.000       19857.4531
     932.000       19610.2207
     933.000       19733.8574
     934.000       19757.4082
     935.000       19624.0117
     936.000       19607.1855
     937.000       19540.8418
     938.000       19447.3184
     939.000       19643.6992
     940.000       19721.0703
     941.000       19709.5879
     942.000       19457.3984
     943.000       19839.1387
     944.000       19731.6211
     945.000       19606.1582
     946.000       19617.8320
     947.000       19648.1992
     948.000       19721.5820
     949.000       19708.0801
     950.000       19565.8262
     951.000       19614.8262
     952.000       19534.4297
     953.000       19579.1289
     954.000       19693.2617
     955.000       19456.6484
     956.000       19641.9004
     957.000       19499.1191
     958.000       19617.4531
     959.000       19688.0352
     960.000       19673.7207
     961.000       19768.2676
     962.000       19676.8477
     963.000       19597.7227
     964.000       19708.3340
     965.000       19734.0098
     966.000       19798.0371
     967.000       19660.4961
     968.000       19715.4023
     969.000       19682.0645
     970.000       19570.8281
     971.000       19466.8867
     972.000       19634.0547
     973.000       19739.7266
     974.000       19643.6836
     975.000       19462.1680
     976.000       19630.2695
     977.000       19386.9238
     978.000       19675.6855
     979.000       19534.3066
     980.000       19640.9180
     981.000       19882.8672
     982.000       19610.2012
     983.000       19567.4609
     984.000       19782.6152
     985.000       19682.9824
     986.000       19706.3496
     987.000       19682.7031
     988.000       19386.4629
     989.000       19435.2910
     990.000       19509.7090
     991.000       19791.1680
     992.000       19675.3379
     993.000       19731.1055
     994.000       19830.1562
     995.000       19673.7949
     996.000       19797.9980
     997.000       19761.4922
     998.000       19646.4727
     999.000       19545.2637
    1000.000       19550.6348
    1001.000       19703.7969
    1002.000       19805.7598
    1003.000       19886.9375
    1004.000       19596.1504
    1005.000       19851.1562
    1006.000       19597.1562
    1007.000       19555.4492
    1008.000       19534.6133
    1009.000       19614.8652
    1010.000       19642.7324
    1011.000       19852.1289
    1012.000       19598.9023
    1013.000       19529.2578
    1014.000       19537.5195
    1015.000       19864.3262
    1016.000       19714.9453
    1017.000       19862.3828
    1018.000       19580.0391
    1019.000       19659.1875
    1020.000       19713.7520
    1021.000       19667.4785
    1022.000       19614.1992
    1023.000       19458.8711
    1024.000       19619.4121
    1025.000       19704.1602
    1026.000       19705.3672
    1027.000       19516.2012
    1028.000       19651.0820
    1029.000       19791.2344
    1030.000       19772.3516
    1031.000       19830.0273
    1032.000       19492.9160
    1033.000       19651.1973
    1034.000       19436.8730
    1035.000       19690.8262
    1036.000       19528.8809
    1037.000       19749.5039
    1038.000       19698.3301
    1039.000       19611.3750
    1040.000       19710.3945
    1041.000       19669.3105
    1042.000       19876.3066
    1043.000       19595.8730
    1044.000       19536.6328
    1045.000       19503.4102
    1046.000       19407.4551
    1047.000       19464.3320
    1048.000       19735.8750
    1049.000       19850.5625
    1050.000       19595.3828
    1051.000       19695.2930
    1052.000       19711.9941
    1053.000       19641.6270
    1054.000       19626.3906
    1055.000       19688.4004
    1056.000       19558.6309
    1057.000       19539.7676
    1058.000       19709.6406
    1059.000       19722.4141
    1060.000       19708.7969
    1061.000       19680.8809
    1062.000       19649.0938
    1063.000       19831.2988
    1064.000       19559.3105
    1065.000       19676.8926
    1066.000       19797.9434
    1067.000       19674.0273
    1068.000       19847.4824
    1069.000       19480.1953
    1070.000       19750.8086
    1071.000       19656.0938
    1072.000       19616.4805
    1073.000       19684.7129
    1074.000       19439.3594
    1075.000       19603.7012
    1076.000       19729.4277
    1077.000       19735.5508
    1078.000       19748.6387
    1079.000       19556.6133
    1080.000       19699.1992
    1081.000       19700.8086
    1082.000       19665.6016
    1083.000       19651.0840
    1084.000       19618.4492
    1085.000       19748.4961
    1086.000       19585.0000
    1087.000       19735.8906
    1088.000       19586.9766
    1089.000       19621.3672
    1090.000       19662.0820
    1091.000       19611.5430
    1092.000       19585.5195
    1093.000       19588.6094
    1094.000       19623.4941
    1095.000       19730.4980
    1096.000       19754.1641
    1097.000       19423.7266
    1098.000       19683.2949
    1099.000       19605.4902
    1100.000       19684.9023
    1101.000       19622.6855
    1102.000       19703.2578
    1103.000       19327.3027
    1104.000       19647.0469
    1105.000       19652.1289
    1106.000       19655.0234
    1107.000       19651.3262
    1108.000       19627.9297
    1109.000       19584.2129
    1110.000       19676.8613
    1111.000       19501.0312
    1112.000       19760.9492
    1113.000       19695.2480
    1114.000       19576.3359
    1115.000       19686.7148
    1116.000       19771.1426
    1117.000       19727.5117
    1118.000       19745.8770
    1119.000       19736.3750
    1120.000       19541.7949
    1121.000       19774.2539
    1122.000       19808.1348
    1123.000       19510.2949
    1124.000       19706.9824
    1125.000       19674.9355
    1126.000       19679.2656
    1127.000       19728.3496
    1128.000       19586.9902
    1129.000       19682.1113
    1130.000       19714.7559
    1131.000       19718.2500
    1132.000       19422.8555
    1133.000       19694.3164
    1134.000       19548.1426
    1135.000       19688.6680
    1136.000       19539.5117
    1137.000       19387.8184
    1138.000       19642.2617
    1139.000       19638.1406
    1140.000       19792.0527
    1141.000       19702.4688
    1142.000       19708.0000
    1143.000       19726.5352
    1144.000       19516.9688
    1145.000       19597.6777
    1146.000       19524.3105
    1147.000       19719.4707
    1148.000       19711.7871
    1149.000       19543.7988
    1150.000       19717.4531
    1151.000       19435.7695
    1152.000       19543.8496
    1153.000       19540.0879
    1154.000       19674.3809
    1155.000       19728.2324
    1156.000       19490.7715
    1157.000       19700.1504
    1158.000       19532.6816
    1159.000       19597.0371
    1160.000       19556.3281
    1161.000       19704.6680
    1162.000       19648.8438
    1163.000       19701.6934
    1164.000       19547.8340
    1165.000       19739.5059
    1166.000       19573.1016
    1167.000       19711.8750
    1168.000       19596.2246
    1169.000       19680.3086
    1170.000       19509.1680
    1171.000       19666.7383
    1172.000       19739.8242
    1173.000       19638.4805
    1174.000       19504.1660
    1175.000       19382.1367
    1176.000       19561.7461
    1177.000       19434.9648
    1178.000       19699.4023
    1179.000       19746.7852
    1180.000       19636.4160
    1181.000       19546.9414
    1182.000       19546.1387
    1183.000       19688.1094
    1184.000       19687.7910
    1185.000       19736.7012
    1186.000       19463.0859
    1187.000       19634.4277
    1188.000       19541.2500
    1189.000       19643.3652
    1190.000       19503.2695
    1191.000       19602.6406
    1192.000       19590.4238
    1193.000       19552.0586
    1194.000       19620.8457
    1195.000       19531.9668
    1196.000       19643.8477
    1197.000       19577.3164
    1198.000       19461.8711
    1199.000       19648.9512
    1200.000       19732.5137
    1201.000       19664.5957
    1202.000       19540.5938
    1203.000       19568.6406
    1204.000       19452.6562
    1205.000       19458.6602
    1206.000       19652.2402
    1207.000       19589.9648
    1208.000       19845.0625
    1209.000       19684.6445
    1210.000       19706.8457
    1211.000       19869.0391
    1212.000       19439.9082
    1213.000       19835.1484
    1214.000       19707.6348
    1215.000       19569.6367
    1216.000       19615.2129
    1217.000       19608.7539
    1218.000       19713.9102
    1219.000       19664.0957
    1220.000       19481.4707
    1221.000       19685.4727
    1222.000       19591.7910
    1223.000       19779.5957
    1224.000       19742.9238
    1225.000       19615.8320
    1226.000       19506.0371
    1227.000       19652.2852
    1228.000       19754.9648
    1229.000       19694.9941
    1230.000       19659.8594
    1231.000       19641.2188
    1232.000       19628.3730
    1233.000       19662.0664
    1234.000       19575.6348
    1235.000       19718.9512
    1236.000       19572.9434
    1237.000       19429.0762
    1238.000       19460.1094
    1239.000       19796.0977
    1240.000       19483.6230
    1241.000       19537.5234
    1242.000       19557.8301
    1243.000       19607.1934
    1244.000       19722.0000
    1245.000       19695.6914
    1246.000       19571.7754
    1247.000       19578.9609
    1248.000       19656.6953
    1249.000       19529.1797
    1250.000       19764.5312
    1251.000       19714.2656
    1252.000       19598.6367
    1253.000       19479.0449
    1254.000       19547.3184
    1255.000       19783.6562
    1256.000       19544.7168
    1257.000       19760.1641
    1258.000       19683.9727
    1259.000       19664.1465
    1260.000       19600.2246
    1261.000       19853.8340
    1262.000       19690.0840
    1263.000       19518.6973
    1264.000       19587.1582
    1265.000       19555.1895
    1266.000       19673.5078
    1267.000       19764.5137
    1268.000       19714.2969
    1269.000       19596.0391
    1270.000       19772.2988
    1271.000       19470.2656
    1272.000       19511.5547
    1273.000       19675.4082
    1274.000       19652.5586
    1275.000       19490.6270
    1276.000       19613.8672
    1277.000       19507.6133
    1278.000       19566.2070
    1279.000       19511.3281
    1280.000       19562.2070
    1281.000       19811.8770
    1282.000       19714.5781
    1283.000       19759.6055
    1284.000       19526.3477
    1285.000       19632.1016
    1286.000       19736.9082
    1287.000       19522.4727
    1288.000       19758.9219
    1289.000       19705.7578
    1290.000       19487.1875
    1291.000       19825.7754
    1292.000       19526.8496
    1293.000       19586.5469
    1294.000       19549.9941
    1295.000       19740.7363
    1296.000       19550.0332
    1297.000       19675.5723
    1298.000       19820.9688
    1299.000       19437.9492
    1300.000       19532.8301
    1301.000       19647.6562
    1302.000       19828.1094
    1303.000       19671.6777
    1304.000       19619.8184
    1305.000       19453.1426
    1306.000       19501.6758
    1307.000       19659.9727
    1308.000       19808.3535
    1309.000       19595.5645
    1310.000       19645.1816
    1311.000       19712.5840
    1312.000       19675.0371
    1313.000       19649.6172
    1314.000       19731.4004
    1315.000       19647.6875
    1316.000       19632.8496
    1317.000       19698.2402
    1318.000       19681.7246
    1319.000       19581.3867
    1320.000       19799.0352
    1321.000       19539.1758
    1322.000       19816.0488
    1323.000       19596.8145
    1324.000       19445.7637
    1325.000       19800.4160
    1326.000       19390.7520
    1327.000       19542.1289
    1328.000       19599.8848
    1329.000       19807.2227
    1330.000       19647.7852
    1331.000       19692.9727
    1332.000       19570.4355
    1333.000       19352.0508
    1334.000       19576.6602
    1335.000       19670.9180
    1336.000       19630.2871
    1337.000       19653.8516
    1338.000       19604.3906
    1339.000       19845.4219
    1340.000       19516.8320
    1341.000       19724.9062
    1342.000       19708.2383
    1343.000       19540.8496
    1344.000       19562.9277
    1345.000       19684.1016
    1346.000       19576.9629
    1347.000       19624.3750
    1348.000       19686.6152
    1349.000       19436.3867
    1350.000       19438.3613
    1351.000       19632.2539
    1352.000       19748.0117
    1353.000       19546.2715
    1354.000       19630.9766
    1355.000       19761.1348
    1356.000       19522.1523
    1357.000       19825.3379
    1358.000       19588.3848
    1359.000       19610.0039
    1360.000       19586.1719
    1361.000       19596.6250
    1362.000       19748.4844
    1363.000       19506.4004
    1364.000       19576.5625
    1365.000       19570.8281
    1366.000       19642.9844
    1367.000       19600.0566
    1368.000       19655.1875
    1369.000       19470.0645
    1370.000       19511.1348
    1371.000       19613.4180
    1372.000       19732.3965
    1373.000       19618.3438
    1374.000       19536.0820
    1375.000       19803.3594
    1376.000       19571.2891
    1377.000       19634.8809
    1378.000       19549.5527
    1379.000       19671.8242
    1380.000       19575.2578
    1381.000       19567.8125
    1382.000       19730.4551
    1383.000       19411.4141
    1384.000       19676.0957
    1385.000       19468.3711
    1386.000       19600.9062
    1387.000       19472.8535
    1388.000       19569.0176
    1389.000       19815.3594
    1390.000       19389.0898
    1391.000       19748.4199
    1392.000       19711.1074
    1393.000       19729.4160
    1394.000       19546.4961
    1395.000       19622.2754
    1396.000       19584.6855
    1397.000       19673.3340
    1398.000       19776.0664
    1399.000       19590.7520
    1400.000       19685.3789
    1401.000       19688.2812
    1402.000       19604.7305
    1403.000       19729.2266
    1404.000       19676.5820
    1405.000       19562.8418
    1406.000       19591.9355
    1407.000       19520.6523
    1408.000       19658.3027
    1409.000       19400.8691
    1410.000       19710.9434
    1411.000       19533.7734
    1412.000       19589.8438
    1413.000       19678.3809
    1414.000       19616.9395
    1415.000       19712.4980
    1416.000       19598.1289
    1417.000       19771.5703
    1418.000       19881.2051
    1419.000       19504.4004
    1420.000       19532.9434
    1421.000       19645.2402
    1422.000       19637.7891
    1423.000       19621.9922
    1424.000       19787.5449
    1425.000       19745.4277
    1426.000       19808.2715
    1427.000       19608.9375
    1428.000       19628.7949
    1429.000       19611.2695
    1430.000       19657.9551
    1431.000       19674.9355
    1432.000       19658.7109
    1433.000       19667.7324
    1434.000       19790.0137
    1435.000       19591.0137
    1436.000       19685.3008
    1437.000       19601.4980
    1438.000       19632.9160
    1439.000       19595.0469
    1440.000       19638.2344
    1441.000       19623.9375
    1442.000       19619.3848
    1443.000       19656.7461
    1444.000       19709.7539
    1445.000       19842.6445
    1446.000       19682.6289
    1447.000       19670.7285
    1448.000       19722.4922
    1449.000       19765.8418
    1450.000       19537.1699
    1451.000       19642.6426
    1452.000       19700.7891
    1453.000       19731.9746
    1454.000       19739.4648
    1455.000       19680.5000
    1456.000       19747.3691
    1457.000       19713.0137
    1458.000       19587.6797
    1459.000       19575.4570
    1460.000       19836.4609
    1461.000       19393.9316
    1462.000       19496.0059
    1463.000       19726.8086
    1464.000       19658.8789
    1465.000       19633.5938
    1466.000       19615.5918
    1467.000       19556.9043
    1468.000       19559.5527
    1469.000       19703.7617
    1470.000       19516.8438
    1471.000       19473.6602
    1472.000       19546.9395
    1473.000       19604.4141
    1474.000       19611.0488
    1475.000       19748.3770
    1476.000       19656.8027
    1477.000       19680.9785
    1478.000       19560.2949
    1479.000       19625.1387
    1480.000       19644.4531
    1481.000       19793.0176
    1482.000       19499.3320
    1483.000       19733.2988
    1484.000       19983.3438
    1485.000       19511.8867
    1486.000       19520.2754
    1487.000       19549.8574
    1488.000       19659.5000
    1489.000       19763.8086
    1490.000       19644.8027
    1491.000       19637.5234
    1492.000       19570.5469
    1493.000       19511.5938
    1494.000       19649.9668
    1495.000       19628.1953
    1496.000       19912.1230
    1497.000       19545.7734
    1498.000       19886.2656
    1499.000       19693.8770
    1500.000       19634.9922
    1501.000       19537.3984
    1502.000       19513.1484
    1503.000       19712.7148
    1504.000       19534.3164
    1505.000       19720.9160
    1506.000       19577.5332
    1507.000       19774.7148
    1508.000       19758.0195
    1509.000       19762.2402
    1510.000       19754.7910
    1511.000       19540.1016
    1512.000       19702.2344
    1513.000       19798.5625
    1514.000       19609.2285
    1515.000       19674.1035
    1516.000       19523.3398
    1517.000       19803.8965
    1518.000       19825.1641
    1519.000       19612.3750
    1520.000       19702.3496
    1521.000       19539.0020
    1522.000       19649.9688
    1523.000       19540.4883
    1524.000       19722.0430
    1525.000       19520.6172
    1526.000       19612.5488
    1527.000       19543.2402
    1528.000       19736.9805
    1529.000       19695.8672
    1530.000       19754.9980
    1531.000       19695.4453
    1532.000       19737.8945
    1533.000       19576.7480
    1534.000       19773.5215
    1535.000       19633.9824
    1536.000       19784.4746
    1537.000       19732.5352
    1538.000       19768.4883
    1539.000       19567.8711
    1540.000       19615.7520
    1541.000       19437.5234
    1542.000       19505.0020
    1543.000       19629.0957
    1544.000       19453.9863
    1545.000       19689.6855
    1546.000       19453.7617
    1547.000       19498.4355
    1548.000       19702.6406
    1549.000       19619.8242
    1550.000       19728.2598
    1551.000       19599.1367
    1552.000       19691.7070
    1553.000       19625.5312
    1554.000       19585.8125
    1555.000       19720.9805
    1556.000       19576.1094
    1557.000       19609.2715
    1558.000       19584.7207
    1559.000       19615.2578
    1560.000       19804.4238
    1561.000       19633.9375
    1562.000       19707.9492
    1563.000       19568.2949
    1564.000       19657.1543
    1565.000       19708.6191
    1566.000       19577.1777
    1567.000       19722.0859
    1568.000       19595.5078
    1569.000       19636.8730
    1570.000       19508.3594
    1571.000       19545.1309
    1572.000       19793.7539
    1573.000       19394.0586
    1574.000       19631.1836
    1575.000       19719.6816
    1576.000       19488.0137
    1577.000       19750.5195
    1578.000       19643.2480
    1579.000       19462.8242
    1580.000       19676.0332
    1581.000       19773.4512
    1582.000       19836.1484
    1583.000       19628.5547
    1584.000       19522.6875
    1585.000       19602.7969
    1586.000       19591.7988
    1587.000       19695.4980
    1588.000       19688.2188
    1589.000       19483.0488
    1590.000       19682.6680
    1591.000       19641.0586
    1592.000       19657.5801
    1593.000       19660.7754
    1594.000       19608.3594
    1595.000       19904.8770
    1596.000       19644.1855
    1597.000       19813.1660
    1598.000       19629.5820
    1599.000       19786.9121
    1600.000       19747.1348
    1601.000       19670.2168
    1602.000       19783.8223
    1603.000       19701.3691
    1604.000       19576.8965
    1605.000       19854.6816
    1606.000       19807.1484
    1607.000       19479.4414
    1608.000       19578.1055
    1609.000       19777.1055
    1610.000       19674.1426
    1611.000       19603.7852
    1612.000       19582.0742
    1613.000       19671.3613
    1614.000       19635.4766
    1615.000       19666.3984
    1616.000       19561.7578
    1617.000       19528.9199
    1618.000       19649.3105
    1619.000       19616.7383
    1620.000       19684.3281
    1621.000       19505.4141
    1622.000       19677.1914
    1623.000       19721.2344
    1624.000       19662.8867
    1625.000       19551.0820
    1626.000       19557.4004
    1627.000       19615.5879
    1628.000       19442.2617
    1629.000       19598.0410
    1630.000       19744.4492
    1631.000       19505.8652
    1632.000       19670.6191
    1633.000       19353.3359
    1634.000       19690.5879
    1635.000       19692.0449
    1636.000       19695.4336
    1637.000       19324.0059
    1638.000       19627.8672
    1639.000       19559.9414
    1640.000       19661.4980
    1641.000       19557.3047
    1642.000       19699.6035
    1643.000       19577.1875
    1644.000       19657.3652
    1645.000       19587.8125
    1646.000       19594.8828
    1647.000       19538.3711
    1648.000       19593.1133
    1649.000       19544.0293
    1650.000       19502.8164
    1651.000       19590.6719
    1652.000       19550.0176
    1653.000       19482.2773
    1654.000       19439.3516
    1655.000       19449.4531
    1656.000       19480.0859
    1657.000       19754.6055
    1658.000       19620.0078
    1659.000       19643.1504
    1660.000       19683.8789
    1661.000       19720.4824
    1662.000       19651.6621
    1663.000       19644.5898
    1664.000       19625.4395
    1665.000       19573.6387
    1666.000       19609.4062
    1667.000       19681.7715
    1668.000       19742.6074
    1669.000       19390.1816
    1670.000       19621.5215
    1671.000       19495.6875
    1672.000       19719.4062
    1673.000       19551.6465
    1674.000       19653.6445
    1675.000       19557.5918
    1676.000       19422.0195
    1677.000       19622.9414
    1678.000       19870.7031
    1679.000       19723.2988
    1680.000       19721.4043
    1681.000       19744.5918
    1682.000       19628.7422
    1683.000       19680.3691
    1684.000       19745.3359
    1685.000       19779.4395
    1686.000       19635.0781
    1687.000       19548.4531
    1688.000       19594.4688
    1689.000       19454.2617
    1690.000       19662.6719
    1691.000       19740.2500
    1692.000       19653.0547
    1693.000       19794.5547
    1694.000       19856.5312
    1695.000       19794.2969
    1696.000       19676.2148
    1697.000       19484.4961
    1698.000       19591.8711
    1699.000       19688.7754
    1700.000       19671.7578
    1701.000       19695.7148
    1702.000       19922.6406
    1703.000       19768.2031
    1704.000       19456.3496
    1705.000       19717.7793
    1706.000       19431.9902
    1707.000       19426.6895
    1708.000       19553.4395
    1709.000       19517.2773
    1710.000       19801.6562
    1711.000       19409.7871
    1712.000       19822.8203
    1713.000       19713.2754
    1714.000       19711.7715
    1715.000       19702.0215
    1716.000       19583.0195
    1717.000       19652.5840
    1718.000       19567.0078
    1719.000       19672.7305
    1720.000       19760.0469
    1721.000       19635.0215
    1722.000       19781.4531
    1723.000       19555.0996
    1724.000       19565.0508
    1725.000       19746.2031
    1726.000       19522.1875
    1727.000       19516.4883
    1728.000       19680.4062
    1729.000       19653.5820
    1730.000       19985.0586
    1731.000       19660.9355
    1732.000       19511.0098
    1733.000       19695.1816
    1734.000       19820.8359
    1735.000       19667.6797
    1736.000       19598.3809
    1737.000       19511.9180
    1738.000       19678.8477
    1739.000       19664.6562
    1740.000       19758.0762
    1741.000       19539.8926
    1742.000       19416.7109
    1743.000       19710.5625
    1744.000       19658.5352
    1745.000       19643.7695
    1746.000       19658.5332
    1747.000       19700.5469
    1748.000       19597.2578
    1749.000       19750.4023
    1750.000       19585.4844
    1751.000       19659.0234
    1752.000       19413.2070
    1753.000       19684.7227
    1754.000       19483.1133
    1755.000       19708.3066
    1756.000       19614.3457
    1757.000       19482.9785
    1758.000       19790.6445
    1759.000       19646.2109
    1760.000       19373.4121
    1761.000       19563.4355
    1762.000       19519.2090
    1763.000       19642.6387
    1764.000       19673.2109
    1765.000       19447.8164
    1766.000       19772.2852
    1767.000       19813.4980
    1768.000       19372.9609
    1769.000       19559.7188
    1770.000       19652.3203
    1771.000       19663.8125
    1772.000       19731.2031
    1773.000       19706.2969
    1774.000       19668.7031
    1775.000       19584.3164
    1776.000       19912.7891
    1777.000       19932.5332
    1778.000       19705.8125
    1779.000       19565.3789
    1780.000       19652.3789
    1781.000       19665.2539
    1782.000       19511.4473
    1783.000       19687.3516
    1784.000       19608.3184
    1785.000       19676.0703
    1786.000       19809.5527
    1787.000       19691.1777
    1788.000       19510.0039
    1789.000       19757.3125
    1790.000       19670.1484
    1791.000       19454.0547
    1792.000       19637.8066
    1793.000       19544.6016
    1794.000       19593.6523
    1795.000       19597.2070
    1796.000       19418.8828
    1797.000       19671.5508
    1798.000       19567.0547
    1799.000       19580.7148
    1800.000       19543.2480
    1801.000       19747.5273
    1802.000       19579.2539
    1803.000       19608.7559
    1804.000       19497.8613
    1805.000       19643.3438
    1806.000       19797.9453
    1807.000       19501.2031
    1808.000       19405.7656
    1809.000       19791.9551
    1810.000       19713.5254
    1811.000       19551.6641
    1812.000       19763.3418
    1813.000       19704.7402
    1814.000       19449.1953
    1815.000       19457.3828
    1816.000       19801.3555
    1817.000       19612.8418
    1818.000       19568.3828
    1819.000       19415.2227
    1820.000       19807.6738
    1821.000       19925.3613
    1822.000       19651.1934
    1823.000       19626.7480
    1824.000       19692.9473
    1825.000       19427.5547
    1826.000       19616.8750
    1827.000       19907.2793
    1828.000       19658.8906
    1829.000       19722.0664
    1830.000       19650.9629
    1831.000       19628.0117
    1832.000       19671.3574
    1833.000       19629.7324
    1834.000       19698.7070
    1835.000       19472.6699
    1836.000       19689.7656
    1837.000       19467.5586
    1838.000       19764.4609
    1839.000       19444.0078
    1840.000       19447.1504
    1841.000       19601.8730
    1842.000       19904.9375
    1843.000       19543.3613
    1844.000       19675.4824
    1845.000       19886.6621
    1846.000       19743.2480
    1847.000       19562.8320
    1848.000       19598.5117
    1849.000       19776.4219
    1850.000       19738.8691
    1851.000       19381.3008
    1852.000       19798.3379
    1853.000       19796.5859
    1854.000       19564.5078
    1855.000       19736.1699
    1856.000       19592.6387
    1857.000       19506.2812
    1858.000       19655.1211
    1859.000       19477.8477
    1860.000       19685.0898
    1861.000       19801.8027
    1862.000       19525.6543
    1863.000       19716.3672
    1864.000       19447.5469
    1865.000       19616.6211
    1866.000       19738.3320
    1867.000       19791.2422
    1868.000       19800.2070
    1869.000       19537.0938
    1870.000       19518.6289
    1871.000       19576.5605
    1872.000       19756.1094
    1873.000       19593.7227
    1874.000       19570.2949
    1875.000       19658.4473
    1876.000       19696.1855
    1877.000       19655.1016
    1878.000       19772.3086
    1879.000       19642.5508
    1880.000       19611.3574
    1881.000       19735.9355
    1882.000       19537.3691
    1883.000       19409.3340
    1884.000       19491.6699
    1885.000       19711.0586
    1886.000       19833.6348
    1887.000       19699.9180
    1888.000       19689.2109
    1889.000       19716.5430
    1890.000       19606.1562
    1891.000       19605.1680
    1892.000       19618.0488
    1893.000       19840.4922
    1894.000       19753.2090
    1895.000       19748.1113
    1896.000       19677.7422
    1897.000       19677.9570
    1898.000       19608.4258
    1899.000       19385.2734
    1900.000       19502.4355
    1901.000       19951.4395
    1902.000       19530.3203
    1903.000       19651.2305
    1904.000       19590.1719
    1905.000       19643.9023
    1906.000       19770.0898
    1907.000       19629.7695
    1908.000       19552.0566
    1909.000       19721.7910
    1910.000       19686.3105
    1911.000       19440.2754
    1912.000       19642.0859
    1913.000       19504.4258
    1914.000       19749.1250
    1915.000       19540.2852
    1916.000       19782.9824
    1917.000       19661.9160
    1918.000       19501.1855
    1919.000       19722.8340
    1920.000       19436.9414
    1921.000       19561.8262
    1922.000       19587.1230
    1923.000       19797.5332
    1924.000       19728.6250
    1925.000       19545.4141
    1926.000       19583.1641
    1927.000       19646.9199
    1928.000       19735.8086
    1929.000       19497.7305
    1930.000       19593.9414
    1931.000       19465.1875
    1932.000       19579.1035
    1933.000       19727.3887
    1934.000       19651.4883
    1935.000       19773.7324
    1936.000       19716.4961
    1937.000       19578.6777
    1938.000       19603.0508
    1939.000       19432.5742
    1940.000       19626.8789
    1941.000       19758.4141
    1942.000       19493.2754
    1943.000       19731.6270
    1944.000       19585.0996
    1945.000       19493.3672
    1946.000       19665.1855
    1947.000       19763.4980
    1948.000       19647.0957
    1949.000       19644.5625
    1950.000       19833.6797
    1951.000       19546.1543
    1952.000       19713.0332
    1953.000       19565.8457
    1954.000       19553.9102
    1955.000       19620.7344
    1956.000       19515.8086
    1957.000       19393.1797
    1958.000       19634.0469
    1959.000       19737.1777
    1960.000       19757.1230
    1961.000       19484.2422
    1962.000       19428.7891
    1963.000       19722.1816
    1964.000       19646.1953
    1965.000       19519.4746
    1966.000       19659.1875
    1967.000       19573.7031
    1968.000       19652.1484
    1969.000       19618.4980
    1970.000       19468.7480
    1971.000       19618.8184
    1972.000       19527.2754
    1973.000       19538.4492
    1974.000       19660.9941
    1975.000       19746.0410
    1976.000       19545.4434
    1977.000       19732.4414
    1978.000       19574.7598
    1979.000       19698.4570
    1980.000       19758.8633
    1981.000       19727.5078
    1982.000       19695.3789
    1983.000       19555.3105
    1984.000       19752.3828
    1985.000       19700.1914
    1986.000       19669.0801
    1987.000       19510.5605
    1988.000       19765.3887
    1989.000       19514.6367
    1990.000       19624.5859
    1991.000       19503.1738
    1992.000       19693.2168
    1993.000       19700.2031
    1994.000       19758.6367
    1995.000       19742.0020
    1996.000       19606.7227
    1997.000       19629.7891
    1998.000       19585.1270
    1999.000       19542.0234
    2000.000       19697.5117
    2001.000       19685.3418
    2002.000       19489.8691
    2003.000       19453.8047
    2004.000       19686.2676
    2005.000       19547.3203
    2006.000       19430.4141
    2007.000       19544.3672
    2008.000       19713.3984
    2009.000       19769.1445
    2010.000       19572.3086
    2011.000       19773.2930
    2012.000       19568.2168
    2013.000       19469.2656
    2014.000       19639.5371
    2015.000       19724.3730
    2016.000       19674.1250
    2017.000       19585.2578
    2018.000       19779.6582
    2019.000       19611.2168
    2020.000       19660.3008
    2021.000       19641.6660
    2022.000       19467.4316
    2023.000       19844.2402
    2024.000       19775.7695
    2025.000       19689.1699
    2026.000       19830.6504
    2027.000       19637.1875
    2028.000       19438.4590
    2029.000       19688.5859
    2030.000       19540.4375
    2031.000       19539.6582
    2032.000       19605.9512
    2033.000       19664.0508
    2034.000       19919.2422
    2035.000       19691.6543
    2036.000       19486.7363
    2037.000       19633.1465
    2038.000       19554.6582
    2039.000       19737.8086
    2040.000       19668.6250
    2041.000       19558.0410
    2042.000       19507.8750
    2043.000       19463.2656
    2044.000       19453.9766
    2045.000       19700.6523
    2046.000       19429.3027
    2047.000       19603.9434
    2048.000       19895.9785
    2049.000       19603.5254
    2050.000       19683.9062
    2051.000       19717.6895
    2052.000       19658.9180
    2053.000       19709.1309
    2054.000       19595.0137
    2055.000       19610.0566
    2056.000       19605.4805
    2057.000       19746.0742
    2058.000       19588.2500
    2059.000       19499.7559
    2060.000       19568.1211
    2061.000       19572.1523
    2062.000       19612.2090
    2063.000       19751.7285
    2064.000       19579.6055
    2065.000       19678.8516
    2066.000       19548.0957
    2067.000       19603.0508
    2068.000       19537.0059
    2069.000       19671.8340
    2070.000       19730.4043
    2071.000       19547.4980
    2072.000       19475.9219
    2073.000       19634.5820
    2074.000       19423.8184
    2075.000       19607.1992
    2076.000       19590.4805
    2077.000       19580.3438
    2078.000       19645.1309
    2079.000       19683.9941
    2080.000       19714.9258
    2081.000       19598.3242
    2082.000       19642.9883
    2083.000       19676.5312
    2084.000       19715.1953
    2085.000       19644.9902
    2086.000       19583.8672
    2087.000       19524.9688
    2088.000       19587.4824
    2089.000       19548.9062
    2090.000       19525.3008
    2091.000       19735.0020
    2092.000       19584.9414
    2093.000       19778.6875
    2094.000       19842.9336
    2095.000       19577.8027
    2096.000       19655.6445
    2097.000       19481.7402
    2098.000       19570.8652
    2099.000       19451.9375
    2100.000       19727.6172
    2101.000       19555.2363
    2102.000       19738.9375
    2103.000       19594.8926
    2104.000       19604.2715
    2105.000       19539.4434
    2106.000       19793.9004
    2107.000       19555.0117
    2108.000       19806.7500
    2109.000       19613.0020
    2110.000       19453.7715
    2111.000       19427.2461
    2112.000       19613.1602
    2113.000       19641.4902
    2114.000       19562.9336
    2115.000       19608.6660
    2116.000       19636.7578
    2117.000       19534.2734
    2118.000       19765.1953
    2119.000       19554.5176
    2120.000       19515.0527
    2121.000       19822.7969
    2122.000       19748.4512
    2123.000       19628.3965
    2124.000       19677.8984
    2125.000       19678.3027
    2126.000       19624.2324
    2127.000       19673.1055
    2128.000       19745.1211
    2129.000       19531.4590
    2130.000       19688.7871
    2131.000       19597.8848
    2132.000       19698.7695
    2133.000       19682.4902
    2134.000       19552.1191
    2135.000       19722.6172
    2136.000       19601.1875
    2137.000       19595.1914
    2138.000       19556.7090
    2139.000       19782.5781
    2140.000       19783.8242
    2141.000       19544.0312
    2142.000       19655.2539
    2143.000       19696.9160
    2144.000       19687.2207
    2145.000       19601.3379
    2146.000       19739.4160
    2147.000       19690.1875
    2148.000       19672.1602
    2149.000       19437.4746
    2150.000       19781.3125
    2151.000       19765.1797
    2152.000       19683.7109
    2153.000       19699.4355
    2154.000       19762.8223
    2155.000       19633.0020
    2156.000       19587.0254
    2157.000       19769.6289
    2158.000       19740.3379
    2159.000       19677.7793
    2160.000       19550.4141
    2161.000       19637.0898
    2162.000       19717.8496
    2163.000       19503.7832
    2164.000       19598.4297
    2165.000       19505.4473
    2166.000       19478.6719
    2167.000       19564.7480
    2168.000       19676.6035
    2169.000       19848.8281
    2170.000       19747.7656
    2171.000       19585.0996
    2172.000       19525.0547
    2173.000       19662.2246
    2174.000       19764.8555
    2175.000       19553.4766
    2176.000       19450.0195
    2177.000       19627.3047
    2178.000       19683.0664
    2179.000       19658.4766
    2180.000       19612.4492
    2181.000       19671.0605
    2182.000       19674.8613
    2183.000       19436.1172
    2184.000       19509.7305
    2185.000       19709.9121
    2186.000       19805.7559
    2187.000       19686.3906
    2188.000       19646.7168
    2189.000       19567.7930
    2190.000       19661.6660
    2191.000       19596.1719
    2192.000       19323.3457
    2193.000       19614.1367
    2194.000       19571.9590
    2195.000       19584.4668
    2196.000       19577.7930
    2197.000       19472.8906
    2198.000       19553.2051
    2199.000       19506.0137
    2200.000       19648.1074
    2201.000       19594.9941
    2202.000       19649.3730
    2203.000       19571.0488
    2204.000       19656.8730
    2205.000       19670.9824
    2206.000       19582.1074
    2207.000       19575.1855
    2208.000       19579.3223
    2209.000       19623.5742
    2210.000       19611.4238
    2211.000       19755.8867
    2212.000       19621.2422
    2213.000       19639.7695
    2214.000       19473.5527
    2215.000       19761.4805
    2216.000       19766.3711
    2217.000       19918.1211
    2218.000       19832.6914
    2219.000       19805.7480
    2220.000       19912.6895
    2221.000       19590.6484
    2222.000       19521.9453
    2223.000       19639.3145
    2224.000       19574.5020
    2225.000       19577.7168
    2226.000       19677.6777
    2227.000       19717.2383
    2228.000       19574.6543
    2229.000       19602.0020
    2230.000       19573.6152
    2231.000       19372.4785
    2232.000       19700.9199
    2233.000       19576.2227
    2234.000       19671.2637
    2235.000       19663.0645
    2236.000       19553.9453
    2237.000       19545.7305
    2238.000       19556.9375
    2239.000       19690.7266
    2240.000       19530.7969
    2241.000       19618.0312
    2242.000       19831.5703
    2243.000       19818.6035
    2244.000       19487.5645
    2245.000       19665.4043
    2246.000       19636.4570
    2247.000       19476.4297
    2248.000       19496.5527
    2249.000       19592.3359
    2250.000       19701.4590
    2251.000       19605.5449
    2252.000       19630.3691
    2253.000       19849.6270
    2254.000       19587.5078
    2255.000       19504.3848
    2256.000       19520.5645
    2257.000       19610.7461
    2258.000       19467.8340
    2259.000       19544.0098
    2260.000       19583.0762
    2261.000       19849.5840
    2262.000       19719.8105
    2263.000       19581.3145
    2264.000       19342.3203
    2265.000       19727.2773
    2266.000       19661.1953
    2267.000       19820.6641
    2268.000       19665.2891
    2269.000       19811.5430
    2270.000       19687.7559
    2271.000       19656.5078
    2272.000       19489.9590
    2273.000       19531.0000
    2274.000       19617.4023
    2275.000       19855.4785
    2276.000       19648.0117
    2277.000       19517.3301
    2278.000       19618.2148
    2279.000       19576.8164
    2280.000       19640.3672
    2281.000       19619.8359
    2282.000       19567.3711
    2283.000       19584.5762
    2284.000       19642.1289
    2285.000       19803.3887
    2286.000       19471.4297
    2287.000       19632.9180
    2288.000       19558.9629
    2289.000       19551.2070
    2290.000       19428.0859
    2291.000       19548.7539
    2292.000       19629.5703
    2293.000       19693.2969
    2294.000       19661.5430
    2295.000       19472.8828
    2296.000       19544.6113
    2297.000       19894.2246
    2298.000       19660.0977
    2299.000       19418.4531
    2300.000       19510.2695
    2301.000       19717.0430
    2302.000       19514.1484
    2303.000       19633.2812
    2304.000       19577.1680
    2305.000       19754.0352
    2306.000       19471.8301
    2307.000       19764.3750
    2308.000       19738.5391
    2309.000       19433.4160
    2310.000       19653.1992
    2311.000       19752.7090
    2312.000       19575.0918
    2313.000       19560.0820
    2314.000       19495.4199
    2315.000       19592.6641
    2316.000       19668.3750
    2317.000       19460.7520
    2318.000       19542.7969
    2319.000       19255.3496
    2320.000       19657.4199
    2321.000       19596.4824
    2322.000       19608.0820
    2323.000       19488.4609
    2324.000       19332.3984
    2325.000       19570.5898
    2326.000       19687.8105
    2327.000       19408.9297
    2328.000       19771.9062
    2329.000       19896.7227
    2330.000       19505.8984
    2331.000       19606.9043
    2332.000       19775.7715
    2333.000       19780.7676
    2334.000       19666.5176
    2335.000       19489.6152
    2336.000       19717.4492
    2337.000       19679.2461
    2338.000       19507.4238
    2339.000       19722.9434
    2340.000       19637.3125
    2341.000       19546.6406
    2342.000       19655.6191
    2343.000       19572.7109
    2344.000       19618.5664
    2345.000       19681.8281
    2346.000       19450.2012
    2347.000       19653.0293
    2348.000       19644.2695
    2349.000       19677.3242
    2350.000       19823.8770
    2351.000       19560.5840
    2352.000       19739.5273
    2353.000       19681.8477
    2354.000       19754.6445
    2355.000       19619.8203
    2356.000       19510.3867
    2357.000       19547.4492
    2358.000       19512.3438
    2359.000       19698.0293
    2360.000       19613.8613
    2361.000       19643.7988
    2362.000       19597.5879
    2363.000       19613.5195
    2364.000       19658.3867
    2365.000       19757.4844
    2366.000       19596.6641
    2367.000       19617.8281
    2368.000       19596.6699
    2369.000       19555.7930
    2370.000       19629.3398
    2371.000       19635.5508
    2372.000       19538.3750
    2373.000       19505.2012
    2374.000       19460.2031
    2375.000       19489.7266
    2376.000       19769.6172
    2377.000       19575.7637
    2378.000       19527.6094
    2379.000       19747.8477
    2380.000       19550.4688
    2381.000       19599.7383
    2382.000       19829.2109
    2383.000       19523.9336
    2384.000       19540.3555
    2385.000       19783.6094
    2386.000       19712.5664
    2387.000       19821.2461
    2388.000       19754.1016
    2389.000       19599.7676
    2390.000       19749.9121
    2391.000       19593.5254
    2392.000       19800.6758
    2393.000       19643.1152
    2394.000       19573.3555
    2395.000       19506.5645
    2396.000       19582.2969
    2397.000       19780.9277
    2398.000       19568.9824
    2399.000       19574.9883
    2400.000       19633.9180
    2401.000       19718.6543
    2402.000       19707.0547
    2403.000       19755.3828
    2404.000       19632.7441
    2405.000       19419.3145
    2406.000       19677.8438
    2407.000       19506.3672
    2408.000       19602.1875
    2409.000       19844.4941
    2410.000       19611.5352
    2411.000       19668.1484
    2412.000       19671.7461
    2413.000       19634.2070
    2414.000       19591.6641
    2415.000       19722.1465
    2416.000       19842.8535
    2417.000       19517.3809
    2418.000       19492.9551
    2419.000       19752.0898
    2420.000       19616.4277
    2421.000       19612.9062
    2422.000       19499.7363
    2423.000       19527.6367
    2424.000       19689.4512
    2425.000       19675.9102
    2426.000       19643.0430
    2427.000       19535.9629
    2428.000       19798.4238
    2429.000       19854.0410
    2430.000       19714.6680
    2431.000       19649.0547
    2432.000       19654.5820
    2433.000       19624.3242
    2434.000       19880.5176
    2435.000       19579.9434
    2436.000       19773.6934
    2437.000       19548.4082
    2438.000       19592.7578
    2439.000       19604.3555
    2440.000       19559.8652
    2441.000       19831.2168
    2442.000       19737.4160
    2443.000       19701.5059
    2444.000       19682.8594
    2445.000       19668.7559
    2446.000       19690.2188
    2447.000       19399.4238
    2448.000       19450.0312
    2449.000       19566.0215
    2450.000       19428.8047
    2451.000       19559.3457
    2452.000       19569.1797
    2453.000       19677.4121
    2454.000       19737.4629
    2455.000       19739.2930
    2456.000       19575.3086
    2457.000       19596.6211
    2458.000       19618.0176
    2459.000       19613.0898
    2460.000       19675.0957
    2461.000       19736.3223
    2462.000       19552.8496
    2463.000       19472.7695
    2464.000       19808.4062
    2465.000       19555.6504
    2466.000       19615.6582
    2467.000       19540.9824
    2468.000       19640.8398
    2469.000       19229.1367
    2470.000       19507.2617
    2471.000       19599.0410
    2472.000       19545.0469
    2473.000       19491.8438
    2474.000       19706.1621
    2475.000       19803.6133
    2476.000       19687.5352
    2477.000       19722.0742
    2478.000       19573.4414
    2479.000       19622.9805
    2480.000       19519.4844
    2481.000       19769.1816
    2482.000       19712.4648
    2483.000       19741.6641
    2484.000       19729.2910
    2485.000       19827.1953
    2486.000       19558.6113
    2487.000       19738.7734
    2488.000       19656.2695
    2489.000       19510.3965
    2490.000       19720.6309
    2491.000       19713.5312
    2492.000       19783.9941
    2493.000       19817.8945
    2494.000       19668.7871
    2495.000       19610.2793
    2496.000       19418.1289
    2497.000       19687.5859
    2498.000       19657.0391
    2499.000       19614.7051
    2500.000       19496.9453
    2501.000       19616.0488
    2502.000       19581.6250
    2503.000       19550.4102
    2504.000       19587.2852
    2505.000       19483.3340
    2506.000       19711.6348
    2507.000       19771.0762
    2508.000       19867.5391
    2509.000       19729.6172
    2510.000       19655.1953
    2511.000       19620.6504
    2512.000       19635.3418
    2513.000       19651.6855
    2514.000       19640.2832
    2515.000       19759.6270
    2516.000       19640.2598
    2517.000       19486.2969
    2518.000       19662.4043
    2519.000       19692.2305
    2520.000       19748.0176
    2521.000       19786.3789
    2522.000       19789.4863
    2523.000       19600.8848
    2524.000       19672.2598
    2525.000       19568.6289
    2526.000       19837.7441
    2527.000       19655.9746
    2528.000       19826.9902
    2529.000       19709.1777
    2530.000       19581.8848
    2531.000       19763.2168
    2532.000       19775.3828
    2533.000       19736.4629
    2534.000       19520.5547
    2535.000       19791.0664
    2536.000       19318.4102
    2537.000       19580.6816
    2538.000       19785.0020
    2539.000       19521.4648
    2540.000       19588.2637
    2541.000       19725.5195
    2542.000       19564.6133
    2543.000       19685.1133
    2544.000       19612.2676
    2545.000       19639.4941
    2546.000       19418.3047
    2547.000       19776.5352
    2548.000       19720.4785
    2549.000       19556.4922
    2550.000       19742.2969
    2551.000       19624.6660
    2552.000       19761.1094
    2553.000       19522.6680
    2554.000       19529.7070
    2555.000       19692.0508
    2556.000       19689.3496
    2557.000       19549.0332
    2558.000       19781.1367
    2559.000       19584.7852
    2560.000       19535.9355
    2561.000       19621.2031
    2562.000       19578.0957
    2563.000       19565.4883
    2564.000       19569.8496
    2565.000       19782.6602
    2566.000       19755.3926
    2567.000       19726.4961
    2568.000       19686.0508
    2569.000       19609.3555
    2570.000       19579.8047
    2571.000       19781.2676
    2572.000       19783.7383
    2573.000       19730.2031
    2574.000       19788.0605
    2575.000       19639.5117
    2576.000       19804.9707
    2577.000       19529.5352
    2578.000       19526.6445
    2579.000       19672.7422
    2580.000       19582.0020
    2581.000       19794.2227
    2582.000       19695.3574
    2583.000       19442.6621
    2584.000       19787.4062
    2585.000       19690.4180
    2586.000       19669.6250
    2587.000       19577.9648
    2588.000       19663.0918
    2589.000       19422.1484
    2590.000       19555.7949
    2591.000       19549.7305
    2592.000       19667.3418
    2593.000       19544.8320
    2594.000       19583.9277
    2595.000       19456.7266
    2596.000       19566.7949
    2597.000       19489.5605
    2598.000       19675.5449
    2599.000       19614.6836
    2600.000       19836.7930
    2601.000       19575.1035
    2602.000       19546.9766
    2603.000       19554.4453
    2604.000       19646.0605
    2605.000       19614.0273
    2606.000       19460.2070
    2607.000       19751.4805
    2608.000       19619.9668
    2609.000       19785.6211
    2610.000       19785.3633
    2611.000       19686.4473
    2612.000       19712.5098
    2613.000       19764.9570
    2614.000       19657.1680
    2615.000       19463.1816
    2616.000       19533.0371
    2617.000       19650.7266
    2618.000       19603.5098
    2619.000       19526.3965
    2620.000       19652.6934
    2621.000       19772.5410
    2622.000       19657.1406
    2623.000       19566.9004
    2624.000       19513.7344
    2625.000       19635.1016
    2626.000       19625.9336
    2627.000       19763.7227
    2628.000       19385.1016
    2629.000       19688.2246
    2630.000       19709.3320
    2631.000       19616.4941
    2632.000       19539.3965
    2633.000       19687.7344
    2634.000       19677.7344
    2635.000       19710.1641
    2636.000       19460.7520
    2637.000       19563.5371
    2638.000       19670.2070
    2639.000       19678.3203
    2640.000       19697.2832
    2641.000       19600.1895
    2642.000       19514.1914
    2643.000       19632.3047
    2644.000       19697.5332
    2645.000       19746.8535
    2646.000       19545.5293
    2647.000       19418.3594
    2648.000       19609.6953
    2649.000       19732.8613
    2650.000       19791.1797
    2651.000       19643.4883
    2652.000       19650.4629
    2653.000       19508.5684
    2654.000       19642.2363
    2655.000       19655.4102
    2656.000       19625.4746
    2657.000       19775.6055
    2658.000       19680.7812
    2659.000       19752.4043
    2660.000       19615.1348
    2661.000       19505.7988
    2662.000       19904.2461
    2663.000       19575.7188
    2664.000       19422.8672
    2665.000       19645.6719
    2666.000       19606.9473
    2667.000       19585.7734
    2668.000       19670.4551
    2669.000       19633.8477
    2670.000       19721.5078
    2671.000       19755.3789
    2672.000       19393.9375
    2673.000       19480.2305
    2674.000       19620.0312
    2675.000       19577.7500
    2676.000       19493.9805
    2677.000       19580.2832
    2678.000       19501.8242
    2679.000       19734.6250
    2680.000       19883.0898
    2681.000       19803.4961
    2682.000       19549.1777
    2683.000       19584.0723
    2684.000       19654.4219
    2685.000       19573.6445
    2686.000       19461.1641
    2687.000       19500.1523
    2688.000       19725.2734
    2689.000       19474.8047
    2690.000       19757.4453
    2691.000       19728.3223
    2692.000       19533.0840
    2693.000       19478.2598
    2694.000       19759.0352
    2695.000       19663.4023
    2696.000       19600.1738
    2697.000       19615.9238
    2698.000       19597.5566
    2699.000       19466.8516
    2700.000       19819.2480
    2701.000       19471.0234
    2702.000       19818.2754
    2703.000       19620.7168
    2704.000       19510.9297
    2705.000       19631.7168
    2706.000       19850.7461
    2707.000       19604.8633
    2708.000       19731.1719
    2709.000       19531.3438
    2710.000       19593.0117
    2711.000       19657.2070
    2712.000       19812.1602
    2713.000       19475.7676
    2714.000       19482.9141
    2715.000       19747.7891
    2716.000       19512.0293
    2717.000       19661.3848
    2718.000       19568.9023
    2719.000       19571.3438
    2720.000       19757.1641
    2721.000       19681.7012
    2722.000       19734.2305
    2723.000       19648.3457
    2724.000       19789.2148
    2725.000       19871.7070
    2726.000       19742.7031
    2727.000       19712.0918
    2728.000       19655.9434
    2729.000       19615.0156
    2730.000       19529.8613
    2731.000       19688.5098
    2732.000       19481.0605
    2733.000       19864.3730
    2734.000       19664.6562
    2735.000       19854.8984
    2736.000       19638.1094
    2737.000       19490.7285
    2738.000       19358.1426
    2739.000       19854.8184
    2740.000       19544.6680
    2741.000       19685.9336
    2742.000       19630.5293
    2743.000       19699.8594
    2744.000       19829.7266
    2745.000       19564.2539
    2746.000       19641.6465
    2747.000       19643.9531
    2748.000       19623.7461
    2749.000       19771.8398
    2750.000       19626.6074
    2751.000       19636.9434
    2752.000       19790.2031
    2753.000       19420.4336
    2754.000       19646.2324
    2755.000       19594.1289
    2756.000       19552.3984
    2757.000       19671.4453
    2758.000       19600.5703
    2759.000       19618.2031
    2760.000       19678.2793
    2761.000       19648.6211
    2762.000       19735.2578
    2763.000       19765.3691
    2764.000       19780.4180
    2765.000       19546.0938
    2766.000       19759.3730
    2767.000       19593.1289
    2768.000       19703.8574
    2769.000       19537.7266
    2770.000       19359.6914
    2771.000       19629.7383
    2772.000       19661.2930
    2773.000       19693.2637
    2774.000       19581.9648
    2775.000       19625.1074
    2776.000       19507.1074
    2777.000       19726.0879
    2778.000       19765.6113
    2779.000       19668.5586
    2780.000       19658.8320
    2781.000       19596.4199
    2782.000       19619.4414
    2783.000       19698.6777
    2784.000       19629.5000
    2785.000       19514.9844
    2786.000       19626.3066
    2787.000       19775.5332
    2788.000       19729.9395
    2789.000       19745.6309
    2790.000       19667.2168
    2791.000       19707.0840
    2792.000       19594.6836
    2793.000       19519.7949
    2794.000       19590.8594
    2795.000       19642.5625
    2796.000       19677.6660
    2797.000       19733.7949
    2798.000       19483.9199
    2799.000       19739.9395
    2800.000       19611.0918
    2801.000       19516.0664
    2802.000       19827.0957
    2803.000       19695.5996
    2804.000       19709.9258
    2805.000       19527.3008
    2806.000       19581.4277
    2807.000       19679.4883
    2808.000       19568.8867
    2809.000       19785.6445
    2810.000       19455.1738
    2811.000       19759.8945
    2812.000       19598.5352
    2813.000       19709.1016
    2814.000       19678.9746
    2815.000       19722.6133
    2816.000       19630.8379
    2817.000       19684.9492
    2818.000       19596.5781
    2819.000       19516.4902
    2820.000       19628.3184
    2821.000       19934.1582
    2822.000       19734.9512
    2823.000       19646.2539
    2824.000       19599.1094
    2825.000       19626.1055
    2826.000       19661.1387
    2827.000       19615.8262
    2828.000       19598.1543
    2829.000       19643.7578
    2830.000       19640.3418
    2831.000       19642.8555
    2832.000       19681.3203
    2833.000       19649.1152
    2834.000       19809.1895
    2835.000       19523.6719
    2836.000       19666.9902
    2837.000       19627.9160
    2838.000       19533.7285
    2839.000       19654.8477
    2840.000       19591.6309
    2940.000       19672.5410
    3040.000       19666.3906
    3140.000       19413.1113
    3240.000       19523.2109
    3340.000       19714.8184
    3440.000       19600.4062
    3540.000       19551.5547
    3640.000       19713.0137
    3740.000       19596.2637
    3840.000       19593.1641
    3940.000       19772.9824
    4040.000       19710.1895
    4140.000       19607.6133
    4240.000       19805.0566
    4340.000       19392.1875
    4440.000       19469.6289
    4540.000       19658.6367
    4640.000       19669.7949
    4740.000       19825.5234
    4840.000       19816.9766
    4940.000       19853.1465
