     141.000      -95978.5427
     142.000      -96358.6328
     143.000      -96500.8907
     144.000      -96810.4693
     145.000      -97011.3675
     146.000      -97027.2688
     147.000      -97264.7725
     148.000      -97270.4710
     149.000      -97272.0315
     150.000      -97309.2302
     151.000      -97484.2455
     152.000      -97704.3406
     153.000      -97846.4514
     154.000      -97516.3473
     155.000      -98090.0071
     156.000      -97968.4462
     157.000      -97936.3754
     158.000      -97801.7243
     159.000      -97812.0647
     160.000      -97823.2929
     161.000      -97767.0971
     162.000      -97876.1782
     163.000      -97774.5509
     164.000      -97968.3902
     165.000      -97747.3508
     166.000      -97765.8490
     167.000      -97881.0366
     168.000      -97777.4530
     169.000      -97871.3837
     170.000      -97709.9150
     171.000      -98090.9827
     172.000      -97894.2930
     173.000      -97612.0591
     174.000      -97658.7059
     175.000      -97918.3704
     176.000      -97842.7584
     177.000      -98265.6868
     178.000      -98120.4967
     179.000      -97849.4242
     180.000      -97931.4140
     181.000      -98241.3171
     182.000      -98168.9048
     183.000      -97994.3536
     184.000      -97736.4137
     185.000      -97834.0766
     186.000      -97827.8462
     187.000      -97805.0612
     188.000      -98039.0351
     189.000      -98028.8871
     190.000      -98164.8019
     191.000      -97963.9719
     192.000      -97881.2531
     193.000      -98115.4617
     194.000      -98036.8093
     195.000      -98036.0161
     196.000      -98149.8307
     197.000      -98248.8826
     198.000      -97718.2828
     199.000      -97889.8432
     200.000      -98030.7183
     201.000      -97865.2402
     202.000      -97928.7294
     203.000      -98227.0519
     204.000      -98048.1948
     205.000      -97895.5899
     206.000      -98166.9494
     207.000      -97827.5708
     208.000      -97953.8223
     209.000      -98071.6972
     210.000      -97979.7551
     211.000      -97989.3778
     212.000      -98032.3464
     213.000      -98007.9064
     214.000      -97869.4961
     215.000      -97992.2153
     216.000      -97823.4410
     217.000      -98072.2529
     218.000      -98121.3178
     219.000      -98036.6179
     220.000      -97912.3128
     221.000      -97952.3699
     222.000      -98052.1090
     223.000      -98302.7319
     224.000      -98033.8180
     225.000      -97989.8580
     226.000      -98139.0638
     227.000      -98022.6715
     228.000      -98051.1174
     229.000      -98326.5406
     230.000      -98017.4825
     231.000      -98181.1892
     232.000      -98181.5507
     233.000      -97982.5455
     234.000      -97919.3316
     235.000      -98005.6630
     236.000      -97991.4310
     237.000      -97926.2844
     238.000      -98195.0563
     239.000      -98021.9637
     240.000      -98057.9262
     241.000      -97911.5695
     242.000      -98096.7261
     243.000      -97967.4127
     244.000      -97970.5404
     245.000      -97881.1303
     246.000      -97702.3158
     247.000      -98076.8482
     248.000      -98424.2910
     249.000      -97958.3008
     250.000      -97956.5684
     251.000      -98044.4891
     252.000      -98232.9265
     253.000      -97963.7089
     254.000      -98046.4110
     255.000      -97792.1764
     256.000      -97927.7338
     257.000      -98040.6715
     258.000      -98049.1797
     259.000      -97959.6274
     260.000      -98123.5887
     261.000      -98242.4811
     262.000      -97917.8227
     263.000      -97989.5796
     264.000      -97981.6349
     265.000      -97900.2571
     266.000      -98051.0218
     267.000      -98239.5714
     268.000      -97861.9456
     269.000      -97924.1145
     270.000      -97708.6750
     271.000      -98061.4858
     272.000      -97935.3415
     273.000      -98067.9585
     274.000      -97986.4966
     275.000      -98008.0564
     276.000      -97811.3633
     277.000      -97961.5890
     278.000      -98125.7705
     279.000      -98241.4510
     280.000      -97832.9864
     281.000      -97959.2450
     282.000      -97865.7368
     283.000      -97988.4551
     284.000      -97742.9611
     285.000      -97999.5907
     286.000      -98127.5032
     287.000      -97959.8419
     288.000      -97992.7828
     289.000      -98276.9456
     290.000      -98139.0847
     291.000      -98115.5815
     292.000      -98049.6012
     293.000      -97796.2162
     294.000      -98073.2538
     295.000      -97870.7044
     296.000      -97997.8084
     297.000      -98202.7793
     298.000      -98152.7360
     299.000      -97871.1741
     300.000      -97851.3956
     301.000      -97720.3863
     302.000      -97798.4674
     303.000      -97955.2974
     304.000      -97936.1590
     305.000      -97891.1592
     306.000      -98242.9447
     307.000      -98311.5681
     308.000      -97905.2537
     309.000      -97939.6550
     310.000      -98063.5823
     311.000      -98043.7975
     312.000      -98152.9552
     313.000      -98012.9205
     314.000      -98011.6829
     315.000      -98012.3128
     316.000      -98185.1414
     317.000      -97998.6808
     318.000      -98053.7594
     319.000      -97998.6082
     320.000      -97948.9476
     321.000      -98074.9467
     322.000      -98024.5712
     323.000      -98158.3848
     324.000      -98124.2423
     325.000      -97902.3421
     326.000      -97985.9188
     327.000      -98141.0496
     328.000      -97791.0977
     329.000      -97720.9185
     330.000      -97879.2307
     331.000      -97934.6667
     332.000      -97987.3917
     333.000      -98147.1498
     334.000      -97958.0753
     335.000      -97714.6251
     336.000      -98110.1559
     337.000      -97867.2464
     338.000      -97931.2657
     339.000      -98049.9489
     340.000      -97941.0434
     341.000      -98036.5891
     342.000      -98092.6103
     343.000      -98037.8980
     344.000      -97972.6767
     345.000      -98104.5304
     346.000      -98009.6833
     347.000      -98119.2459
     348.000      -97827.4227
     349.000      -98035.8428
     350.000      -98084.7370
     351.000      -98034.7966
     352.000      -98251.3321
     353.000      -97972.0311
     354.000      -98007.5240
     355.000      -98213.5787
     356.000      -98183.8088
     357.000      -97839.6000
     358.000      -98081.5534
     359.000      -97993.0133
     360.000      -98177.1004
     361.000      -98191.1735
     362.000      -97993.4184
     363.000      -98131.8920
     364.000      -97876.9793
     365.000      -98023.7500
     366.000      -98228.6125
     367.000      -97995.3824
     368.000      -98287.4309
     369.000      -98074.6486
     370.000      -98245.5495
     371.000      -98004.5510
     372.000      -97758.5650
     373.000      -98324.8832
     374.000      -97952.0693
     375.000      -97919.2093
     376.000      -97923.9882
     377.000      -98044.3591
     378.000      -98016.1679
     379.000      -97892.4918
     380.000      -97980.8460
     381.000      -98006.4891
     382.000      -98229.1506
     383.000      -98001.4589
     384.000      -98094.2261
     385.000      -97844.9256
     386.000      -97973.8813
     387.000      -98019.7763
     388.000      -97900.3511
     389.000      -97827.0389
     390.000      -97699.1916
     391.000      -98101.3523
     392.000      -98094.6621
     393.000      -98442.6608
     394.000      -98160.3181
     395.000      -98134.2997
     396.000      -97940.7239
     397.000      -98122.6271
     398.000      -98111.7492
     399.000      -98303.1824
     400.000      -97863.2660
     401.000      -98060.7742
     402.000      -98310.1524
     403.000      -98179.7103
     404.000      -98032.8724
     405.000      -98153.7899
     406.000      -98091.3693
     407.000      -97949.5134
     408.000      -98423.9164
     409.000      -98088.3692
     410.000      -98154.0672
     411.000      -98145.8137
     412.000      -98097.3044
     413.000      -98052.4253
     414.000      -97755.3851
     415.000      -97938.6452
     416.000      -98079.8510
     417.000      -97831.4673
     418.000      -97740.5275
     419.000      -98199.9510
     420.000      -98028.6529
     421.000      -97892.6925
     422.000      -97891.2510
     423.000      -97800.9041
     424.000      -98200.0682
     425.000      -98050.7728
     426.000      -98298.3919
     427.000      -97902.8906
     428.000      -98035.2403
     429.000      -98184.8238
     430.000      -98247.0564
     431.000      -98067.4511
     432.000      -97997.2383
     433.000      -98024.4726
     434.000      -98062.2268
     435.000      -98214.9424
     436.000      -98205.9639
     437.000      -98087.5437
     438.000      -98141.6642
     439.000      -97873.2370
     440.000      -98093.3738
     441.000      -97962.8876
     442.000      -98007.5516
     443.000      -97941.4441
     444.000      -97917.1654
     445.000      -98233.3249
     446.000      -98225.3537
     447.000      -98096.2253
     448.000      -97957.4989
     449.000      -98260.1125
     450.000      -97767.8637
     451.000      -98160.1623
     452.000      -97988.1768
     453.000      -97938.6296
     454.000      -97855.0973
     455.000      -98040.4598
     456.000      -98108.2037
     457.000      -98057.8550
     458.000      -97929.7458
     459.000      -98164.8459
     460.000      -98037.0869
     461.000      -98198.1476
     462.000      -97986.6747
     463.000      -97831.4420
     464.000      -98076.5525
     465.000      -97905.4224
     466.000      -97714.7540
     467.000      -97968.1543
     468.000      -97921.5207
     469.000      -98287.7363
     470.000      -98188.4478
     471.000      -98212.7649
     472.000      -97956.5566
     473.000      -98304.2975
     474.000      -98083.3819
     475.000      -97995.6872
     476.000      -98060.6363
     477.000      -98137.2992
     478.000      -97985.9010
     479.000      -98145.7508
     480.000      -98197.5234
     481.000      -98233.1263
     482.000      -97968.9167
     483.000      -98044.9529
     484.000      -98049.3281
     485.000      -98016.2568
     486.000      -97910.0714
     487.000      -97875.9354
     488.000      -98109.5267
     489.000      -97881.4922
     490.000      -98360.3982
     491.000      -97806.8090
     492.000      -97811.4050
     493.000      -97882.9972
     494.000      -97950.3228
     495.000      -97833.8793
     496.000      -98168.7710
     497.000      -98215.1812
     498.000      -98336.3812
     499.000      -98168.4274
     500.000      -97916.4853
     501.000      -98364.3178
     502.000      -98004.3088
     503.000      -98064.7076
     504.000      -97954.3750
     505.000      -97940.0384
     506.000      -98143.9565
     507.000      -98182.9963
     508.000      -98145.6420
     509.000      -98213.7682
     510.000      -98135.1073
     511.000      -98015.3130
     512.000      -97549.0713
     513.000      -97912.4215
     514.000      -98056.9648
     515.000      -98133.8568
     516.000      -97877.3992
     517.000      -97988.8325
     518.000      -97934.2905
     519.000      -97943.7156
     520.000      -97960.4833
     521.000      -98083.7135
     522.000      -98128.2564
     523.000      -97981.3300
     524.000      -98030.5926
     525.000      -97748.2443
     526.000      -97645.7449
     527.000      -97926.6255
     528.000      -98117.9799
     529.000      -98012.7212
     530.000      -97639.3941
     531.000      -97913.4961
     532.000      -98022.6010
     533.000      -97752.5083
     534.000      -97920.7402
     535.000      -98155.0983
     536.000      -97848.5301
     537.000      -98108.3927
     538.000      -97902.4946
     539.000      -98068.0482
     540.000      -97851.7665
     541.000      -98474.3540
     542.000      -98056.2817
     543.000      -98206.6546
     544.000      -98037.6625
     545.000      -97852.9474
     546.000      -97802.2839
     547.000      -98077.9238
     548.000      -98135.6274
     549.000      -98176.2528
     550.000      -98188.2391
     551.000      -98101.5957
     552.000      -97999.8826
     553.000      -98091.8098
     554.000      -97927.0689
     555.000      -98027.3106
     556.000      -98405.9304
     557.000      -98028.1592
     558.000      -98217.6860
     559.000      -98194.0170
     560.000      -98240.9682
     561.000      -97986.2521
     562.000      -98120.3491
     563.000      -98030.0458
     564.000      -98149.3349
     565.000      -97913.2352
     566.000      -97947.6385
     567.000      -97796.5036
     568.000      -97835.3496
     569.000      -98371.8063
     570.000      -98067.1420
     571.000      -97936.0849
     572.000      -98090.8692
     573.000      -98091.7670
     574.000      -98269.1724
     575.000      -98147.6527
     576.000      -98339.2780
     577.000      -98274.0860
     578.000      -98217.4523
     579.000      -97936.6267
     580.000      -98230.9893
     581.000      -98020.5284
     582.000      -98018.4056
     583.000      -98156.6448
     584.000      -97924.3071
     585.000      -98084.6901
     586.000      -98259.0341
     587.000      -98120.1871
     588.000      -98120.4302
     589.000      -97998.0815
     590.000      -98204.8514
     591.000      -98245.1867
     592.000      -98168.7275
     593.000      -97769.4220
     594.000      -98112.8667
     595.000      -98107.5654
     596.000      -97853.2556
     597.000      -98104.1686
     598.000      -97931.8058
     599.000      -97972.6611
     600.000      -98222.5395
     601.000      -97557.3795
     602.000      -97702.5506
     603.000      -98003.5424
     604.000      -98104.1659
     605.000      -98008.8168
     606.000      -98000.1786
     607.000      -97856.7880
     608.000      -97929.4611
     609.000      -98008.4635
     610.000      -98011.7789
     611.000      -97867.5746
     612.000      -98198.6516
     613.000      -98212.4307
     614.000      -97984.5988
     615.000      -97960.9958
     616.000      -98124.9205
     617.000      -98276.6384
     618.000      -97899.0903
     619.000      -98178.8461
     620.000      -98147.5645
     621.000      -98340.0759
     622.000      -98201.7564
     623.000      -98104.6591
     624.000      -98053.7202
     625.000      -98177.8379
     626.000      -98244.4422
     627.000      -98350.9712
     628.000      -98331.0844
     629.000      -98316.9926
     630.000      -98096.2463
     631.000      -97872.2316
     632.000      -98002.4407
     633.000      -97796.3511
     634.000      -97854.3977
     635.000      -98011.6854
     636.000      -97955.1633
     637.000      -98004.7690
     638.000      -98067.7219
     639.000      -98204.4595
     640.000      -98211.5609
     641.000      -98250.2066
     642.000      -98217.5143
     643.000      -98074.0056
     644.000      -97906.3987
     645.000      -98286.2481
     646.000      -97961.0587
     647.000      -98443.5784
     648.000      -98049.8664
     649.000      -98301.8298
     650.000      -97933.3554
     651.000      -98047.4913
     652.000      -98169.8340
     653.000      -97743.2442
     654.000      -97821.8868
     655.000      -98134.2178
     656.000      -98091.6131
     657.000      -98196.9354
     658.000      -97861.3180
     659.000      -98121.7867
     660.000      -98415.5931
     661.000      -98185.4683
     662.000      -98313.0652
     663.000      -98259.0968
     664.000      -97732.1606
     665.000      -98046.0410
     666.000      -97879.1894
     667.000      -98054.4301
     668.000      -98099.5085
     669.000      -98110.5013
     670.000      -98076.9441
     671.000      -98044.0488
     672.000      -98210.3057
     673.000      -98231.3184
     674.000      -98071.4235
     675.000      -98202.8235
     676.000      -98118.6219
     677.000      -98231.3765
     678.000      -98112.2780
     679.000      -98105.6656
     680.000      -98044.5633
     681.000      -98060.6749
     682.000      -98289.6296
     683.000      -98069.8765
     684.000      -98216.0588
     685.000      -98410.1640
     686.000      -98525.6749
     687.000      -97957.9165
     688.000      -98121.0432
     689.000      -98121.6921
     690.000      -97966.7590
     691.000      -97991.8075
     692.000      -98223.3147
     693.000      -98043.5968
     694.000      -98133.7653
     695.000      -98120.7952
     696.000      -97866.8060
     697.000      -97844.7080
     698.000      -97886.0365
     699.000      -97970.1706
     700.000      -97786.2152
     701.000      -98113.8436
     702.000      -98084.9353
     703.000      -98209.7520
     704.000      -97948.1729
     705.000      -97841.8442
     706.000      -97976.6332
     707.000      -98269.9103
     708.000      -98084.2531
     709.000      -98166.2463
     710.000      -98118.7473
     711.000      -98083.6053
     712.000      -98172.6000
     713.000      -98135.7539
     714.000      -98095.1910
     715.000      -98356.8053
     716.000      -98032.1804
     717.000      -98061.1110
     718.000      -97883.3975
     719.000      -98044.1381
     720.000      -98204.0624
     721.000      -98252.4441
     722.000      -98006.7318
     723.000      -98148.9076
     724.000      -98159.0430
     725.000      -98212.3898
     726.000      -97990.6917
     727.000      -97844.4475
     728.000      -98187.3014
     729.000      -98265.9420
     730.000      -98147.9476
     731.000      -98303.3898
     732.000      -98101.5904
     733.000      -98211.5768
     734.000      -98373.3391
     735.000      -98244.4756
     736.000      -97932.0439
     737.000      -98296.3814
     738.000      -97960.1833
     739.000      -98398.4588
     740.000      -98242.3981
     741.000      -98124.3411
     742.000      -98175.4077
     743.000      -98097.3555
     744.000      -97976.1294
     745.000      -98144.4954
     746.000      -98189.7945
     747.000      -98228.4155
     748.000      -98197.7130
     749.000      -98218.9040
     750.000      -97945.3068
     751.000      -98155.9174
     752.000      -97754.9168
     753.000      -97967.1353
     754.000      -98203.1921
     755.000      -98170.3787
     756.000      -98096.8985
     757.000      -98303.1913
     758.000      -98302.5830
     759.000      -98306.0015
     760.000      -97925.6252
     761.000      -98209.0771
     762.000      -97969.5589
     763.000      -98095.4665
     764.000      -98480.3117
     765.000      -98271.3872
     766.000      -97885.9076
     767.000      -98167.2156
     768.000      -98059.5749
     769.000      -98254.7418
     770.000      -98105.6970
     771.000      -98095.6820
     772.000      -98246.7619
     773.000      -98293.0817
     774.000      -98268.3283
     775.000      -98120.7961
     776.000      -98097.9700
     777.000      -98103.9084
     778.000      -98190.0985
     779.000      -98075.0254
     780.000      -98223.9995
     781.000      -98415.2069
     782.000      -98076.1640
     783.000      -98190.9235
     784.000      -98184.1278
     785.000      -98220.7964
     786.000      -98039.8827
     787.000      -98125.4170
     788.000      -98118.8227
     789.000      -97838.0615
     790.000      -97952.1379
     791.000      -98084.2084
     792.000      -98058.3389
     793.000      -98106.8020
     794.000      -97813.0531
     795.000      -98141.3102
     796.000      -98103.8978
     797.000      -98014.3886
     798.000      -98019.6842
     799.000      -98193.4645
     800.000      -97983.7495
     801.000      -98030.9062
     802.000      -98130.8146
     803.000      -98111.4080
     804.000      -97997.6266
     805.000      -98074.6983
     806.000      -97997.4076
     807.000      -97977.4356
     808.000      -98074.6781
     809.000      -98239.3431
     810.000      -98223.3860
     811.000      -97973.7533
     812.000      -98130.8416
     813.000      -98013.9879
     814.000      -98424.5696
     815.000      -98204.1737
     816.000      -97812.4379
     817.000      -97897.1668
     818.000      -98037.0059
     819.000      -98088.1524
     820.000      -97891.9745
     821.000      -98343.2512
     822.000      -97966.9555
     823.000      -98305.6605
     824.000      -98006.7715
     825.000      -97926.5081
     826.000      -98232.4459
     827.000      -98110.8638
     828.000      -97861.9756
     829.000      -98312.5344
     830.000      -97952.4213
     831.000      -98282.6827
     832.000      -98175.1225
     833.000      -98187.0825
     834.000      -98094.3266
     835.000      -97866.9372
     836.000      -98075.7127
     837.000      -98229.6781
     838.000      -98132.6344
     839.000      -98085.6377
     840.000      -98178.7944
     841.000      -98109.5279
     842.000      -98159.8695
     843.000      -98018.3386
     844.000      -98340.6171
     845.000      -98314.3629
     846.000      -98324.9526
     847.000      -98231.0194
     848.000      -98024.2020
     849.000      -97969.5213
     850.000      -98158.3047
     851.000      -98130.4191
     852.000      -98157.6711
     853.000      -98106.0402
     854.000      -98403.9050
     855.000      -98127.2464
     856.000      -97941.2497
     857.000      -98098.7233
     858.000      -98326.3786
     859.000      -98181.4751
     860.000      -98179.7266
     861.000      -98020.7243
     862.000      -98101.1916
     863.000      -98065.5375
     864.000      -97965.5508
     865.000      -97981.7128
     866.000      -97903.5287
     867.000      -98190.4623
     868.000      -97878.8638
     869.000      -98036.0372
     870.000      -97998.8863
     871.000      -98201.7754
     872.000      -98113.4557
     873.000      -98001.8753
     874.000      -97870.0350
     875.000      -98404.8403
     876.000      -98172.3899
     877.000      -98370.6882
     878.000      -98038.1686
     879.000      -98228.7730
     880.000      -97980.1709
     881.000      -98210.9163
     882.000      -98158.0391
     883.000      -97981.3489
     884.000      -98214.4822
     885.000      -97719.0344
     886.000      -97962.9640
     887.000      -98188.9660
     888.000      -97975.8387
     889.000      -97909.5036
     890.000      -98010.9140
     891.000      -98342.5526
     892.000      -98177.8728
     893.000      -98108.3501
     894.000      -98111.1217
     895.000      -98231.3426
     896.000      -98128.0056
     897.000      -98264.1491
     898.000      -97920.7727
     899.000      -98128.1623
     900.000      -98035.8192
     901.000      -98071.9482
     902.000      -97952.9299
     903.000      -98368.1053
     904.000      -98090.7105
     905.000      -98268.5651
     906.000      -98286.9955
     907.000      -97965.9312
     908.000      -98117.5530
     909.000      -98114.9247
     910.000      -97861.8105
     911.000      -98177.4236
     912.000      -98014.2758
     913.000      -98182.4527
     914.000      -98185.6039
     915.000      -98050.6437
     916.000      -97933.6058
     917.000      -98134.4625
     918.000      -97975.7576
     919.000      -98171.6249
     920.000      -98146.2499
     921.000      -98005.3224
     922.000      -98185.8865
     923.000      -98285.5759
     924.000      -97978.9926
     925.000      -98080.9133
     926.000      -98256.2094
     927.000      -98037.7653
     928.000      -98240.8161
     929.000      -97888.0230
     930.000      -98067.3030
     931.000      -98218.5343
     932.000      -97958.5276
     933.000      -98128.4503
     934.000      -98139.3649
     935.000      -98114.0032
     936.000      -98225.9001
     937.000      -98101.3014
     938.000      -98234.7126
     939.000      -98194.1944
     940.000      -98226.7737
     941.000      -98174.2303
     942.000      -97918.2840
     943.000      -98130.7947
     944.000      -98254.4946
     945.000      -97962.2551
     946.000      -98222.2743
     947.000      -98075.7407
     948.000      -97854.6307
     949.000      -98387.8933
     950.000      -98027.3365
     951.000      -98253.6753
     952.000      -98202.3932
     953.000      -97970.7279
     954.000      -98025.7582
     955.000      -98321.2261
     956.000      -98614.5498
     957.000      -98096.0167
     958.000      -98145.3479
     959.000      -97931.1219
     960.000      -98172.7319
     961.000      -98058.9728
     962.000      -98319.9979
     963.000      -97887.0497
     964.000      -98122.4313
     965.000      -97941.5280
     966.000      -98093.0733
     967.000      -98284.3855
     968.000      -98193.6172
     969.000      -98148.5946
     970.000      -98355.7123
     971.000      -98081.2686
     972.000      -98109.7299
     973.000      -98247.9952
     974.000      -98290.3544
     975.000      -98171.0490
     976.000      -98080.7107
     977.000      -97984.6896
     978.000      -98312.0486
     979.000      -98154.0251
     980.000      -98226.3315
     981.000      -97901.3059
     982.000      -98262.9053
     983.000      -98202.3259
     984.000      -98297.3935
     985.000      -98295.2256
     986.000      -98395.1498
     987.000      -98057.0514
     988.000      -97868.8920
     989.000      -98020.7180
     990.000      -98062.2525
     991.000      -97907.4958
     992.000      -98391.4147
     993.000      -98120.9746
     994.000      -98071.6665
     995.000      -98338.6139
     996.000      -98081.7085
     997.000      -98298.8236
     998.000      -98423.0052
     999.000      -98402.0697
    1000.000      -98438.2751
    1001.000      -98226.0934
    1002.000      -98054.6130
    1003.000      -98298.4378
    1004.000      -98135.7762
    1005.000      -98314.5877
    1006.000      -98137.5589
    1007.000      -97962.0723
    1008.000      -98360.7067
    1009.000      -98102.4132
    1010.000      -98020.5333
    1011.000      -98049.9984
    1012.000      -98114.8170
    1013.000      -98010.1074
    1014.000      -98282.4896
    1015.000      -98113.4811
    1016.000      -98010.6215
    1017.000      -98238.9092
    1018.000      -97966.7014
    1019.000      -98095.0416
    1020.000      -98019.9668
    1021.000      -98019.6967
    1022.000      -98211.8677
    1023.000      -98189.1352
    1024.000      -98194.8248
    1025.000      -98313.0714
    1026.000      -98395.4333
    1027.000      -97978.4392
    1028.000      -98211.7166
    1029.000      -98014.7926
    1030.000      -98188.8366
    1031.000      -98285.2443
    1032.000      -98016.7015
    1033.000      -98145.0091
    1034.000      -98142.4999
    1035.000      -98135.6255
    1036.000      -98149.7961
    1037.000      -98362.1036
    1038.000      -97950.8760
    1039.000      -98237.8980
    1040.000      -97929.3387
    1041.000      -98385.7830
    1042.000      -97732.8736
    1043.000      -98115.0108
    1044.000      -98211.2640
    1045.000      -98165.3577
    1046.000      -98343.8105
    1047.000      -98129.5377
    1048.000      -98302.1599
    1049.000      -98114.5804
    1050.000      -98055.7917
    1051.000      -98075.9422
    1052.000      -98152.7394
    1053.000      -97768.3178
    1054.000      -98207.2042
    1055.000      -98002.2679
    1056.000      -97903.6794
    1057.000      -97880.5587
    1058.000      -98091.5500
    1059.000      -98072.9855
    1060.000      -98414.8312
    1061.000      -98133.1308
    1062.000      -98249.1850
    1063.000      -98361.0398
    1064.000      -98241.4582
    1065.000      -97996.6294
    1066.000      -98209.5339
    1067.000      -98338.0155
    1068.000      -98181.2433
    1069.000      -98320.6657
    1070.000      -98272.6367
    1071.000      -98050.9312
    1072.000      -98243.5551
    1073.000      -98258.7592
    1074.000      -98078.3698
    1075.000      -98278.6542
    1076.000      -98126.1071
    1077.000      -98148.7209
    1078.000      -98072.5515
    1079.000      -98162.2329
    1080.000      -98246.6817
    1081.000      -98388.7373
    1082.000      -98094.4682
    1083.000      -98122.3527
    1084.000      -98248.8079
    1085.000      -98046.9193
    1086.000      -98050.4119
    1087.000      -97896.5466
    1088.000      -98235.9249
    1089.000      -98272.5385
    1090.000      -98183.0630
    1091.000      -98374.9532
    1092.000      -98446.8801
    1093.000      -98350.3599
    1094.000      -98230.1492
    1095.000      -98416.0792
    1096.000      -98108.7172
    1097.000      -98178.3924
    1098.000      -98131.7627
    1099.000      -98115.4567
    1100.000      -98446.6419
    1101.000      -98437.2499
    1102.000      -98023.1094
    1103.000      -98068.2158
    1104.000      -98164.1500
    1105.000      -98502.5433
    1106.000      -98284.7668
    1107.000      -98103.0766
    1108.000      -98244.6747
    1109.000      -98070.8269
    1110.000      -98193.3987
    1111.000      -98226.3296
    1112.000      -98299.3675
    1113.000      -98222.9148
    1114.000      -98025.7692
    1115.000      -98317.5629
    1116.000      -98215.9501
    1117.000      -98285.1388
    1118.000      -97920.2027
    1119.000      -97984.7005
    1120.000      -98559.1420
    1121.000      -98350.8388
    1122.000      -98268.0867
    1123.000      -97963.8843
    1124.000      -98007.3567
    1125.000      -98355.1464
    1126.000      -98047.0989
    1127.000      -98099.0781
    1128.000      -98004.5386
    1129.000      -98147.2052
    1130.000      -98287.9564
    1131.000      -98083.0804
    1132.000      -98095.0503
    1133.000      -98298.3056
    1134.000      -98079.0826
    1135.000      -98144.5843
    1136.000      -98181.9658
    1137.000      -98011.2519
    1138.000      -98071.2287
    1139.000      -98327.3361
    1140.000      -98290.0351
    1141.000      -98030.8780
    1142.000      -98185.7851
    1143.000      -98130.5274
    1144.000      -98053.4112
    1145.000      -98187.8222
    1146.000      -98178.7431
    1147.000      -98274.5262
    1148.000      -98223.0958
    1149.000      -98207.3154
    1150.000      -98325.1717
    1151.000      -98376.1283
    1152.000      -98233.7661
    1153.000      -98266.1194
    1154.000      -98209.0507
    1155.000      -98310.8995
    1156.000      -98095.6311
    1157.000      -97988.1651
    1158.000      -97970.1094
    1159.000      -98514.4783
    1160.000      -98120.4079
    1161.000      -98307.0489
    1162.000      -98267.0217
    1163.000      -97951.6030
    1164.000      -98064.3912
    1165.000      -98110.1863
    1166.000      -98030.2695
    1167.000      -98186.7845
    1168.000      -98220.7504
    1169.000      -98501.0476
    1170.000      -98200.0858
    1171.000      -98213.2437
    1172.000      -98137.7935
    1173.000      -98218.5399
    1174.000      -98051.1664
    1175.000      -98254.4567
    1176.000      -98435.6961
    1177.000      -98168.9424
    1178.000      -98146.9497
    1179.000      -98126.6155
    1180.000      -98138.2844
    1181.000      -98222.2337
    1182.000      -98094.5838
    1183.000      -98110.3015
    1184.000      -98235.8569
    1185.000      -98063.0330
    1186.000      -98037.8336
    1187.000      -98353.0625
    1188.000      -98354.0527
    1189.000      -98280.3220
    1190.000      -98154.0593
    1191.000      -98043.9535
    1192.000      -98167.5633
    1193.000      -98250.7130
    1194.000      -97857.8784
    1195.000      -97833.3156
    1196.000      -98261.8646
    1197.000      -98072.6339
    1198.000      -98228.1400
    1199.000      -98185.1317
    1200.000      -98175.7709
    1201.000      -97980.7154
    1202.000      -98138.3598
    1203.000      -98332.4304
    1204.000      -98076.3981
    1205.000      -98111.0880
    1206.000      -98186.9215
    1207.000      -98253.2203
    1208.000      -98123.6575
    1209.000      -98177.5705
    1210.000      -98491.7851
    1211.000      -97976.0597
    1212.000      -98082.7439
    1213.000      -98047.2682
    1214.000      -98474.6948
    1215.000      -98506.0858
    1216.000      -98224.2893
    1217.000      -98286.7623
    1218.000      -98300.6653
    1219.000      -98130.2395
    1220.000      -97945.4947
    1221.000      -98352.7120
    1222.000      -98043.8975
    1223.000      -97923.8382
    1224.000      -98176.9601
    1225.000      -98008.2222
    1226.000      -98145.9708
    1227.000      -98250.3928
    1228.000      -98304.3957
    1229.000      -98150.6933
    1230.000      -98208.2858
    1231.000      -98423.4900
    1232.000      -98380.9311
    1233.000      -98244.4236
    1234.000      -98098.8984
    1235.000      -98213.8095
    1236.000      -98124.6572
    1237.000      -98192.5619
    1238.000      -98032.0440
    1239.000      -98304.7374
    1240.000      -98407.8162
    1241.000      -98209.2361
    1242.000      -98278.7076
    1243.000      -98205.3759
    1244.000      -98334.7411
    1245.000      -98102.7816
    1246.000      -98248.3249
    1247.000      -98220.5050
    1248.000      -98124.6250
    1249.000      -97971.2466
    1250.000      -97997.9763
    1251.000      -98007.0656
    1252.000      -98000.3899
    1253.000      -98182.5709
    1254.000      -98182.2726
    1255.000      -98039.1555
    1256.000      -97952.2370
    1257.000      -98076.0312
    1258.000      -98269.5996
    1259.000      -98382.1202
    1260.000      -98381.0207
    1261.000      -98291.5476
    1262.000      -97921.7103
    1263.000      -98486.6761
    1264.000      -98327.1008
    1265.000      -98389.6555
    1266.000      -98306.2078
    1267.000      -98308.0003
    1268.000      -98354.4276
    1269.000      -98092.9824
    1270.000      -98020.3409
    1271.000      -98194.9612
    1272.000      -98157.8684
    1273.000      -98338.0356
    1274.000      -98066.4474
    1275.000      -98301.5245
    1276.000      -98225.3438
    1277.000      -98080.6002
    1278.000      -98208.7590
    1279.000      -98129.8536
    1280.000      -98246.6239
    1281.000      -98152.0432
    1282.000      -98260.1417
    1283.000      -98184.0974
    1284.000      -97885.8246
    1285.000      -98141.3908
    1286.000      -98087.3156
    1287.000      -98130.3444
    1288.000      -98115.6708
    1289.000      -98014.8820
    1290.000      -98117.5758
    1291.000      -97858.2026
    1292.000      -98286.0530
    1293.000      -98293.2566
    1294.000      -98186.8557
    1295.000      -98262.5949
    1296.000      -98085.6394
    1297.000      -98010.9560
    1298.000      -98257.9975
    1299.000      -98336.2554
    1300.000      -98262.4985
    1301.000      -98294.6112
    1302.000      -98031.3799
    1303.000      -98116.9523
    1304.000      -98067.1127
    1305.000      -97835.4565
    1306.000      -98419.7652
    1307.000      -98330.0170
    1308.000      -98180.0213
    1309.000      -98252.3944
    1310.000      -98212.2567
    1311.000      -98255.6520
    1312.000      -98099.0323
    1313.000      -98153.5484
    1314.000      -98234.5118
    1315.000      -98367.1361
    1316.000      -98233.1668
    1317.000      -98610.1967
    1318.000      -98273.8741
    1319.000      -98188.0439
    1320.000      -98261.7400
    1321.000      -98053.9121
    1322.000      -98180.3922
    1323.000      -98139.1701
    1324.000      -98306.1309
    1325.000      -98030.8361
    1326.000      -97948.2508
    1327.000      -98152.3960
    1328.000      -98193.6925
    1329.000      -98482.9915
    1330.000      -97961.9940
    1331.000      -98098.2848
    1332.000      -98248.6039
    1333.000      -98279.7886
    1334.000      -98061.4469
    1335.000      -98186.5850
    1336.000      -98172.1786
    1337.000      -97809.6135
    1338.000      -98223.3866
    1339.000      -98094.4351
    1340.000      -98243.9870
    1341.000      -98371.4455
    1342.000      -97956.2065
    1343.000      -97865.1190
    1344.000      -97988.9889
    1345.000      -98232.0537
    1346.000      -98129.6713
    1347.000      -98032.6552
    1348.000      -98481.7956
    1349.000      -98306.5048
    1350.000      -98355.4008
    1351.000      -98213.1715
    1352.000      -98374.5350
    1353.000      -98238.6598
    1354.000      -98230.6998
    1355.000      -98043.8403
    1356.000      -97899.1005
    1357.000      -98195.7891
    1358.000      -98278.7546
    1359.000      -98170.9717
    1360.000      -98216.8454
    1361.000      -97936.5003
    1362.000      -97886.2319
    1363.000      -98216.2795
    1364.000      -98247.1158
    1365.000      -97955.2169
    1366.000      -98256.2681
    1367.000      -98330.6350
    1368.000      -97933.2528
    1369.000      -97943.4930
    1370.000      -97897.6845
    1371.000      -98047.0162
    1372.000      -98464.1338
    1373.000      -98100.1719
    1374.000      -98174.8048
    1375.000      -98386.1201
    1376.000      -98045.4081
    1377.000      -98322.7477
    1378.000      -98272.3197
    1379.000      -98279.7004
    1380.000      -98507.4185
    1381.000      -98211.8317
    1382.000      -98088.3594
    1383.000      -97927.2114
    1384.000      -97985.5020
    1385.000      -98099.6085
    1386.000      -98286.2097
    1387.000      -97877.1715
    1388.000      -98374.4233
    1389.000      -98042.3948
    1390.000      -98309.5932
    1391.000      -98243.4395
    1392.000      -98185.6535
    1393.000      -98230.9472
    1394.000      -98192.7428
    1395.000      -98110.6602
    1396.000      -98053.4308
    1397.000      -98153.3986
    1398.000      -98189.2751
    1399.000      -98447.4025
    1400.000      -98353.5725
    1401.000      -98365.2504
    1402.000      -98267.1083
    1403.000      -98236.9698
    1404.000      -98068.2325
    1405.000      -98071.6851
    1406.000      -98285.6657
    1407.000      -98363.7381
    1408.000      -98232.4131
    1409.000      -98420.1265
    1410.000      -98201.0965
    1411.000      -98196.2141
    1412.000      -98199.9364
    1413.000      -98119.7216
    1414.000      -98363.8968
    1415.000      -98442.3230
    1416.000      -98081.2032
    1417.000      -98180.0847
    1418.000      -98125.8842
    1419.000      -98079.9824
    1420.000      -98304.4343
    1421.000      -98266.3415
    1422.000      -98507.1787
    1423.000      -98213.9217
    1424.000      -98247.1983
    1425.000      -98130.0304
    1426.000      -98078.2595
    1427.000      -98103.7276
    1428.000      -98089.7938
    1429.000      -98226.6356
    1430.000      -98041.1671
    1431.000      -98222.1240
    1432.000      -98152.4771
    1433.000      -98097.3948
    1434.000      -98346.7213
    1435.000      -98254.4686
    1436.000      -98133.7201
    1437.000      -98217.3430
    1438.000      -98454.4206
    1439.000      -98249.5605
    1440.000      -98310.5779
    1441.000      -98310.0906
    1442.000      -98216.3515
    1443.000      -98157.8366
    1444.000      -98330.0416
    1445.000      -98063.0496
    1446.000      -98206.7131
    1447.000      -98265.6681
    1448.000      -98112.5942
    1449.000      -98248.3784
    1450.000      -98555.4197
    1451.000      -98144.4201
    1452.000      -98239.3661
    1453.000      -98324.3336
    1454.000      -98460.4285
    1455.000      -98316.7310
    1456.000      -98255.2640
    1457.000      -98534.2214
    1458.000      -98315.7338
    1459.000      -98273.6378
    1460.000      -98251.4033
    1461.000      -98122.7662
    1462.000      -98193.2150
    1463.000      -98397.3211
    1464.000      -98167.4989
    1465.000      -98201.6410
    1466.000      -98405.2992
    1467.000      -98152.1588
    1468.000      -98063.7335
    1469.000      -98186.6685
    1470.000      -98044.8794
    1471.000      -98358.2279
    1472.000      -98335.6505
    1473.000      -98481.1304
    1474.000      -98462.4256
    1475.000      -98346.4025
    1476.000      -98176.5680
    1477.000      -98425.7466
    1478.000      -98257.5118
    1479.000      -98364.8489
    1480.000      -98202.3215
    1481.000      -98252.1324
    1482.000      -98386.6955
    1483.000      -98691.5169
    1484.000      -98140.9152
    1485.000      -98173.8401
    1486.000      -98143.8264
    1487.000      -98329.5311
    1488.000      -98398.9691
    1489.000      -98152.9852
    1490.000      -98192.8569
    1491.000      -98296.9537
    1492.000      -98358.6776
    1493.000      -98354.0432
    1494.000      -98333.4370
    1495.000      -98112.0429
    1496.000      -98175.4812
    1497.000      -98481.1157
    1498.000      -98168.4283
    1499.000      -98042.9816
    1500.000      -98095.5918
    1501.000      -98081.1747
    1502.000      -98205.2086
    1503.000      -98409.3772
    1504.000      -98385.4713
    1505.000      -98171.5152
    1506.000      -98330.1348
    1507.000      -98216.7580
    1508.000      -98085.4148
    1509.000      -98248.6002
    1510.000      -98253.4850
    1511.000      -98220.9392
    1512.000      -98483.9240
    1513.000      -98503.0544
    1514.000      -98013.9127
    1515.000      -98190.5230
    1516.000      -98375.6030
    1517.000      -98206.3948
    1518.000      -98278.2521
    1519.000      -98306.3089
    1520.000      -98133.9835
    1521.000      -97978.1567
    1522.000      -98200.1942
    1523.000      -98559.1537
    1524.000      -98212.4695
    1525.000      -98183.5107
    1526.000      -97831.3250
    1527.000      -98202.7393
    1528.000      -98164.4680
    1529.000      -98000.9099
    1530.000      -98316.4859
    1531.000      -98512.8558
    1532.000      -98239.5614
    1533.000      -98152.6948
    1534.000      -98403.2535
    1535.000      -98193.0686
    1536.000      -98031.2295
    1537.000      -98047.1931
    1538.000      -98371.1737
    1539.000      -98389.2134
    1540.000      -98291.8558
    1541.000      -98020.9028
    1542.000      -98070.5389
    1543.000      -98062.2233
    1544.000      -98408.0077
    1545.000      -98188.4382
    1546.000      -98212.4026
    1547.000      -98220.0234
    1548.000      -98119.2162
    1549.000      -98189.1986
    1550.000      -98279.4889
    1551.000      -98224.1653
    1552.000      -98436.1566
    1553.000      -97953.7900
    1554.000      -98104.4967
    1555.000      -98065.9847
    1556.000      -98303.4903
    1557.000      -97992.0130
    1558.000      -98092.2495
    1559.000      -98103.9248
    1560.000      -98393.9256
    1561.000      -98247.6113
    1562.000      -98356.6566
    1563.000      -98130.3749
    1564.000      -98510.7637
    1565.000      -98364.3088
    1566.000      -98354.5091
    1567.000      -98199.5195
    1568.000      -98169.5405
    1569.000      -98419.1971
    1570.000      -98222.7517
    1571.000      -98276.8578
    1572.000      -98438.9946
    1573.000      -98552.2834
    1574.000      -97950.0408
    1575.000      -98028.0291
    1576.000      -98062.4553
    1577.000      -98194.4876
    1578.000      -98336.0445
    1579.000      -98591.4699
    1580.000      -98309.7862
    1581.000      -98168.9642
    1582.000      -98357.0093
    1583.000      -98026.5672
    1584.000      -98191.8871
    1585.000      -98350.3207
    1586.000      -98275.4979
    1587.000      -98200.6131
    1588.000      -98178.0437
    1589.000      -98248.9698
    1590.000      -98189.7804
    1591.000      -98465.2630
    1592.000      -98591.9621
    1593.000      -98178.2360
    1594.000      -98183.5240
    1595.000      -98386.0695
    1596.000      -98507.9892
    1597.000      -98328.1140
    1598.000      -98409.0794
    1599.000      -98233.1798
    1600.000      -98164.8352
    1601.000      -98242.6681
    1602.000      -98261.2728
    1603.000      -98191.8382
    1604.000      -98289.9542
    1605.000      -98379.3072
    1606.000      -98437.2977
    1607.000      -98323.8429
    1608.000      -98190.6618
    1609.000      -98416.9126
    1610.000      -98196.6247
    1611.000      -98210.2693
    1612.000      -98212.2794
    1613.000      -98205.3158
    1614.000      -98259.3001
    1615.000      -98343.7320
    1616.000      -98066.6719
    1617.000      -98254.0009
    1618.000      -98116.8541
    1619.000      -98575.4923
    1620.000      -98288.2030
    1621.000      -97743.8386
    1622.000      -98322.6091
    1623.000      -98224.4422
    1624.000      -98173.6455
    1625.000      -98293.9570
    1626.000      -98154.6864
    1627.000      -98410.7732
    1628.000      -98306.2563
    1629.000      -98338.1957
    1630.000      -98540.4945
    1631.000      -98125.0520
    1632.000      -97992.7025
    1633.000      -97826.0576
    1634.000      -98154.8436
    1635.000      -98170.5845
    1636.000      -98080.7973
    1637.000      -98405.3799
    1638.000      -98356.9807
    1639.000      -98403.7484
    1640.000      -98483.1214
    1641.000      -98407.1166
    1642.000      -98218.4434
    1643.000      -98614.4270
    1644.000      -98233.0756
    1645.000      -98166.0032
    1646.000      -97995.1185
    1647.000      -98246.0193
    1648.000      -98305.3121
    1649.000      -98460.4453
    1650.000      -98418.5515
    1651.000      -98032.6138
    1652.000      -98207.5601
    1653.000      -98170.0948
    1654.000      -98478.1731
    1655.000      -98536.5422
    1656.000      -98476.4991
    1657.000      -98169.7819
    1658.000      -98377.0872
    1659.000      -98461.3868
    1660.000      -98435.7511
    1661.000      -98384.5119
    1662.000      -98443.3930
    1663.000      -98082.1230
    1664.000      -98169.9628
    1665.000      -98502.7588
    1666.000      -98045.2060
    1667.000      -98298.7903
    1668.000      -98354.6331
    1669.000      -98438.2955
    1670.000      -98318.3013
    1671.000      -98092.5000
    1672.000      -98232.3489
    1673.000      -98328.3547
    1674.000      -98169.0269
    1675.000      -98127.3806
    1676.000      -98394.6473
    1677.000      -98266.7457
    1678.000      -98291.7824
    1679.000      -98281.0674
    1680.000      -97959.5831
    1681.000      -98002.8087
    1682.000      -98080.8288
    1683.000      -98361.7373
    1684.000      -98377.0727
    1685.000      -98260.7018
    1686.000      -98154.5576
    1687.000      -98261.0699
    1688.000      -98313.6720
    1689.000      -98304.5996
    1690.000      -98343.9756
    1691.000      -98206.0069
    1692.000      -98129.4482
    1693.000      -98422.1641
    1694.000      -98402.6344
    1695.000      -98284.5615
    1696.000      -98217.3743
    1697.000      -98222.8699
    1698.000      -98259.9920
    1699.000      -98368.5632
    1700.000      -98248.4578
    1701.000      -98459.9626
    1702.000      -98217.0916
    1703.000      -98408.1128
    1704.000      -98187.7814
    1705.000      -98258.8023
    1706.000      -98343.4684
    1707.000      -98315.8557
    1708.000      -98384.1992
    1709.000      -98398.8124
    1710.000      -98460.3128
    1711.000      -98082.3745
    1712.000      -98283.6918
    1713.000      -98219.1825
    1714.000      -98296.5761
    1715.000      -98057.2847
    1716.000      -98224.3671
    1717.000      -98005.1744
    1718.000      -98269.9832
    1719.000      -98238.0491
    1720.000      -98295.4284
    1721.000      -98283.8514
    1722.000      -98376.4035
    1723.000      -98073.8577
    1724.000      -98202.9428
    1725.000      -97951.4219
    1726.000      -98395.3675
    1727.000      -98270.7943
    1728.000      -98442.5979
    1729.000      -98112.0692
    1730.000      -98248.1134
    1731.000      -98317.5503
    1732.000      -98143.7756
    1733.000      -98433.1867
    1734.000      -98386.4465
    1735.000      -98216.2951
    1736.000      -98185.2734
    1737.000      -98375.2941
    1738.000      -98234.3960
    1739.000      -98084.2098
    1740.000      -98382.1926
    1741.000      -98502.8255
    1742.000      -98249.8112
    1743.000      -98213.1614
    1744.000      -98375.6248
    1745.000      -98611.5162
    1746.000      -98277.8942
    1747.000      -98428.6418
    1748.000      -98443.4138
    1749.000      -98732.7028
    1750.000      -98628.0854
    1751.000      -98459.0210
    1752.000      -98203.1033
    1753.000      -98357.6257
    1754.000      -98070.7061
    1755.000      -98171.8302
    1756.000      -98221.0075
    1757.000      -98338.3412
    1758.000      -98264.4580
    1759.000      -98167.1838
    1760.000      -98225.8247
    1761.000      -98417.1909
    1762.000      -98359.5520
    1763.000      -98419.9645
    1764.000      -98223.2488
    1765.000      -98330.7429
    1766.000      -98318.5754
    1767.000      -98235.0496
    1768.000      -98455.9592
    1769.000      -98128.8618
    1770.000      -98446.9110
    1771.000      -98190.4085
    1772.000      -98258.5589
    1773.000      -97996.5647
    1774.000      -98121.5098
    1775.000      -98329.6389
    1776.000      -98074.6055
    1777.000      -98389.4306
    1778.000      -98294.4544
    1779.000      -98106.3320
    1780.000      -98454.8824
    1781.000      -98308.1759
    1782.000      -98164.2754
    1783.000      -98113.9330
    1784.000      -98383.6303
    1785.000      -98185.9886
    1786.000      -98445.3464
    1787.000      -98349.6521
    1788.000      -98309.8866
    1789.000      -98193.0893
    1790.000      -98023.2666
    1791.000      -98138.1768
    1792.000      -98216.6485
    1793.000      -98392.5597
    1794.000      -98257.1755
    1795.000      -98117.4267
    1796.000      -98301.6644
    1797.000      -98272.7820
    1798.000      -97878.5205
    1799.000      -98314.6112
    1800.000      -97893.6304
    1801.000      -98154.6277
    1802.000      -98373.6757
    1803.000      -98336.8057
    1804.000      -98294.2264
    1805.000      -98406.7323
    1806.000      -98142.8857
    1807.000      -98274.1898
    1808.000      -98281.2337
    1809.000      -98183.8064
    1810.000      -97927.8392
    1811.000      -98192.5591
    1812.000      -98085.7771
    1813.000      -98156.7566
    1814.000      -98092.0976
    1815.000      -98240.6858
    1816.000      -98427.5765
    1817.000      -98224.4148
    1818.000      -98302.7424
    1819.000      -98533.0718
    1820.000      -98285.7509
    1821.000      -98062.6566
    1822.000      -98393.6012
    1823.000      -98453.1528
    1824.000      -98075.4687
    1825.000      -98339.6974
    1826.000      -98298.3528
    1827.000      -98314.4445
    1828.000      -98547.5871
    1829.000      -98028.7796
    1830.000      -98218.4873
    1831.000      -98074.8760
    1832.000      -98406.9787
    1833.000      -98244.3558
    1834.000      -98371.5930
    1835.000      -97960.3776
    1836.000      -98351.4717
    1837.000      -98411.6492
    1838.000      -98252.7083
    1839.000      -98171.2642
    1840.000      -98207.3429
    1841.000      -98222.2309
    1842.000      -98225.5965
    1843.000      -98036.8716
    1844.000      -98211.3199
    1845.000      -98223.1293
    1846.000      -98343.3614
    1847.000      -98220.1525
    1848.000      -98361.3975
    1849.000      -98157.7841
    1850.000      -98266.2693
    1851.000      -98146.3367
    1852.000      -98427.3182
    1853.000      -98109.5291
    1854.000      -98377.0973
    1855.000      -98338.7925
    1856.000      -98214.9229
    1857.000      -98569.0573
    1858.000      -98017.9807
    1859.000      -98344.0372
    1860.000      -98334.1424
    1861.000      -98285.0262
    1862.000      -98372.7144
    1863.000      -98368.4387
    1864.000      -97946.6366
    1865.000      -98411.4360
    1866.000      -98191.3106
    1867.000      -98249.9033
    1868.000      -98325.3442
    1869.000      -98599.8654
    1870.000      -98485.4884
    1871.000      -98508.2162
    1872.000      -98589.4684
    1873.000      -98526.9397
    1874.000      -98395.8893
    1875.000      -98346.7144
    1876.000      -98281.8975
    1877.000      -98377.2466
    1878.000      -98292.7452
    1879.000      -98201.3644
    1880.000      -98101.9493
    1881.000      -98530.4328
    1882.000      -98097.1637
    1883.000      -98207.8693
    1884.000      -98070.3150
    1885.000      -98427.5546
    1886.000      -98364.8633
    1887.000      -98446.7426
    1888.000      -98377.2279
    1889.000      -98241.4488
    1890.000      -98274.2509
    1891.000      -98087.6887
    1892.000      -98249.1668
    1893.000      -98379.5259
    1894.000      -98426.7588
    1895.000      -98347.1493
    1896.000      -98357.2281
    1897.000      -98405.1908
    1898.000      -98211.4896
    1899.000      -98456.6713
    1900.000      -98109.6770
    1901.000      -98255.2799
    1902.000      -98251.8768
    1903.000      -97967.5089
    1904.000      -98377.3694
    1905.000      -98206.5325
    1906.000      -98457.8205
    1907.000      -98371.2304
    1908.000      -98245.1708
    1909.000      -98310.8920
    1910.000      -97995.9060
    1911.000      -98299.4611
    1912.000      -98518.0909
    1913.000      -98118.2769
    1914.000      -98623.0651
    1915.000      -98336.5362
    1916.000      -98265.0543
    1917.000      -98354.1266
    1918.000      -98212.4614
    1919.000      -98422.0831
    1920.000      -98037.7907
    1921.000      -98249.5096
    1922.000      -98251.3854
    1923.000      -98305.8348
    1924.000      -98210.5883
    1925.000      -98276.1073
    1926.000      -98206.7839
    1927.000      -98405.5619
    1928.000      -98505.2143
    1929.000      -98145.7220
    1930.000      -98185.8486
    1931.000      -98364.8626
    1932.000      -98304.8377
    1933.000      -98188.8734
    1934.000      -98178.4473
    1935.000      -98193.9552
    1936.000      -98069.2142
    1937.000      -98538.2009
    1938.000      -98212.0193
    1939.000      -98065.8259
    1940.000      -98327.1738
    1941.000      -98445.5966
    1942.000      -98452.9087
    1943.000      -98224.6722
    1944.000      -98277.2849
    1945.000      -98094.4345
    1946.000      -98126.1053
    1947.000      -98118.8055
    1948.000      -97982.1617
    1949.000      -97993.7029
    1950.000      -98257.3141
    1951.000      -98251.7853
    1952.000      -98216.3198
    1953.000      -98247.7766
    1954.000      -98391.7144
    1955.000      -98382.2099
    1956.000      -98224.3817
    1957.000      -98183.7366
    1958.000      -98216.5493
    1959.000      -98371.9051
    1960.000      -98223.3193
    1961.000      -98433.3523
    1962.000      -98515.0068
    1963.000      -98358.1128
    1964.000      -98262.0036
    1965.000      -98337.5416
    1966.000      -98364.1860
    1967.000      -98240.0823
    1968.000      -98256.7585
    1969.000      -98095.0025
    1970.000      -98269.9025
    1971.000      -98223.6654
    1972.000      -98326.4537
    1973.000      -98256.1513
    1974.000      -98309.2902
    1975.000      -98014.5277
    1976.000      -98115.4374
    1977.000      -98382.2417
    1978.000      -98159.6174
    1979.000      -98159.4135
    1980.000      -98281.1024
    1981.000      -98310.1652
    1982.000      -98200.2337
    1983.000      -98392.8217
    1984.000      -98380.9950
    1985.000      -98162.6082
    1986.000      -98121.1349
    1987.000      -98154.4810
    1988.000      -98251.0352
    1989.000      -98244.5631
    1990.000      -98300.2101
    1991.000      -98022.7640
    1992.000      -98160.7732
    1993.000      -98029.6109
    1994.000      -98043.6842
    1995.000      -98280.1906
    1996.000      -98168.8162
    1997.000      -98418.4781
    1998.000      -98179.8599
    1999.000      -98276.6134
    2000.000      -98208.7965
    2001.000      -98128.3955
    2002.000      -98174.2832
    2003.000      -97967.8510
    2004.000      -98013.0984
    2005.000      -98258.3217
    2006.000      -98230.0992
    2007.000      -98202.4864
    2008.000      -98124.0174
    2009.000      -98065.1001
    2010.000      -98193.6163
    2011.000      -98133.2241
    2012.000      -97932.4710
    2013.000      -98226.3978
    2014.000      -98338.2882
    2015.000      -98155.0833
    2016.000      -98266.7259
    2017.000      -98176.9605
    2018.000      -98368.9261
    2019.000      -98544.3924
    2020.000      -98194.1651
    2021.000      -98119.3273
    2022.000      -98161.2732
    2023.000      -98340.6879
    2024.000      -98201.7366
    2025.000      -98568.5823
    2026.000      -98071.3768
    2027.000      -98544.9321
    2028.000      -98342.2606
    2029.000      -98508.1906
    2030.000      -98569.3942
    2031.000      -98483.6667
    2032.000      -98234.3436
    2033.000      -98104.3268
    2034.000      -98341.4949
    2035.000      -98395.4577
    2036.000      -98369.6888
    2037.000      -98177.1604
    2038.000      -97939.7836
    2039.000      -98573.1700
    2040.000      -98516.5960
    2041.000      -98023.3054
    2042.000      -98632.6925
    2043.000      -98436.2369
    2044.000      -98576.6263
    2045.000      -98426.8094
    2046.000      -98593.3259
    2047.000      -98149.6512
    2048.000      -98540.4860
    2049.000      -98586.8534
    2050.000      -98378.4307
    2051.000      -98540.7981
    2052.000      -98417.2302
    2053.000      -98428.2996
    2054.000      -98259.9127
    2055.000      -98265.7800
    2056.000      -98469.0822
    2057.000      -98263.4527
    2058.000      -98375.7406
    2059.000      -98249.0049
    2060.000      -98506.5784
    2061.000      -98403.3991
    2062.000      -98096.0302
    2063.000      -98322.2811
    2064.000      -98525.5304
    2065.000      -98437.7950
    2066.000      -98182.8214
    2067.000      -98513.5787
    2068.000      -98443.3354
    2069.000      -98375.2960
    2070.000      -98186.6897
    2071.000      -98389.8901
    2072.000      -98145.6072
    2073.000      -98348.0504
    2074.000      -98317.6900
    2075.000      -98037.9043
    2076.000      -98158.0995
    2077.000      -98028.8631
    2078.000      -98248.7845
    2079.000      -98219.9900
    2080.000      -98327.3825
    2081.000      -98448.1445
    2082.000      -98276.8249
    2083.000      -98009.5839
    2084.000      -98189.0367
    2085.000      -98293.7634
    2086.000      -98521.7813
    2087.000      -98541.7833
    2088.000      -98273.3277
    2089.000      -98238.4008
    2090.000      -98374.5143
    2091.000      -98042.2239
    2092.000      -98133.8551
    2093.000      -98095.1709
    2094.000      -97988.4715
    2095.000      -98255.4475
    2096.000      -98290.6762
    2097.000      -98167.7721
    2098.000      -98229.3811
    2099.000      -97953.1196
    2100.000      -98244.3327
    2101.000      -97979.0964
    2102.000      -98082.9125
    2103.000      -98223.3245
    2104.000      -98248.0779
    2105.000      -98094.3252
    2106.000      -98249.2259
    2107.000      -98428.0395
    2108.000      -98439.8036
    2109.000      -98126.9694
    2110.000      -98312.3558
    2111.000      -98483.6831
    2112.000      -98051.9397
    2113.000      -98216.0341
    2114.000      -98290.5135
    2115.000      -98300.7398
    2116.000      -98469.3278
    2117.000      -98353.1794
    2118.000      -98530.2510
    2119.000      -98279.7938
    2120.000      -98264.3404
    2121.000      -98115.5193
    2122.000      -97897.3207
    2123.000      -98273.9334
    2124.000      -98201.6959
    2125.000      -97986.2802
    2126.000      -98469.1924
    2127.000      -98128.2320
    2128.000      -98304.0213
    2129.000      -98081.4814
    2130.000      -98338.1924
    2131.000      -98210.1209
    2132.000      -98027.7002
    2133.000      -98194.9992
    2134.000      -98344.7421
    2135.000      -98338.0283
    2136.000      -98195.8031
    2137.000      -98536.7225
    2138.000      -98166.7415
    2139.000      -98040.5767
    2140.000      -98034.2735
    2141.000      -98075.3484
    2142.000      -98148.2744
    2143.000      -98126.0617
    2144.000      -98200.0283
    2145.000      -97930.0661
    2146.000      -98029.3229
    2147.000      -98266.4115
    2148.000      -98453.6500
    2149.000      -98438.9489
    2150.000      -98716.4766
    2151.000      -98504.6794
    2152.000      -98280.0406
    2153.000      -98250.4722
    2154.000      -98312.7688
    2155.000      -98398.1609
    2156.000      -98224.8008
    2157.000      -98254.0181
    2158.000      -98151.7130
    2159.000      -98374.1840
    2160.000      -98450.0224
    2161.000      -98203.8998
    2162.000      -98259.4094
    2163.000      -98405.6562
    2164.000      -98328.0764
    2165.000      -98316.8015
    2166.000      -98443.8995
    2167.000      -98479.2472
    2168.000      -97945.9614
    2169.000      -98150.2845
    2170.000      -98017.9824
    2171.000      -98338.7756
    2172.000      -98285.1975
    2173.000      -98216.8213
    2174.000      -98505.1419
    2175.000      -98257.1527
    2176.000      -98175.0466
    2177.000      -98185.4512
    2178.000      -98043.6518
    2179.000      -98322.9923
    2180.000      -98311.9823
    2181.000      -98194.5182
    2182.000      -98202.1989
    2183.000      -98549.1633
    2184.000      -98219.6624
    2185.000      -98299.7836
    2186.000      -98104.7063
    2187.000      -98264.9364
    2188.000      -98253.2852
    2189.000      -98306.7130
    2190.000      -98368.6488
    2191.000      -98103.8583
    2192.000      -98358.7630
    2193.000      -98453.1596
    2194.000      -98310.0789
    2195.000      -98369.2608
    2196.000      -98400.9571
    2197.000      -98364.3999
    2198.000      -98458.7236
    2199.000      -98374.0952
    2200.000      -98356.9395
    2201.000      -98279.5666
    2202.000      -98235.8451
    2203.000      -98348.7810
    2204.000      -98166.9204
    2205.000      -98571.1786
    2206.000      -98418.1397
    2207.000      -98305.9868
    2208.000      -97956.5811
    2209.000      -98329.0105
    2210.000      -98233.5092
    2211.000      -98365.8561
    2212.000      -98387.1392
    2213.000      -98284.0216
    2214.000      -98297.6432
    2215.000      -98146.1153
    2216.000      -98182.3662
    2217.000      -98161.0993
    2218.000      -98395.1232
    2219.000      -98305.2109
    2220.000      -98009.8061
    2221.000      -98039.3289
    2222.000      -98161.8787
    2223.000      -98228.7333
    2224.000      -98463.5969
    2225.000      -98182.9472
    2226.000      -98410.3682
    2227.000      -98602.4979
    2228.000      -98261.7093
    2229.000      -98263.6340
    2230.000      -98391.1880
    2231.000      -98477.4936
    2232.000      -98451.8822
    2233.000      -98359.6240
    2234.000      -98362.5152
    2235.000      -98048.4935
    2236.000      -98121.2823
    2237.000      -98132.1010
    2238.000      -98188.4607
    2239.000      -98136.2840
    2240.000      -98255.5392
    2241.000      -98005.3288
    2242.000      -98309.3079
    2243.000      -98438.0190
    2244.000      -98126.1599
    2245.000      -98153.4266
    2246.000      -98198.9466
    2247.000      -98078.6593
    2248.000      -98286.2546
    2249.000      -98401.4850
    2250.000      -98441.6106
    2251.000      -98324.8407
    2252.000      -98393.7722
    2253.000      -98227.2528
    2254.000      -98296.3639
    2255.000      -98329.3284
    2256.000      -98680.5821
    2257.000      -98279.3330
    2258.000      -98315.5591
    2259.000      -98428.2622
    2260.000      -98338.7184
    2261.000      -98225.0484
    2262.000      -98519.3672
    2263.000      -98337.5061
    2264.000      -98300.4961
    2265.000      -98389.1967
    2266.000      -98243.4337
    2267.000      -98167.9775
    2268.000      -98314.0979
    2269.000      -98394.9789
    2270.000      -98246.6233
    2271.000      -98433.9359
    2272.000      -98353.3222
    2273.000      -98316.0063
    2274.000      -98357.7966
    2275.000      -98155.4941
    2276.000      -98342.5211
    2277.000      -98331.2031
    2278.000      -98336.5847
    2279.000      -98381.7531
    2280.000      -98439.1093
    2281.000      -98009.2679
    2282.000      -98169.1651
    2283.000      -98358.3012
    2284.000      -98198.1460
    2285.000      -98121.5442
    2286.000      -98255.1543
    2287.000      -98053.4919
    2288.000      -98317.9664
    2289.000      -97904.7511
    2290.000      -98449.7316
    2291.000      -98195.3939
    2292.000      -98140.0453
    2293.000      -98199.6310
    2294.000      -98287.1880
    2295.000      -98593.2946
    2296.000      -98251.0166
    2297.000      -98245.0358
    2298.000      -98078.6854
    2299.000      -98107.0762
    2300.000      -98237.4042
    2301.000      -98346.6858
    2302.000      -97983.7549
    2303.000      -98209.7193
    2304.000      -98666.9864
    2305.000      -98489.0792
    2306.000      -98309.0856
    2307.000      -98658.6669
    2308.000      -98233.3830
    2309.000      -98228.2871
    2310.000      -98088.5599
    2311.000      -98191.5393
    2312.000      -98257.3433
    2313.000      -98210.0179
    2314.000      -98164.2750
    2315.000      -98282.5358
    2316.000      -98281.2183
    2317.000      -98152.8350
    2318.000      -98186.0493
    2319.000      -98347.0618
    2320.000      -98142.0717
    2321.000      -98339.5070
    2322.000      -98393.3589
    2323.000      -98361.0822
    2324.000      -98483.7064
    2325.000      -98366.4664
    2326.000      -98428.6760
    2327.000      -98528.3019
    2328.000      -98529.3771
    2329.000      -98139.2384
    2330.000      -98659.1301
    2331.000      -98156.6034
    2332.000      -98565.4363
    2333.000      -98365.9881
    2334.000      -98399.5261
    2335.000      -98501.5782
    2336.000      -98467.4877
    2337.000      -98562.1469
    2338.000      -98442.6110
    2339.000      -98270.2679
    2340.000      -98507.7337
    2341.000      -98319.3648
    2342.000      -98410.8367
    2343.000      -98440.6068
    2344.000      -98065.9259
    2345.000      -98014.7601
    2346.000      -98152.6088
    2347.000      -98379.0018
    2348.000      -98149.7696
    2349.000      -98275.1375
    2350.000      -98484.7501
    2351.000      -98543.7273
    2352.000      -98589.2746
    2353.000      -98676.4504
    2354.000      -98175.8423
    2355.000      -98241.4579
    2356.000      -98227.6051
    2357.000      -98389.5077
    2358.000      -98281.5682
    2359.000      -98235.8439
    2360.000      -98337.8658
    2361.000      -98189.5856
    2362.000      -98281.7355
    2363.000      -98344.8732
    2364.000      -98473.4127
    2365.000      -97982.9168
    2366.000      -98307.6025
    2367.000      -98135.5735
    2368.000      -98177.7382
    2369.000      -98180.4354
    2370.000      -98483.5683
    2371.000      -98470.5168
    2372.000      -98276.1881
    2373.000      -98388.6186
    2374.000      -98471.7374
    2375.000      -98365.0604
    2376.000      -98142.7728
    2377.000      -98387.4544
    2378.000      -98188.1838
    2379.000      -98126.0274
    2380.000      -98258.7576
    2381.000      -98226.8126
    2382.000      -98147.4760
    2383.000      -98100.9571
    2384.000      -98268.1123
    2385.000      -98466.0298
    2386.000      -98253.6491
    2387.000      -98489.0701
    2388.000      -98311.3124
    2389.000      -98570.2325
    2390.000      -98348.5236
    2391.000      -98282.7429
    2392.000      -98281.9330
    2393.000      -98323.6876
    2394.000      -98290.7129
    2395.000      -98486.1582
    2396.000      -98234.6687
    2397.000      -98542.3118
    2398.000      -98289.4236
    2399.000      -98141.7327
    2400.000      -98235.5219
    2401.000      -98110.0644
    2402.000      -98226.4183
    2403.000      -98542.0354
    2404.000      -98348.7680
    2405.000      -98304.5470
    2406.000      -98083.3452
    2407.000      -97983.9787
    2408.000      -98125.9021
    2409.000      -98092.1193
    2410.000      -98239.0177
    2411.000      -98221.1273
    2412.000      -98265.2145
    2413.000      -98434.0105
    2414.000      -98331.3191
    2415.000      -98265.9777
    2416.000      -98327.2053
    2417.000      -98505.9517
    2418.000      -98044.2601
    2419.000      -98367.6245
    2420.000      -98529.1133
    2421.000      -98404.1373
    2422.000      -98254.6634
    2423.000      -98253.5197
    2424.000      -98320.3702
    2425.000      -97986.6872
    2426.000      -98350.6129
    2427.000      -98467.8582
    2428.000      -98311.4982
    2429.000      -98177.7639
    2430.000      -98354.9202
    2431.000      -98497.7854
    2432.000      -98203.8888
    2433.000      -98131.4608
    2434.000      -98361.4041
    2435.000      -98421.3567
    2436.000      -98024.5128
    2437.000      -98201.8206
    2438.000      -98206.8943
    2439.000      -98222.7771
    2440.000      -98382.2640
    2441.000      -98051.8121
    2442.000      -98397.6973
    2443.000      -98352.0977
    2444.000      -98603.6635
    2445.000      -98434.4059
    2446.000      -98044.3093
    2447.000      -98138.5666
    2448.000      -98432.5203
    2449.000      -98393.6129
    2450.000      -98220.1836
    2451.000      -98382.3917
    2452.000      -98456.1969
    2453.000      -98320.8529
    2454.000      -98339.1692
    2455.000      -98398.1286
    2456.000      -98306.7653
    2457.000      -98628.2308
    2458.000      -98399.3093
    2459.000      -98144.8339
    2460.000      -98488.3242
    2461.000      -98356.2924
    2462.000      -98367.1897
    2463.000      -98612.3564
    2464.000      -98442.8195
    2465.000      -98191.4986
    2466.000      -98238.9983
    2467.000      -98158.3538
    2468.000      -98453.4699
    2469.000      -98182.0237
    2470.000      -98159.6099
    2471.000      -98195.3611
    2472.000      -98471.0739
    2473.000      -98409.9794
    2474.000      -98594.3067
    2475.000      -98232.1372
    2476.000      -98539.7020
    2477.000      -98263.8349
    2478.000      -98302.3603
    2479.000      -98378.4756
    2480.000      -98155.6477
    2481.000      -98326.5820
    2482.000      -98302.5197
    2483.000      -98025.9025
    2484.000      -98071.9685
    2485.000      -98104.5721
    2486.000      -98304.1253
    2487.000      -98363.8814
    2488.000      -98233.5441
    2489.000      -98409.7462
    2490.000      -98271.7520
    2491.000      -98514.1976
    2492.000      -98329.4960
    2493.000      -98323.8906
    2494.000      -98420.0115
    2495.000      -98508.9642
    2496.000      -98466.0765
    2497.000      -98451.6393
    2498.000      -98499.6705
    2499.000      -98482.0388
    2500.000      -98188.5857
    2501.000      -98352.3604
    2502.000      -98235.9225
    2503.000      -98226.0773
    2504.000      -98054.9793
    2505.000      -98229.3050
    2506.000      -98142.8189
    2507.000      -98623.4845
    2508.000      -98370.6282
    2509.000      -98158.9317
    2510.000      -98358.7979
    2511.000      -98468.8217
    2512.000      -98617.4258
    2513.000      -98279.0171
    2514.000      -98354.4879
    2515.000      -98223.1279
    2516.000      -98267.4513
    2517.000      -98049.9098
    2518.000      -98217.9728
    2519.000      -98189.7794
    2520.000      -98216.1738
    2521.000      -98243.5222
    2522.000      -98430.3730
    2523.000      -98132.5513
    2524.000      -98235.6525
    2525.000      -98303.0733
    2526.000      -98241.3309
    2527.000      -98368.8864
    2528.000      -98246.6628
    2529.000      -98158.4444
    2530.000      -98443.2195
    2531.000      -98275.8909
    2532.000      -98469.2536
    2533.000      -98474.4771
    2534.000      -98262.9957
    2535.000      -98088.8336
    2536.000      -98003.0660
    2537.000      -98233.8674
    2538.000      -98376.1535
    2539.000      -98382.2156
    2540.000      -98221.1919
    2541.000      -98448.3084
    2542.000      -98578.9930
    2543.000      -98208.4106
    2544.000      -97922.8737
    2545.000      -98290.5332
    2546.000      -98298.8973
    2547.000      -98345.3014
    2548.000      -98175.4582
    2549.000      -98345.4888
    2550.000      -98465.9511
    2551.000      -98450.3160
    2552.000      -98491.6287
    2553.000      -98271.7175
    2554.000      -98203.4704
    2555.000      -98322.0189
    2556.000      -98318.0641
    2557.000      -98612.9042
    2558.000      -98360.9839
    2559.000      -98312.9344
    2560.000      -98044.4024
    2561.000      -98232.0100
    2562.000      -98239.9101
    2563.000      -98344.1213
    2564.000      -98173.4019
    2565.000      -98426.9379
    2566.000      -98248.5046
    2567.000      -98225.2550
    2568.000      -98075.5735
    2569.000      -98174.9478
    2570.000      -98146.2597
    2571.000      -98163.8187
    2572.000      -98367.3922
    2573.000      -98110.4426
    2574.000      -98304.8024
    2575.000      -98212.8192
    2576.000      -98316.1288
    2577.000      -98077.9683
    2578.000      -98056.5092
    2579.000      -98490.7594
    2580.000      -98097.4104
    2581.000      -98182.8904
    2582.000      -98286.1446
    2583.000      -98104.8017
    2584.000      -98221.8371
    2585.000      -97921.4065
    2586.000      -98141.2960
    2587.000      -98274.2983
    2588.000      -98099.3214
    2589.000      -98208.8029
    2590.000      -98343.2396
    2591.000      -98340.2110
    2592.000      -98251.9033
    2593.000      -98324.1562
    2594.000      -98049.7763
    2595.000      -98607.0083
    2596.000      -98561.0869
    2597.000      -98290.8005
    2598.000      -98213.3945
    2599.000      -98281.2794
    2600.000      -98276.5537
    2601.000      -98272.8497
    2602.000      -98516.1720
    2603.000      -98238.2143
    2604.000      -98367.3056
    2605.000      -98466.4976
    2606.000      -98489.3145
    2607.000      -98423.8957
    2608.000      -98127.4992
    2609.000      -98250.0909
    2610.000      -98285.6543
    2611.000      -98208.2011
    2612.000      -98123.6650
    2613.000      -98369.8474
    2614.000      -98430.4616
    2615.000      -98517.8722
    2616.000      -98305.1916
    2617.000      -98236.7446
    2618.000      -98412.8188
    2619.000      -98245.5917
    2620.000      -98334.2905
    2621.000      -98196.9422
    2622.000      -98380.8188
    2623.000      -98484.3231
    2624.000      -98402.9702
    2625.000      -98172.3061
    2626.000      -98204.4265
    2627.000      -98349.1922
    2628.000      -98663.5233
    2629.000      -98129.3212
    2630.000      -98368.2538
    2631.000      -98330.6088
    2632.000      -98428.8411
    2633.000      -98162.5716
    2634.000      -98487.2498
    2635.000      -98226.2293
    2636.000      -98359.3172
    2637.000      -98336.6595
    2638.000      -98559.0203
    2639.000      -98324.9199
    2640.000      -98020.0022
    2641.000      -98192.4919
    2642.000      -98399.4900
    2643.000      -98446.5723
    2644.000      -98240.6463
    2645.000      -98245.0719
    2646.000      -98203.8381
    2647.000      -98497.1603
    2648.000      -98353.5186
    2649.000      -98230.3700
    2650.000      -98360.1153
    2651.000      -98379.4442
    2652.000      -98519.8477
    2653.000      -98174.3398
    2654.000      -98453.1215
    2655.000      -98311.9863
    2656.000      -98026.5516
    2657.000      -98337.2393
    2658.000      -98614.2083
    2659.000      -98346.6746
    2660.000      -98328.4616
    2661.000      -98309.3802
    2662.000      -98197.9171
    2663.000      -98417.2368
    2664.000      -98306.7199
    2665.000      -98440.9099
    2666.000      -98330.5722
    2667.000      -98325.0269
    2668.000      -98467.3768
    2669.000      -98597.7239
    2670.000      -98331.0670
    2671.000      -98304.2031
    2672.000      -98432.8536
    2673.000      -98321.3311
    2674.000      -98417.5885
    2675.000      -98313.1056
    2676.000      -98427.4506
    2677.000      -98335.6455
    2678.000      -98308.5977
    2679.000      -98200.8572
    2680.000      -98367.0537
    2681.000      -98422.6224
    2682.000      -98265.8253
    2683.000      -98421.4304
    2684.000      -98595.2860
    2685.000      -98518.6085
    2686.000      -98389.6994
    2687.000      -98536.3600
    2688.000      -98362.6302
    2689.000      -98497.7991
    2690.000      -98427.8820
    2691.000      -98357.1569
    2692.000      -98383.3533
    2693.000      -98186.3647
    2694.000      -98278.7031
    2695.000      -98274.0491
    2696.000      -98433.0126
    2697.000      -98325.4898
    2698.000      -98311.7483
    2699.000      -98288.3438
    2700.000      -98527.0163
    2701.000      -98153.0987
    2702.000      -98268.1295
    2703.000      -98290.3555
    2704.000      -98555.5386
    2705.000      -98403.3217
    2706.000      -98345.4836
    2707.000      -98163.9513
    2708.000      -98137.8275
    2709.000      -98350.9585
    2710.000      -98171.5448
    2711.000      -98229.7917
    2712.000      -98078.4669
    2713.000      -98403.8388
    2714.000      -98437.9872
    2715.000      -98114.2103
    2716.000      -98275.2706
    2717.000      -98020.2723
    2718.000      -98233.4177
    2719.000      -98072.8559
    2720.000      -98038.2950
    2721.000      -98194.8616
    2722.000      -98359.5902
    2723.000      -98128.9663
    2724.000      -98209.8977
    2725.000      -98511.8424
    2726.000      -98677.0833
    2727.000      -98499.6699
    2728.000      -98109.0976
    2729.000      -98394.1833
    2730.000      -98390.2165
    2731.000      -98156.7153
    2732.000      -98562.9323
    2733.000      -98336.9357
    2734.000      -98107.3635
    2735.000      -98307.6082
    2736.000      -98251.3651
    2737.000      -98280.3684
    2738.000      -98435.8734
    2739.000      -98428.3768
    2740.000      -98527.5844
    2741.000      -98136.3203
    2742.000      -98333.8041
    2743.000      -98254.7310
    2744.000      -98341.0475
    2745.000      -98561.7003
    2746.000      -98364.9315
    2747.000      -98334.9734
    2748.000      -98614.4072
    2749.000      -98154.1646
    2750.000      -98282.8801
    2751.000      -98190.3691
    2752.000      -98506.1200
    2753.000      -98022.0917
    2754.000      -98244.4548
    2755.000      -98259.8341
    2756.000      -98311.2683
    2757.000      -98265.1880
    2758.000      -98053.8420
    2759.000      -98286.0683
    2760.000      -98400.2305
    2761.000      -98230.1620
    2762.000      -98303.4448
    2763.000      -98111.4068
    2764.000      -98289.8141
    2765.000      -98042.0790
    2766.000      -98211.8273
    2767.000      -98253.8687
    2768.000      -98280.9204
    2769.000      -98202.7657
    2770.000      -98430.2760
    2771.000      -98159.1659
    2772.000      -98140.4517
    2773.000      -98191.8454
    2774.000      -97955.3681
    2775.000      -98510.4515
    2776.000      -98548.1677
    2777.000      -98433.0510
    2778.000      -98355.3801
    2779.000      -98331.8892
    2780.000      -98368.7461
    2781.000      -98096.3430
    2782.000      -98239.9303
    2783.000      -98225.2263
    2784.000      -98365.4831
    2785.000      -98516.9012
    2786.000      -98334.1587
    2787.000      -98211.0773
    2788.000      -98180.3907
    2789.000      -98545.4493
    2790.000      -98405.4134
    2791.000      -98001.6829
    2792.000      -98459.2065
    2793.000      -98532.0311
    2794.000      -98286.1781
    2795.000      -98318.7212
    2796.000      -98425.5929
    2797.000      -98348.4633
    2798.000      -98695.7478
    2799.000      -98315.2353
    2800.000      -98386.2013
    2801.000      -98366.1394
    2802.000      -98344.5875
    2803.000      -98201.6834
    2804.000      -98273.2724
    2805.000      -98405.5685
    2806.000      -98152.9529
    2807.000      -98541.0224
    2808.000      -98481.7861
    2809.000      -98363.2018
    2810.000      -98522.7895
    2811.000      -98501.4310
    2812.000      -98163.0665
    2813.000      -98308.7808
    2814.000      -98264.3068
    2815.000      -98081.5944
    2816.000      -98230.6701
    2817.000      -98484.0622
    2818.000      -98328.2586
    2819.000      -98379.1475
    2820.000      -98540.9220
    2821.000      -98725.5227
    2822.000      -98435.6948
    2823.000      -98518.1643
    2824.000      -98357.9111
    2825.000      -98498.3082
    2826.000      -98424.0751
    2827.000      -98489.1343
    2828.000      -98503.4257
    2829.000      -98087.2735
    2830.000      -98337.6699
    2831.000      -98300.2180
    2832.000      -98259.9404
    2833.000      -98126.8512
    2834.000      -98368.1899
    2835.000      -98344.6321
    2836.000      -98557.6486
    2837.000      -98586.9499
    2838.000      -98525.4077
    2839.000      -98357.2680
    2840.000      -98514.2341
    2940.000      -98080.1630
    3040.000      -98182.2062
    3140.000      -98375.0595
    3240.000      -98533.0108
    3340.000      -98454.2445
    3440.000      -98289.1031
    3540.000      -98320.6880
    3640.000      -98541.3225
    3740.000      -98161.9722
    3840.000      -98363.5100
    3940.000      -98227.0112
    4040.000      -98507.7436
    4140.000      -98341.4890
    4240.000      -98478.0051
    4340.000      -98244.9763
    4440.000      -98378.5496
    4540.000      -98283.8887
    4640.000      -98558.2668
    4740.000      -98408.2415
    4840.000      -98316.8330
    4940.000      -98365.0223
