     141.000      -76188.4997
     142.000      -76840.7402
     143.000      -76842.4844
     144.000      -77074.8189
     145.000      -77185.3285
     146.000      -77322.4368
     147.000      -77529.2901
     148.000      -77489.7659
     149.000      -77779.6506
     150.000      -77715.2829
     151.000      -77890.9584
     152.000      -77991.7586
     153.000      -78205.5725
     154.000      -77774.3004
     155.000      -78438.1146
     156.000      -78328.2607
     157.000      -78265.2757
     158.000      -78145.3219
     159.000      -78073.0745
     160.000      -78008.0898
     161.000      -78295.5034
     162.000      -78366.2192
     163.000      -78038.7248
     164.000      -78426.0172
     165.000      -78059.5754
     166.000      -78214.6147
     167.000      -78421.9585
     168.000      -78053.4940
     169.000      -78239.6982
     170.000      -78135.8955
     171.000      -78510.9671
     172.000      -78131.9708
     173.000      -77874.0259
     174.000      -77886.2704
     175.000      -78095.3841
     176.000      -78236.5221
     177.000      -79093.1321
     178.000      -78476.1490
     179.000      -78280.9555
     180.000      -78200.4824
     181.000      -78530.7878
     182.000      -78777.4360
     183.000      -78212.3536
     184.000      -77922.0778
     185.000      -78198.0258
     186.000      -78167.3716
     187.000      -78181.9929
     188.000      -78436.4648
     189.000      -78447.9750
     190.000      -78537.9250
     191.000      -78188.2864
     192.000      -78201.1476
     193.000      -78565.8699
     194.000      -78552.5281
     195.000      -78416.4653
     196.000      -78503.0026
     197.000      -78593.9021
     198.000      -77996.0504
     199.000      -78319.1499
     200.000      -78440.8179
     201.000      -78102.5547
     202.000      -78540.7079
     203.000      -78590.5089
     204.000      -78535.3745
     205.000      -78361.7930
     206.000      -78398.0314
     207.000      -78183.0884
     208.000      -78402.3848
     209.000      -78524.0624
     210.000      -78415.0402
     211.000      -78328.0360
     212.000      -78309.3230
     213.000      -78176.3537
     214.000      -78075.2149
     215.000      -78242.1352
     216.000      -78154.2047
     217.000      -78464.0498
     218.000      -78581.0034
     219.000      -78279.9812
     220.000      -78182.1761
     221.000      -78322.8269
     222.000      -78326.1246
     223.000      -78602.2104
     224.000      -78141.0367
     225.000      -78171.3775
     226.000      -78460.3704
     227.000      -78299.2262
     228.000      -78492.2678
     229.000      -78567.2867
     230.000      -78537.9161
     231.000      -78544.1052
     232.000      -78812.2733
     233.000      -78433.7408
     234.000      -78123.0386
     235.000      -78244.9032
     236.000      -78328.0619
     237.000      -78343.0481
     238.000      -78585.5329
     239.000      -78565.0789
     240.000      -78508.3344
     241.000      -78132.0031
     242.000      -78481.4488
     243.000      -78646.0767
     244.000      -78179.0560
     245.000      -78233.8803
     246.000      -77967.3471
     247.000      -78515.3130
     248.000      -78865.8340
     249.000      -78241.0683
     250.000      -78364.4629
     251.000      -78508.1258
     252.000      -78612.3562
     253.000      -78337.1035
     254.000      -78504.4950
     255.000      -78165.8639
     256.000      -78055.4213
     257.000      -78354.2184
     258.000      -78522.1231
     259.000      -78349.4184
     260.000      -78449.8426
     261.000      -78412.8971
     262.000      -78189.9516
     263.000      -78401.3042
     264.000      -78395.1603
     265.000      -78195.2454
     266.000      -78353.7913
     267.000      -78698.4737
     268.000      -78263.7093
     269.000      -78262.0520
     270.000      -78287.1789
     271.000      -78409.3041
     272.000      -78273.6580
     273.000      -78392.2144
     274.000      -78420.4146
     275.000      -78499.5818
     276.000      -78308.7011
     277.000      -78326.5792
     278.000      -78585.7822
     279.000      -78704.2400
     280.000      -78395.1602
     281.000      -78442.6962
     282.000      -78354.8872
     283.000      -78167.0196
     284.000      -78203.6505
     285.000      -78262.0770
     286.000      -78428.1692
     287.000      -78382.2228
     288.000      -78395.7145
     289.000      -78392.9983
     290.000      -78535.4714
     291.000      -78545.6577
     292.000      -78322.6109
     293.000      -78332.4720
     294.000      -78540.4609
     295.000      -78287.9309
     296.000      -78215.5780
     297.000      -78569.9746
     298.000      -78556.5954
     299.000      -78152.1937
     300.000      -78362.3780
     301.000      -78194.2476
     302.000      -78084.3034
     303.000      -78384.3091
     304.000      -78411.1355
     305.000      -78213.4404
     306.000      -78708.0853
     307.000      -78560.2693
     308.000      -78369.5232
     309.000      -78265.3815
     310.000      -78446.6722
     311.000      -78562.2546
     312.000      -78546.0802
     313.000      -78331.7232
     314.000      -78573.7337
     315.000      -78219.3617
     316.000      -78555.2351
     317.000      -78469.6261
     318.000      -78370.4098
     319.000      -78296.9774
     320.000      -78224.3480
     321.000      -78474.8178
     322.000      -78551.6318
     323.000      -78502.1817
     324.000      -78396.0919
     325.000      -78202.5452
     326.000      -78179.5478
     327.000      -78387.3464
     328.000      -78184.3965
     329.000      -78180.0728
     330.000      -78310.8322
     331.000      -78391.7155
     332.000      -78395.5382
     333.000      -78564.2592
     334.000      -78349.9933
     335.000      -78013.7970
     336.000      -78558.3552
     337.000      -78360.9280
     338.000      -78320.3966
     339.000      -78284.6286
     340.000      -78230.7993
     341.000      -78350.6672
     342.000      -78329.4931
     343.000      -78457.0250
     344.000      -78300.5243
     345.000      -78514.9425
     346.000      -78341.7575
     347.000      -78404.6599
     348.000      -78193.7997
     349.000      -78238.0283
     350.000      -78573.7819
     351.000      -78278.9958
     352.000      -78645.8281
     353.000      -78630.4041
     354.000      -78308.5631
     355.000      -78590.2389
     356.000      -78509.2228
     357.000      -78219.5004
     358.000      -78341.2155
     359.000      -78458.5895
     360.000      -78508.6746
     361.000      -78247.5544
     362.000      -78339.8051
     363.000      -78569.3920
     364.000      -78240.2195
     365.000      -78398.7813
     366.000      -78827.4231
     367.000      -78178.4820
     368.000      -78745.9719
     369.000      -78504.7951
     370.000      -78728.5299
     371.000      -78580.5979
     372.000      -78277.5025
     373.000      -78761.6898
     374.000      -78211.4091
     375.000      -78572.1077
     376.000      -78255.8222
     377.000      -78388.7283
     378.000      -78343.2929
     379.000      -78469.6246
     380.000      -78243.9339
     381.000      -78140.8660
     382.000      -78526.7522
     383.000      -78410.9160
     384.000      -78336.6226
     385.000      -78010.3514
     386.000      -78073.1157
     387.000      -78490.2919
     388.000      -78199.0659
     389.000      -78279.4100
     390.000      -78001.7092
     391.000      -78508.7625
     392.000      -78428.2832
     393.000      -78699.2916
     394.000      -78802.1580
     395.000      -78465.7606
     396.000      -78322.7552
     397.000      -78440.2521
     398.000      -78443.1711
     399.000      -78837.1629
     400.000      -78245.3109
     401.000      -78291.7820
     402.000      -78611.5137
     403.000      -78152.8958
     404.000      -78390.5540
     405.000      -78487.9363
     406.000      -78471.1037
     407.000      -78379.5856
     408.000      -78953.5648
     409.000      -78479.4122
     410.000      -78605.3328
     411.000      -78430.6906
     412.000      -78390.5915
     413.000      -78279.8647
     414.000      -78272.9983
     415.000      -78278.1550
     416.000      -78479.6576
     417.000      -78128.7720
     418.000      -78132.9963
     419.000      -78520.9256
     420.000      -78253.7818
     421.000      -78291.8566
     422.000      -78212.4151
     423.000      -78265.6462
     424.000      -78413.0916
     425.000      -78484.3822
     426.000      -78722.6439
     427.000      -78372.7207
     428.000      -78257.8302
     429.000      -78689.3356
     430.000      -78807.3689
     431.000      -78401.2929
     432.000      -78139.8418
     433.000      -78352.3007
     434.000      -78651.2678
     435.000      -78647.0713
     436.000      -78428.1163
     437.000      -78574.6238
     438.000      -78492.7423
     439.000      -78340.2409
     440.000      -78319.5223
     441.000      -78418.1181
     442.000      -78496.5321
     443.000      -78506.7879
     444.000      -78535.9134
     445.000      -78828.9773
     446.000      -78448.2365
     447.000      -78436.3893
     448.000      -78185.2840
     449.000      -78697.5793
     450.000      -78026.4574
     451.000      -78601.3459
     452.000      -78446.7569
     453.000      -78419.5729
     454.000      -78062.9801
     455.000      -78356.3075
     456.000      -78344.7622
     457.000      -78428.6831
     458.000      -78143.5388
     459.000      -78390.7170
     460.000      -78299.7138
     461.000      -78631.6632
     462.000      -78420.8212
     463.000      -78133.3951
     464.000      -78479.5505
     465.000      -78235.8775
     466.000      -78063.0801
     467.000      -78403.1621
     468.000      -78322.0520
     469.000      -78646.8046
     470.000      -78582.9478
     471.000      -78666.6731
     472.000      -78321.9746
     473.000      -78651.5280
     474.000      -78365.6788
     475.000      -78337.2341
     476.000      -78593.2535
     477.000      -78460.9574
     478.000      -78298.6510
     479.000      -78467.7137
     480.000      -78514.1250
     481.000      -78810.1693
     482.000      -78301.2019
     483.000      -78454.2849
     484.000      -78483.9902
     485.000      -78259.1044
     486.000      -78174.5558
     487.000      -78226.5057
     488.000      -78574.6595
     489.000      -78237.6914
     490.000      -78651.2596
     491.000      -78422.5238
     492.000      -78234.4909
     493.000      -78207.9562
     494.000      -78431.8404
     495.000      -78157.0453
     496.000      -78499.0405
     497.000      -78620.7925
     498.000      -78910.4789
     499.000      -78562.4704
     500.000      -78270.8447
     501.000      -78709.8452
     502.000      -78251.6779
     503.000      -78497.4928
     504.000      -78316.0664
     505.000      -78292.1283
     506.000      -78494.2710
     507.000      -78443.0374
     508.000      -78265.2026
     509.000      -78467.3053
     510.000      -78303.4980
     511.000      -78443.8208
     512.000      -77587.8857
     513.000      -78123.7340
     514.000      -78551.4238
     515.000      -78333.0794
     516.000      -78285.1102
     517.000      -78472.7720
     518.000      -78386.1948
     519.000      -78314.5731
     520.000      -78307.0614
     521.000      -78386.2038
     522.000      -78453.4986
     523.000      -78419.8183
     524.000      -78514.1258
     525.000      -78197.5294
     526.000      -77975.8171
     527.000      -78192.1157
     528.000      -78467.8335
     529.000      -78381.9673
     530.000      -77779.5367
     531.000      -78197.1426
     532.000      -78548.4780
     533.000      -78171.2329
     534.000      -78160.9140
     535.000      -78497.7878
     536.000      -78158.5907
     537.000      -78287.1622
     538.000      -78306.9926
     539.000      -78482.9271
     540.000      -78482.5809
     541.000      -78727.5122
     542.000      -78690.1899
     543.000      -78614.6077
     544.000      -78245.4008
     545.000      -78285.8360
     546.000      -78181.3327
     547.000      -78411.9472
     548.000      -78568.3520
     549.000      -78713.8446
     550.000      -78464.6727
     551.000      -78375.3086
     552.000      -78536.2752
     553.000      -78315.3352
     554.000      -78364.4537
     555.000      -78077.0391
     556.000      -79026.9441
     557.000      -78453.5361
     558.000      -78441.9067
     559.000      -78754.0248
     560.000      -78789.8374
     561.000      -78293.1368
     562.000      -78558.3920
     563.000      -78353.6043
     564.000      -78767.0536
     565.000      -78589.2821
     566.000      -78127.2753
     567.000      -78161.8552
     568.000      -78280.6758
     569.000      -78703.9410
     570.000      -78280.3022
     571.000      -78467.9072
     572.000      -78429.7169
     573.000      -78507.1908
     574.000      -78541.2877
     575.000      -78434.5335
     576.000      -78668.2487
     577.000      -78697.2852
     578.000      -78600.3566
     579.000      -78170.6853
     580.000      -78517.8506
     581.000      -78357.6885
     582.000      -78443.7649
     583.000      -78328.1780
     584.000      -78124.8208
     585.000      -78483.2976
     586.000      -78429.8427
     587.000      -78382.1441
     588.000      -78279.3834
     589.000      -78405.3198
     590.000      -78583.2382
     591.000      -78433.5148
     592.000      -78506.4248
     593.000      -78016.8087
     594.000      -78436.5815
     595.000      -78537.5419
     596.000      -78233.7185
     597.000      -78504.4420
     598.000      -78420.7375
     599.000      -78264.0205
     600.000      -78681.0786
     601.000      -78039.8599
     602.000      -78159.7264
     603.000      -78256.7534
     604.000      -78452.1347
     605.000      -78168.1839
     606.000      -78420.6376
     607.000      -78139.4580
     608.000      -78360.6896
     609.000      -78372.8991
     610.000      -78423.6187
     611.000      -78260.5453
     612.000      -78548.8020
     613.000      -78695.6182
     614.000      -78339.0011
     615.000      -78387.0036
     616.000      -78527.4557
     617.000      -78698.7439
     618.000      -78335.6196
     619.000      -78465.3422
     620.000      -78572.9805
     621.000      -78667.7732
     622.000      -78779.5826
     623.000      -78535.5048
     624.000      -78219.7554
     625.000      -78531.2129
     626.000      -78779.8035
     627.000      -78552.1782
     628.000      -78595.5825
     629.000      -78606.2016
     630.000      -78288.3850
     631.000      -78265.2530
     632.000      -78317.6966
     633.000      -78036.0152
     634.000      -78234.8489
     635.000      -78226.4960
     636.000      -78248.5696
     637.000      -78395.8628
     638.000      -78543.9660
     639.000      -78621.7056
     640.000      -78535.2191
     641.000      -78616.8160
     642.000      -78563.4049
     643.000      -78425.2399
     644.000      -78319.4319
     645.000      -78408.9942
     646.000      -78333.2306
     647.000      -78962.9398
     648.000      -78320.2961
     649.000      -78543.3102
     650.000      -78299.9277
     651.000      -78336.3233
     652.000      -78339.2090
     653.000      -78026.4200
     654.000      -78166.6661
     655.000      -78500.8037
     656.000      -78377.2205
     657.000      -78504.5350
     658.000      -78256.5114
     659.000      -78501.8082
     660.000      -78808.1087
     661.000      -78699.3530
     662.000      -78526.3035
     663.000      -78459.0187
     664.000      -78171.8677
     665.000      -78188.7656
     666.000      -78285.8437
     667.000      -78320.6312
     668.000      -78446.0456
     669.000      -78298.1967
     670.000      -78540.8347
     671.000      -78423.4766
     672.000      -78681.8545
     673.000      -78529.9649
     674.000      -78447.0582
     675.000      -78604.3724
     676.000      -78370.6551
     677.000      -78701.2007
     678.000      -78706.1373
     679.000      -78508.0660
     680.000      -78276.7645
     681.000      -78410.2979
     682.000      -78777.9616
     683.000      -78414.9312
     684.000      -78603.0686
     685.000      -78979.0566
     686.000      -79014.3136
     687.000      -78224.8911
     688.000      -78598.6995
     689.000      -78287.3738
     690.000      -78394.3332
     691.000      -78459.3622
     692.000      -78599.7229
     693.000      -78363.1398
     694.000      -78535.0621
     695.000      -78568.6546
     696.000      -78113.2416
     697.000      -78315.5478
     698.000      -78023.3529
     699.000      -78322.0866
     700.000      -78034.4398
     701.000      -78425.4784
     702.000      -78332.2380
     703.000      -78425.1915
     704.000      -78326.4209
     705.000      -78127.2270
     706.000      -78322.9418
     707.000      -78728.8575
     708.000      -78269.8546
     709.000      -78424.7717
     710.000      -78498.7864
     711.000      -78568.2928
     712.000      -78593.5961
     713.000      -78382.7188
     714.000      -78236.5563
     715.000      -78789.1666
     716.000      -78435.2605
     717.000      -78511.0641
     718.000      -78316.8135
     719.000      -78371.9310
     720.000      -78641.2850
     721.000      -78709.7859
     722.000      -78430.3139
     723.000      -78451.1264
     724.000      -78437.7813
     725.000      -78661.9387
     726.000      -78325.8050
     727.000      -78125.2502
     728.000      -78388.9068
     729.000      -78680.9439
     730.000      -78561.5277
     731.000      -78674.0734
     732.000      -78328.4029
     733.000      -78660.5163
     734.000      -78668.9719
     735.000      -78794.8955
     736.000      -78234.4072
     737.000      -78603.8990
     738.000      -78369.0973
     739.000      -78873.6307
     740.000      -78613.5466
     741.000      -78506.1654
     742.000      -78796.0816
     743.000      -78402.9004
     744.000      -78321.8091
     745.000      -78529.0599
     746.000      -78399.2613
     747.000      -78481.2124
     748.000      -78607.2482
     749.000      -78572.3063
     750.000      -78237.4357
     751.000      -78471.4428
     752.000      -78197.5926
     753.000      -78360.9712
     754.000      -78355.7214
     755.000      -78430.7517
     756.000      -78502.4844
     757.000      -78812.7812
     758.000      -78697.1885
     759.000      -78782.3628
     760.000      -78301.4865
     761.000      -78578.0478
     762.000      -78285.1878
     763.000      -78511.1579
     764.000      -78799.5363
     765.000      -78739.0239
     766.000      -78448.1518
     767.000      -78394.0671
     768.000      -78518.1531
     769.000      -78560.3981
     770.000      -78385.3142
     771.000      -78632.7933
     772.000      -78775.6896
     773.000      -78542.2067
     774.000      -78444.0705
     775.000      -78439.6359
     776.000      -78605.1379
     777.000      -78412.9319
     778.000      -78446.0653
     779.000      -78616.3808
     780.000      -78655.9859
     781.000      -78651.2030
     782.000      -78295.4452
     783.000      -78520.8825
     784.000      -78476.6336
     785.000      -78451.8550
     786.000      -78174.8866
     787.000      -78476.8135
     788.000      -78324.3286
     789.000      -78113.6337
     790.000      -78171.8371
     791.000      -78271.8998
     792.000      -78436.8565
     793.000      -78568.7863
     794.000      -78301.8734
     795.000      -78486.2848
     796.000      -78467.0150
     797.000      -78338.2675
     798.000      -78249.9850
     799.000      -78529.3473
     800.000      -78243.2143
     801.000      -78348.7460
     802.000      -78487.3888
     803.000      -78312.8025
     804.000      -78344.2887
     805.000      -78359.0694
     806.000      -78325.6928
     807.000      -78417.1505
     808.000      -78235.4828
     809.000      -78623.5111
     810.000      -78502.6516
     811.000      -78179.1283
     812.000      -78353.1678
     813.000      -78432.0290
     814.000      -78867.7884
     815.000      -78397.5526
     816.000      -78171.2269
     817.000      -78115.6219
     818.000      -78411.1543
     819.000      -78565.1251
     820.000      -78124.1327
     821.000      -78719.3294
     822.000      -78150.2406
     823.000      -78637.6215
     824.000      -78340.4648
     825.000      -78261.3694
     826.000      -78604.3170
     827.000      -78512.3658
     828.000      -78338.9737
     829.000      -78837.0169
     830.000      -78266.3353
     831.000      -78658.0733
     832.000      -78411.1655
     833.000      -78603.3521
     834.000      -78315.1391
     835.000      -78205.0447
     836.000      -78532.4315
     837.000      -78416.9945
     838.000      -78571.1930
     839.000      -78430.8877
     840.000      -78479.7123
     841.000      -78358.6861
     842.000      -78555.2250
     843.000      -78661.7410
     844.000      -78757.0566
     845.000      -78569.2008
     846.000      -78734.8003
     847.000      -78713.5819
     848.000      -78224.2723
     849.000      -78171.1776
     850.000      -78599.6680
     851.000      -78442.3839
     852.000      -78483.3957
     853.000      -78409.4542
     854.000      -78867.6277
     855.000      -78639.1156
     856.000      -78361.4353
     857.000      -78358.7506
     858.000      -78766.8375
     859.000      -78542.8891
     860.000      -78625.8204
     861.000      -78184.0954
     862.000      -78500.1448
     863.000      -78510.2719
     864.000      -78291.9786
     865.000      -78535.2011
     866.000      -78245.6772
     867.000      -78583.8861
     868.000      -78229.7368
     869.000      -78320.2715
     870.000      -78509.3687
     871.000      -78407.1875
     872.000      -78476.8170
     873.000      -78339.9847
     874.000      -78213.6541
     875.000      -78729.9184
     876.000      -78517.8040
     877.000      -78771.2292
     878.000      -78580.5710
     879.000      -78359.8257
     880.000      -78244.6259
     881.000      -78430.2054
     882.000      -78668.6700
     883.000      -78427.0442
     884.000      -78603.0193
     885.000      -78024.2259
     886.000      -78428.3507
     887.000      -78516.0128
     888.000      -78350.6923
     889.000      -78318.2829
     890.000      -78317.6601
     891.000      -78739.9569
     892.000      -78601.1970
     893.000      -78507.2837
     894.000      -78707.2447
     895.000      -78527.9149
     896.000      -78505.6286
     897.000      -78720.1257
     898.000      -78404.8567
     899.000      -78484.7111
     900.000      -78512.3798
     901.000      -78254.0752
     902.000      -78343.8244
     903.000      -78784.8807
     904.000      -78288.8843
     905.000      -78595.4655
     906.000      -78573.6791
     907.000      -78169.4000
     908.000      -78331.6663
     909.000      -78392.6844
     910.000      -78142.3105
     911.000      -78519.5759
     912.000      -78164.0160
     913.000      -78507.7593
     914.000      -78511.0082
     915.000      -78501.6613
     916.000      -78094.1820
     917.000      -78501.3707
     918.000      -78358.4901
     919.000      -78726.3378
     920.000      -78772.9686
     921.000      -78352.0587
     922.000      -78678.8259
     923.000      -78689.4763
     924.000      -78217.7836
     925.000      -78458.5090
     926.000      -78739.5727
     927.000      -78341.9372
     928.000      -78558.4606
     929.000      -78373.4995
     930.000      -78445.2971
     931.000      -78361.0812
     932.000      -78348.3069
     933.000      -78394.5929
     934.000      -78381.9567
     935.000      -78489.9914
     936.000      -78618.7146
     937.000      -78560.4596
     938.000      -78787.3943
     939.000      -78550.4952
     940.000      -78505.7034
     941.000      -78464.6424
     942.000      -78460.8856
     943.000      -78291.6561
     944.000      -78522.8735
     945.000      -78356.0969
     946.000      -78604.4423
     947.000      -78427.5414
     948.000      -78133.0486
     949.000      -78679.8132
     950.000      -78461.5103
     951.000      -78638.8492
     952.000      -78667.9635
     953.000      -78391.5990
     954.000      -78332.4965
     955.000      -78864.5777
     956.000      -78972.6494
     957.000      -78596.8976
     958.000      -78527.8947
     959.000      -78243.0868
     960.000      -78499.0112
     961.000      -78290.7052
     962.000      -78643.1503
     963.000      -78289.3270
     964.000      -78414.0974
     965.000      -78207.5182
     966.000      -78295.0362
     967.000      -78623.8894
     968.000      -78478.2149
     969.000      -78466.5302
     970.000      -78784.8842
     971.000      -78614.3819
     972.000      -78475.6752
     973.000      -78508.2687
     974.000      -78646.6708
     975.000      -78708.8810
     976.000      -78450.4411
     977.000      -78597.7658
     978.000      -78636.3631
     979.000      -78619.7185
     980.000      -78585.4135
     981.000      -78018.4388
     982.000      -78652.7042
     983.000      -78634.8650
     984.000      -78514.7783
     985.000      -78612.2431
     986.000      -78688.8002
     987.000      -78374.3483
     988.000      -78482.4291
     989.000      -78585.4270
     990.000      -78552.5435
     991.000      -78116.3278
     992.000      -78716.0768
     993.000      -78389.8691
     994.000      -78241.5103
     995.000      -78664.8189
     996.000      -78283.7104
     997.000      -78537.3314
     998.000      -78776.5326
     999.000      -78856.8061
    1000.000      -78887.6403
    1001.000      -78522.2966
    1002.000      -78248.8532
    1003.000      -78411.5003
    1004.000      -78539.6258
    1005.000      -78463.4314
    1006.000      -78540.4026
    1007.000      -78406.6231
    1008.000      -78826.0934
    1009.000      -78487.5479
    1010.000      -78377.8009
    1011.000      -78197.8695
    1012.000      -78515.9146
    1013.000      -78480.8495
    1014.000      -78744.9701
    1015.000      -78249.1549
    1016.000      -78295.6762
    1017.000      -78376.5264
    1018.000      -78386.6624
    1019.000      -78435.8541
    1020.000      -78306.2149
    1021.000      -78352.2181
    1022.000      -78597.6685
    1023.000      -78730.2641
    1024.000      -78575.4127
    1025.000      -78608.9113
    1026.000      -78690.0661
    1027.000      -78462.2380
    1028.000      -78560.6346
    1029.000      -78223.5583
    1030.000      -78416.4851
    1031.000      -78455.2170
    1032.000      -78523.7855
    1033.000      -78493.8119
    1034.000      -78705.6268
    1035.000      -78444.7993
    1036.000      -78620.9153
    1037.000      -78612.5997
    1038.000      -78252.5459
    1039.000      -78626.5230
    1040.000      -78218.9442
    1041.000      -78716.4725
    1042.000      -77856.5670
    1043.000      -78519.1378
    1044.000      -78674.6311
    1045.000      -78661.9475
    1046.000      -78936.3554
    1047.000      -78665.2057
    1048.000      -78566.2849
    1049.000      -78264.0179
    1050.000      -78460.4089
    1051.000      -78380.6493
    1052.000      -78440.7452
    1053.000      -78126.6908
    1054.000      -78580.8135
    1055.000      -78313.8675
    1056.000      -78345.0486
    1057.000      -78340.7911
    1058.000      -78381.9093
    1059.000      -78350.5714
    1060.000      -78706.0343
    1061.000      -78452.2499
    1062.000      -78600.0912
    1063.000      -78529.7410
    1064.000      -78682.1476
    1065.000      -78319.7368
    1066.000      -78411.5905
    1067.000      -78663.9881
    1068.000      -78333.7609
    1069.000      -78840.4704
    1070.000      -78521.8281
    1071.000      -78394.8374
    1072.000      -78627.0747
    1073.000      -78574.0463
    1074.000      -78639.0104
    1075.000      -78674.9530
    1076.000      -78396.6794
    1077.000      -78413.1701
    1078.000      -78323.9128
    1079.000      -78605.6196
    1080.000      -78547.4825
    1081.000      -78687.9287
    1082.000      -78428.8666
    1083.000      -78471.2687
    1084.000      -78630.3587
    1085.000      -78298.4232
    1086.000      -78465.4119
    1087.000      -78160.6560
    1088.000      -78648.9484
    1089.000      -78651.1714
    1090.000      -78520.9809
    1091.000      -78763.4103
    1092.000      -78861.3605
    1093.000      -78761.7505
    1094.000      -78606.6551
    1095.000      -78685.5812
    1096.000      -78354.5531
    1097.000      -78754.6658
    1098.000      -78448.4677
    1099.000      -78509.9665
    1100.000      -78761.7395
    1101.000      -78814.5643
    1102.000      -78319.8516
    1103.000      -78740.9131
    1104.000      -78517.1031
    1105.000      -78850.4144
    1106.000      -78629.7434
    1107.000      -78451.7505
    1108.000      -78616.7450
    1109.000      -78486.6140
    1110.000      -78516.5373
    1111.000      -78725.2983
    1112.000      -78538.4183
    1113.000      -78527.6668
    1114.000      -78449.4333
    1115.000      -78630.8480
    1116.000      -78444.8075
    1117.000      -78557.6271
    1118.000      -78174.3257
    1119.000      -78248.3255
    1120.000      -79017.3470
    1121.000      -78576.5849
    1122.000      -78459.9520
    1123.000      -78453.5893
    1124.000      -78300.3743
    1125.000      -78680.2109
    1126.000      -78367.8333
    1127.000      -78370.7285
    1128.000      -78417.5484
    1129.000      -78465.0939
    1130.000      -78573.2005
    1131.000      -78364.8304
    1132.000      -78672.1948
    1133.000      -78603.9892
    1134.000      -78530.9401
    1135.000      -78455.9163
    1136.000      -78642.4541
    1137.000      -78623.4335
    1138.000      -78428.9670
    1139.000      -78689.1955
    1140.000      -78497.9823
    1141.000      -78328.4092
    1142.000      -78477.7851
    1143.000      -78403.9922
    1144.000      -78536.4425
    1145.000      -78590.1445
    1146.000      -78654.4326
    1147.000      -78555.0555
    1148.000      -78511.3087
    1149.000      -78663.5165
    1150.000      -78607.7185
    1151.000      -78940.3588
    1152.000      -78689.9165
    1153.000      -78726.0315
    1154.000      -78534.6698
    1155.000      -78582.6670
    1156.000      -78604.8596
    1157.000      -78288.0147
    1158.000      -78437.4277
    1159.000      -78917.4411
    1160.000      -78564.0797
    1161.000      -78602.3809
    1162.000      -78618.1779
    1163.000      -78249.9096
    1164.000      -78516.5572
    1165.000      -78370.6805
    1166.000      -78457.1680
    1167.000      -78474.9095
    1168.000      -78624.5258
    1169.000      -78820.7390
    1170.000      -78690.9178
    1171.000      -78546.5055
    1172.000      -78397.9693
    1173.000      -78580.0594
    1174.000      -78547.0003
    1175.000      -78872.3200
    1176.000      -78873.9500
    1177.000      -78733.9776
    1178.000      -78447.5473
    1179.000      -78379.8304
    1180.000      -78501.8684
    1181.000      -78675.2923
    1182.000      -78548.4451
    1183.000      -78422.1921
    1184.000      -78548.0659
    1185.000      -78326.3319
    1186.000      -78574.7476
    1187.000      -78718.6348
    1188.000      -78812.8027
    1189.000      -78636.9568
    1190.000      -78650.7897
    1191.000      -78441.3129
    1192.000      -78577.1395
    1193.000      -78698.6544
    1194.000      -78237.0327
    1195.000      -78301.3489
    1196.000      -78618.0170
    1197.000      -78495.3175
    1198.000      -78766.2689
    1199.000      -78536.1805
    1200.000      -78443.2572
    1201.000      -78316.1197
    1202.000      -78597.7660
    1203.000      -78763.7898
    1204.000      -78623.7419
    1205.000      -78652.4278
    1206.000      -78534.6813
    1207.000      -78663.2555
    1208.000      -78278.5950
    1209.000      -78492.9259
    1210.000      -78784.9393
    1211.000      -78107.0207
    1212.000      -78642.8357
    1213.000      -78212.1198
    1214.000      -78767.0600
    1215.000      -78936.4491
    1216.000      -78609.0764
    1217.000      -78678.0084
    1218.000      -78586.7552
    1219.000      -78466.1438
    1220.000      -78464.0240
    1221.000      -78667.2394
    1222.000      -78452.1064
    1223.000      -78144.2425
    1224.000      -78434.0363
    1225.000      -78392.3901
    1226.000      -78639.9337
    1227.000      -78598.1077
    1228.000      -78549.4309
    1229.000      -78455.6992
    1230.000      -78548.4264
    1231.000      -78782.2713
    1232.000      -78752.5580
    1233.000      -78582.3572
    1234.000      -78523.2636
    1235.000      -78494.8583
    1236.000      -78551.7138
    1237.000      -78763.4858
    1238.000      -78571.9346
    1239.000      -78508.6398
    1240.000      -78924.1931
    1241.000      -78671.7126
    1242.000      -78720.8775
    1243.000      -78598.1825
    1244.000      -78612.7411
    1245.000      -78407.0902
    1246.000      -78676.5495
    1247.000      -78641.5441
    1248.000      -78467.9297
    1249.000      -78442.0669
    1250.000      -78233.4451
    1251.000      -78292.8000
    1252.000      -78401.7531
    1253.000      -78703.5260
    1254.000      -78634.9542
    1255.000      -78255.4993
    1256.000      -78407.5202
    1257.000      -78315.8672
    1258.000      -78585.6270
    1259.000      -78717.9737
    1260.000      -78780.7961
    1261.000      -78437.7136
    1262.000      -78231.6263
    1263.000      -78967.9789
    1264.000      -78739.9426
    1265.000      -78834.4661
    1266.000      -78632.7000
    1267.000      -78543.4866
    1268.000      -78640.1307
    1269.000      -78496.9434
    1270.000      -78248.0420
    1271.000      -78724.6956
    1272.000      -78646.3137
    1273.000      -78662.6274
    1274.000      -78413.8888
    1275.000      -78810.8975
    1276.000      -78611.4766
    1277.000      -78572.9869
    1278.000      -78642.5520
    1279.000      -78618.5255
    1280.000      -78684.4169
    1281.000      -78340.1663
    1282.000      -78545.5636
    1283.000      -78424.4919
    1284.000      -78359.4770
    1285.000      -78509.2892
    1286.000      -78350.4074
    1287.000      -78607.8717
    1288.000      -78356.7489
    1289.000      -78309.1242
    1290.000      -78630.3883
    1291.000      -78032.4272
    1292.000      -78759.2034
    1293.000      -78706.7097
    1294.000      -78636.8615
    1295.000      -78521.8585
    1296.000      -78535.6062
    1297.000      -78335.3838
    1298.000      -78437.0287
    1299.000      -78898.3062
    1300.000      -78729.6685
    1301.000      -78646.9550
    1302.000      -78203.2706
    1303.000      -78445.2746
    1304.000      -78447.2944
    1305.000      -78382.3139
    1306.000      -78918.0894
    1307.000      -78670.0443
    1308.000      -78371.6678
    1309.000      -78656.8299
    1310.000      -78567.0751
    1311.000      -78543.0681
    1312.000      -78423.9951
    1313.000      -78503.9312
    1314.000      -78503.1114
    1315.000      -78719.4486
    1316.000      -78600.3172
    1317.000      -78911.9565
    1318.000      -78592.1495
    1319.000      -78606.6572
    1320.000      -78462.7048
    1321.000      -78514.7363
    1322.000      -78364.3434
    1323.000      -78542.3556
    1324.000      -78860.3672
    1325.000      -78230.4201
    1326.000      -78557.4989
    1327.000      -78610.2671
    1328.000      -78593.8077
    1329.000      -78675.7689
    1330.000      -78314.2089
    1331.000      -78405.3121
    1332.000      -78678.1683
    1333.000      -78927.7378
    1334.000      -78484.7867
    1335.000      -78515.6671
    1336.000      -78541.8915
    1337.000      -78155.7620
    1338.000      -78618.9960
    1339.000      -78249.0133
    1340.000      -78727.1550
    1341.000      -78646.5392
    1342.000      -78247.9682
    1343.000      -78324.2694
    1344.000      -78426.0612
    1345.000      -78547.9522
    1346.000      -78552.7084
    1347.000      -78408.2802
    1348.000      -78795.1803
    1349.000      -78870.1180
    1350.000      -78917.0394
    1351.000      -78580.9176
    1352.000      -78626.5232
    1353.000      -78692.3884
    1354.000      -78599.7233
    1355.000      -78282.7055
    1356.000      -78376.9482
    1357.000      -78370.4512
    1358.000      -78690.3698
    1359.000      -78560.9678
    1360.000      -78630.6735
    1361.000      -78339.8753
    1362.000      -78137.7476
    1363.000      -78709.8791
    1364.000      -78670.5533
    1365.000      -78384.3887
    1366.000      -78613.2837
    1367.000      -78730.5784
    1368.000      -78278.0653
    1369.000      -78473.4285
    1370.000      -78386.5498
    1371.000      -78433.5982
    1372.000      -78731.7374
    1373.000      -78481.8281
    1374.000      -78638.7227
    1375.000      -78582.7608
    1376.000      -78474.1190
    1377.000      -78687.8668
    1378.000      -78722.7670
    1379.000      -78607.8762
    1380.000      -78932.1606
    1381.000      -78644.0192
    1382.000      -78357.9043
    1383.000      -78515.7973
    1384.000      -78309.4063
    1385.000      -78631.2374
    1386.000      -78685.3035
    1387.000      -78404.3180
    1388.000      -78805.4057
    1389.000      -78227.0354
    1390.000      -78920.5034
    1391.000      -78495.0196
    1392.000      -78474.5461
    1393.000      -78501.5312
    1394.000      -78646.2467
    1395.000      -78488.3848
    1396.000      -78468.7452
    1397.000      -78480.0646
    1398.000      -78413.2087
    1399.000      -78856.6505
    1400.000      -78668.1936
    1401.000      -78676.9691
    1402.000      -78662.3779
    1403.000      -78507.7432
    1404.000      -78391.6505
    1405.000      -78508.8433
    1406.000      -78693.7302
    1407.000      -78843.0858
    1408.000      -78574.1104
    1409.000      -79019.2573
    1410.000      -78490.1531
    1411.000      -78662.4407
    1412.000      -78610.0926
    1413.000      -78441.3407
    1414.000      -78746.9574
    1415.000      -78729.8249
    1416.000      -78483.0743
    1417.000      -78408.5144
    1418.000      -78244.6791
    1419.000      -78575.5820
    1420.000      -78771.4909
    1421.000      -78621.1012
    1422.000      -78869.3896
    1423.000      -78591.9295
    1424.000      -78459.6533
    1425.000      -78384.6026
    1426.000      -78269.9880
    1427.000      -78494.7901
    1428.000      -78460.9989
    1429.000      -78615.3660
    1430.000      -78383.2120
    1431.000      -78547.1885
    1432.000      -78493.7661
    1433.000      -78429.6623
    1434.000      -78556.7077
    1435.000      -78663.4549
    1436.000      -78448.4194
    1437.000      -78615.8450
    1438.000      -78821.5046
    1439.000      -78654.5137
    1440.000      -78672.3436
    1441.000      -78686.1531
    1442.000      -78596.9667
    1443.000      -78501.0905
    1444.000      -78620.2877
    1445.000      -78220.4051
    1446.000      -78524.0842
    1447.000      -78594.9396
    1448.000      -78390.1020
    1449.000      -78482.5366
    1450.000      -79018.2498
    1451.000      -78501.7776
    1452.000      -78538.5771
    1453.000      -78592.3590
    1454.000      -78720.9637
    1455.000      -78636.2310
    1456.000      -78507.8949
    1457.000      -78821.2078
    1458.000      -78728.0541
    1459.000      -78698.1808
    1460.000      -78414.9424
    1461.000      -78728.8346
    1462.000      -78697.2092
    1463.000      -78670.5125
    1464.000      -78508.6200
    1465.000      -78568.0472
    1466.000      -78789.7074
    1467.000      -78595.2545
    1468.000      -78504.1807
    1469.000      -78482.9068
    1470.000      -78528.0357
    1471.000      -78884.5678
    1472.000      -78788.7110
    1473.000      -78876.7163
    1474.000      -78851.3768
    1475.000      -78598.0256
    1476.000      -78519.7653
    1477.000      -78744.7681
    1478.000      -78697.2169
    1479.000      -78739.7103
    1480.000      -78557.8684
    1481.000      -78459.1148
    1482.000      -78887.3634
    1483.000      -78958.2180
    1484.000      -78157.5714
    1485.000      -78661.9534
    1486.000      -78623.5510
    1487.000      -78779.6737
    1488.000      -78739.4691
    1489.000      -78389.1766
    1490.000      -78548.0542
    1491.000      -78659.4302
    1492.000      -78788.1308
    1493.000      -78842.4495
    1494.000      -78683.4702
    1495.000      -78483.8476
    1496.000      -78263.3582
    1497.000      -78935.3422
    1498.000      -78282.1627
    1499.000      -78349.1047
    1500.000      -78460.5996
    1501.000      -78543.7762
    1502.000      -78692.0602
    1503.000      -78696.6624
    1504.000      -78851.1549
    1505.000      -78450.5992
    1506.000      -78752.6016
    1507.000      -78442.0432
    1508.000      -78327.3953
    1509.000      -78486.3600
    1510.000      -78498.6940
    1511.000      -78680.8376
    1512.000      -78781.6896
    1513.000      -78704.4919
    1514.000      -78404.6841
    1515.000      -78516.4195
    1516.000      -78852.2631
    1517.000      -78402.4983
    1518.000      -78453.0880
    1519.000      -78693.9339
    1520.000      -78431.6339
    1521.000      -78439.1548
    1522.000      -78550.2255
    1523.000      -79018.6654
    1524.000      -78490.4266
    1525.000      -78662.8935
    1526.000      -78218.7762
    1527.000      -78659.4990
    1528.000      -78427.4876
    1529.000      -78305.0427
    1530.000      -78561.4879
    1531.000      -78817.4105
    1532.000      -78501.6669
    1533.000      -78575.9467
    1534.000      -78629.7321
    1535.000      -78559.0862
    1536.000      -78246.7549
    1537.000      -78314.6579
    1538.000      -78602.6854
    1539.000      -78821.3423
    1540.000      -78676.1038
    1541.000      -78583.3794
    1542.000      -78565.5370
    1543.000      -78433.1276
    1544.000      -78954.0213
    1545.000      -78498.7527
    1546.000      -78758.6408
    1547.000      -78721.5879
    1548.000      -78416.5755
    1549.000      -78569.3743
    1550.000      -78551.2291
    1551.000      -78625.0285
    1552.000      -78744.4496
    1553.000      -78328.2587
    1554.000      -78518.6842
    1555.000      -78345.0042
    1556.000      -78727.3810
    1557.000      -78382.7415
    1558.000      -78507.5288
    1559.000      -78488.6670
    1560.000      -78589.5018
    1561.000      -78613.6738
    1562.000      -78648.7073
    1563.000      -78562.0800
    1564.000      -78853.6094
    1565.000      -78655.6897
    1566.000      -78777.3314
    1567.000      -78477.4336
    1568.000      -78574.0327
    1569.000      -78782.3240
    1570.000      -78714.3924
    1571.000      -78731.7269
    1572.000      -78645.2406
    1573.000      -79158.2249
    1574.000      -78318.8572
    1575.000      -78308.3475
    1576.000      -78574.4416
    1577.000      -78443.9681
    1578.000      -78692.7964
    1579.000      -79128.6457
    1580.000      -78633.7530
    1581.000      -78395.5130
    1582.000      -78520.8609
    1583.000      -78398.0125
    1584.000      -78669.1996
    1585.000      -78747.5238
    1586.000      -78683.6991
    1587.000      -78505.1150
    1588.000      -78489.8250
    1589.000      -78765.9210
    1590.000      -78507.1124
    1591.000      -78824.2044
    1592.000      -78934.3821
    1593.000      -78517.4606
    1594.000      -78575.1647
    1595.000      -78481.1925
    1596.000      -78863.8036
    1597.000      -78514.9479
    1598.000      -78779.4974
    1599.000      -78446.2677
    1600.000      -78417.7005
    1601.000      -78572.4513
    1602.000      -78477.4506
    1603.000      -78490.4691
    1604.000      -78713.0577
    1605.000      -78524.6256
    1606.000      -78630.1492
    1607.000      -78844.4015
    1608.000      -78612.5563
    1609.000      -78639.8071
    1610.000      -78522.4821
    1611.000      -78606.4841
    1612.000      -78630.2052
    1613.000      -78533.9545
    1614.000      -78623.8236
    1615.000      -78677.3335
    1616.000      -78504.9141
    1617.000      -78725.0810
    1618.000      -78467.5436
    1619.000      -78958.7540
    1620.000      -78603.8749
    1621.000      -78238.4245
    1622.000      -78645.4177
    1623.000      -78503.2078
    1624.000      -78510.7587
    1625.000      -78742.8749
    1626.000      -78597.2860
    1627.000      -78795.1853
    1628.000      -78863.9946
    1629.000      -78740.1547
    1630.000      -78796.0453
    1631.000      -78619.1868
    1632.000      -78322.0833
    1633.000      -78472.7217
    1634.000      -78464.2557
    1635.000      -78478.5396
    1636.000      -78385.3638
    1637.000      -79081.3741
    1638.000      -78729.1135
    1639.000      -78843.8070
    1640.000      -78821.6234
    1641.000      -78849.8119
    1642.000      -78518.8399
    1643.000      -79037.2395
    1644.000      -78575.7104
    1645.000      -78578.1907
    1646.000      -78400.2357
    1647.000      -78707.6482
    1648.000      -78712.1988
    1649.000      -78916.4160
    1650.000      -78915.7351
    1651.000      -78441.9420
    1652.000      -78657.5425
    1653.000      -78687.8174
    1654.000      -79038.8215
    1655.000      -79087.0891
    1656.000      -78996.4132
    1657.000      -78415.1765
    1658.000      -78757.0793
    1659.000      -78818.2364
    1660.000      -78751.8722
    1661.000      -78664.0295
    1662.000      -78791.7309
    1663.000      -78437.5331
    1664.000      -78544.5233
    1665.000      -78929.1201
    1666.000      -78435.7997
    1667.000      -78617.0188
    1668.000      -78612.0257
    1669.000      -79048.1138
    1670.000      -78696.7798
    1671.000      -78596.8125
    1672.000      -78512.9427
    1673.000      -78776.7083
    1674.000      -78515.3824
    1675.000      -78569.7888
    1676.000      -78972.6278
    1677.000      -78643.8043
    1678.000      -78421.0792
    1679.000      -78557.7686
    1680.000      -78238.1788
    1681.000      -78258.2169
    1682.000      -78452.0867
    1683.000      -78681.3681
    1684.000      -78631.7367
    1685.000      -78481.2623
    1686.000      -78519.4795
    1687.000      -78712.6168
    1688.000      -78719.2033
    1689.000      -78850.3379
    1690.000      -78681.3038
    1691.000      -78465.7569
    1692.000      -78476.3935
    1693.000      -78627.6094
    1694.000      -78546.1032
    1695.000      -78490.2646
    1696.000      -78541.1595
    1697.000      -78738.3738
    1698.000      -78668.1209
    1699.000      -78679.7878
    1700.000      -78576.7000
    1701.000      -78764.2478
    1702.000      -78294.4510
    1703.000      -78639.9097
    1704.000      -78731.4318
    1705.000      -78541.0230
    1706.000      -78911.4782
    1707.000      -78889.1662
    1708.000      -78830.7597
    1709.000      -78881.5351
    1710.000      -78658.6565
    1711.000      -78672.5874
    1712.000      -78460.8715
    1713.000      -78505.9071
    1714.000      -78584.8046
    1715.000      -78355.2632
    1716.000      -78641.3476
    1717.000      -78352.5904
    1718.000      -78702.9754
    1719.000      -78565.3186
    1720.000      -78535.3816
    1721.000      -78648.8300
    1722.000      -78594.9504
    1723.000      -78518.7581
    1724.000      -78637.8921
    1725.000      -78205.2188
    1726.000      -78873.1800
    1727.000      -78754.3061
    1728.000      -78762.1916
    1729.000      -78458.4871
    1730.000      -78263.0548
    1731.000      -78656.6148
    1732.000      -78632.7658
    1733.000      -78738.0050
    1734.000      -78565.6105
    1735.000      -78548.6154
    1736.000      -78586.8925
    1737.000      -78863.3762
    1738.000      -78555.5484
    1739.000      -78419.5535
    1740.000      -78624.1165
    1741.000      -78962.9330
    1742.000      -78833.1003
    1743.000      -78502.5989
    1744.000      -78717.0896
    1745.000      -78967.7466
    1746.000      -78619.3610
    1747.000      -78728.0949
    1748.000      -78846.1560
    1749.000      -78982.3005
    1750.000      -79042.6010
    1751.000      -78799.9975
    1752.000      -78789.8963
    1753.000      -78672.9031
    1754.000      -78587.5928
    1755.000      -78463.5236
    1756.000      -78606.6618
    1757.000      -78855.3627
    1758.000      -78473.8135
    1759.000      -78520.9729
    1760.000      -78852.4126
    1761.000      -78853.7554
    1762.000      -78840.3430
    1763.000      -78777.3258
    1764.000      -78550.0379
    1765.000      -78882.9265
    1766.000      -78546.2902
    1767.000      -78421.5516
    1768.000      -79082.9982
    1769.000      -78569.1430
    1770.000      -78794.5907
    1771.000      -78526.5960
    1772.000      -78527.3557
    1773.000      -78290.2678
    1774.000      -78452.8067
    1775.000      -78745.3225
    1776.000      -78161.8164
    1777.000      -78456.8974
    1778.000      -78588.6419
    1779.000      -78540.9531
    1780.000      -78802.5035
    1781.000      -78642.9220
    1782.000      -78652.8281
    1783.000      -78426.5814
    1784.000      -78775.3120
    1785.000      -78509.9183
    1786.000      -78635.7937
    1787.000      -78658.4743
    1788.000      -78799.8826
    1789.000      -78435.7768
    1790.000      -78353.1181
    1791.000      -78684.1221
    1792.000      -78578.8418
    1793.000      -78847.9581
    1794.000      -78663.5232
    1795.000      -78520.2196
    1796.000      -78882.7816
    1797.000      -78601.2312
    1798.000      -78311.4659
    1799.000      -78733.8963
    1800.000      -78350.3824
    1801.000      -78407.1004
    1802.000      -78794.4218
    1803.000      -78728.0498
    1804.000      -78796.3650
    1805.000      -78763.3886
    1806.000      -78344.9404
    1807.000      -78772.9867
    1808.000      -78875.4681
    1809.000      -78391.8513
    1810.000      -78214.3138
    1811.000      -78640.8951
    1812.000      -78322.4353
    1813.000      -78452.0164
    1814.000      -78642.9023
    1815.000      -78783.3030
    1816.000      -78626.2210
    1817.000      -78611.5730
    1818.000      -78734.3595
    1819.000      -79117.8492
    1820.000      -78478.0771
    1821.000      -78137.2953
    1822.000      -78742.4079
    1823.000      -78826.4048
    1824.000      -78382.5214
    1825.000      -78912.1427
    1826.000      -78681.4778
    1827.000      -78407.1652
    1828.000      -78888.6965
    1829.000      -78306.7132
    1830.000      -78567.5244
    1831.000      -78446.8643
    1832.000      -78735.6213
    1833.000      -78614.6234
    1834.000      -78672.8859
    1835.000      -78487.7077
    1836.000      -78661.7061
    1837.000      -78944.0907
    1838.000      -78488.2473
    1839.000      -78727.2564
    1840.000      -78760.1925
    1841.000      -78620.3578
    1842.000      -78320.6590
    1843.000      -78493.5103
    1844.000      -78535.8375
    1845.000      -78336.4672
    1846.000      -78600.1133
    1847.000      -78657.3205
    1848.000      -78762.8858
    1849.000      -78381.3622
    1850.000      -78527.4001
    1851.000      -78765.0359
    1852.000      -78628.9803
    1853.000      -78312.9432
    1854.000      -78812.5895
    1855.000      -78602.6226
    1856.000      -78622.2843
    1857.000      -79062.7760
    1858.000      -78362.8596
    1859.000      -78866.1895
    1860.000      -78649.0525
    1861.000      -78483.2234
    1862.000      -78847.0601
    1863.000      -78652.0715
    1864.000      -78499.0897
    1865.000      -78794.8149
    1866.000      -78452.9785
    1867.000      -78458.6611
    1868.000      -78525.1372
    1869.000      -79062.7716
    1870.000      -78966.8595
    1871.000      -78931.6557
    1872.000      -78833.3590
    1873.000      -78933.2170
    1874.000      -78825.5943
    1875.000      -78688.2672
    1876.000      -78585.7120
    1877.000      -78722.1451
    1878.000      -78520.4366
    1879.000      -78558.8136
    1880.000      -78490.5919
    1881.000      -78794.4972
    1882.000      -78559.7945
    1883.000      -78798.5353
    1884.000      -78578.6450
    1885.000      -78716.4960
    1886.000      -78531.2285
    1887.000      -78746.8246
    1888.000      -78688.0169
    1889.000      -78524.9059
    1890.000      -78668.0946
    1891.000      -78482.5208
    1892.000      -78631.1179
    1893.000      -78539.0337
    1894.000      -78673.5498
    1895.000      -78599.0380
    1896.000      -78679.4859
    1897.000      -78727.2338
    1898.000      -78603.0638
    1899.000      -79071.3978
    1900.000      -78607.2415
    1901.000      -78303.8404
    1902.000      -78721.5565
    1903.000      -78316.2784
    1904.000      -78787.1975
    1905.000      -78562.6302
    1906.000      -78687.7307
    1907.000      -78741.4609
    1908.000      -78693.1142
    1909.000      -78589.1010
    1910.000      -78309.5955
    1911.000      -78859.1857
    1912.000      -78876.0049
    1913.000      -78613.8511
    1914.000      -78873.9401
    1915.000      -78796.2510
    1916.000      -78482.0719
    1917.000      -78692.2106
    1918.000      -78711.2758
    1919.000      -78699.2491
    1920.000      -78600.8493
    1921.000      -78687.6835
    1922.000      -78664.2624
    1923.000      -78508.3016
    1924.000      -78481.9633
    1925.000      -78730.6933
    1926.000      -78623.6199
    1927.000      -78758.6420
    1928.000      -78769.4057
    1929.000      -78647.9916
    1930.000      -78591.9072
    1931.000      -78899.6751
    1932.000      -78725.7342
    1933.000      -78461.4847
    1934.000      -78526.9590
    1935.000      -78420.2227
    1936.000      -78352.7181
    1937.000      -78959.5232
    1938.000      -78608.9685
    1939.000      -78633.2517
    1940.000      -78700.2949
    1941.000      -78687.1826
    1942.000      -78959.6333
    1943.000      -78493.0453
    1944.000      -78692.1853
    1945.000      -78601.0673
    1946.000      -78460.9198
    1947.000      -78355.3075
    1948.000      -78335.0660
    1949.000      -78349.1404
    1950.000      -78423.6344
    1951.000      -78705.6310
    1952.000      -78503.2866
    1953.000      -78681.9309
    1954.000      -78837.8042
    1955.000      -78761.4756
    1956.000      -78708.5731
    1957.000      -78790.5569
    1958.000      -78582.5024
    1959.000      -78634.7274
    1960.000      -78466.1962
    1961.000      -78949.1101
    1962.000      -79086.2177
    1963.000      -78635.9312
    1964.000      -78615.8083
    1965.000      -78818.0669
    1966.000      -78704.9985
    1967.000      -78666.3792
    1968.000      -78604.6101
    1969.000      -78476.5044
    1970.000      -78801.1545
    1971.000      -78604.8471
    1972.000      -78799.1783
    1973.000      -78717.7021
    1974.000      -78648.2960
    1975.000      -78268.4867
    1976.000      -78569.9941
    1977.000      -78649.8003
    1978.000      -78584.8576
    1979.000      -78460.9565
    1980.000      -78522.2391
    1981.000      -78582.6574
    1982.000      -78504.8548
    1983.000      -78837.5112
    1984.000      -78628.6122
    1985.000      -78462.4168
    1986.000      -78452.0549
    1987.000      -78643.9205
    1988.000      -78485.6465
    1989.000      -78729.9264
    1990.000      -78675.6242
    1991.000      -78519.5902
    1992.000      -78467.5564
    1993.000      -78329.4078
    1994.000      -78285.0475
    1995.000      -78538.1886
    1996.000      -78562.0935
    1997.000      -78788.6890
    1998.000      -78594.7330
    1999.000      -78734.5899
    2000.000      -78511.2848
    2001.000      -78443.0537
    2002.000      -78684.4140
    2003.000      -78514.0463
    2004.000      -78326.8308
    2005.000      -78711.0014
    2006.000      -78799.6851
    2007.000      -78658.1192
    2008.000      -78410.6189
    2009.000      -78295.9556
    2010.000      -78621.3077
    2011.000      -78359.9311
    2012.000      -78364.2542
    2013.000      -78757.1321
    2014.000      -78698.7511
    2015.000      -78430.7103
    2016.000      -78592.6009
    2017.000      -78591.7027
    2018.000      -78589.2679
    2019.000      -78933.1756
    2020.000      -78533.8644
    2021.000      -78477.6613
    2022.000      -78693.8416
    2023.000      -78496.4477
    2024.000      -78425.9671
    2025.000      -78879.4124
    2026.000      -78240.7264
    2027.000      -78907.7446
    2028.000      -78903.8016
    2029.000      -78819.6047
    2030.000      -79028.9567
    2031.000      -78944.0085
    2032.000      -78628.3924
    2033.000      -78440.2761
    2034.000      -78422.2527
    2035.000      -78703.8034
    2036.000      -78882.9525
    2037.000      -78544.0139
    2038.000      -78385.1254
    2039.000      -78835.3614
    2040.000      -78847.9710
    2041.000      -78465.2644
    2042.000      -79124.8175
    2043.000      -78972.9713
    2044.000      -79122.6498
    2045.000      -78726.1571
    2046.000      -79164.0232
    2047.000      -78545.7079
    2048.000      -78644.5075
    2049.000      -78983.3280
    2050.000      -78694.5244
    2051.000      -78823.1086
    2052.000      -78758.3122
    2053.000      -78719.1687
    2054.000      -78664.8990
    2055.000      -78655.7234
    2056.000      -78863.6017
    2057.000      -78517.3785
    2058.000      -78787.4906
    2059.000      -78749.2490
    2060.000      -78938.4573
    2061.000      -78831.2467
    2062.000      -78483.8212
    2063.000      -78570.5526
    2064.000      -78945.9249
    2065.000      -78758.9434
    2066.000      -78634.7257
    2067.000      -78910.5279
    2068.000      -78906.3295
    2069.000      -78703.4620
    2070.000      -78456.2854
    2071.000      -78842.3920
    2072.000      -78669.6854
    2073.000      -78713.4684
    2074.000      -78893.8716
    2075.000      -78430.7051
    2076.000      -78567.6190
    2077.000      -78448.5194
    2078.000      -78603.6536
    2079.000      -78535.9959
    2080.000      -78612.4568
    2081.000      -78849.8203
    2082.000      -78633.8366
    2083.000      -78333.0526
    2084.000      -78473.8414
    2085.000      -78648.7732
    2086.000      -78937.9141
    2087.000      -79016.8145
    2088.000      -78685.8453
    2089.000      -78689.4945
    2090.000      -78849.2135
    2091.000      -78307.2219
    2092.000      -78548.9136
    2093.000      -78316.4834
    2094.000      -78145.5379
    2095.000      -78677.6448
    2096.000      -78635.0317
    2097.000      -78686.0318
    2098.000      -78658.5159
    2099.000      -78501.1821
    2100.000      -78516.7155
    2101.000      -78423.8601
    2102.000      -78343.9750
    2103.000      -78628.4319
    2104.000      -78643.8064
    2105.000      -78554.8818
    2106.000      -78455.3255
    2107.000      -78873.0277
    2108.000      -78633.0536
    2109.000      -78513.9674
    2110.000      -78858.5843
    2111.000      -79056.4371
    2112.000      -78438.7796
    2113.000      -78574.5439
    2114.000      -78727.5799
    2115.000      -78692.0738
    2116.000      -78832.5700
    2117.000      -78818.9059
    2118.000      -78765.0557
    2119.000      -78725.2762
    2120.000      -78749.2877
    2121.000      -78292.7224
    2122.000      -78148.8695
    2123.000      -78645.5370
    2124.000      -78523.7974
    2125.000      -78307.9775
    2126.000      -78844.9600
    2127.000      -78455.1266
    2128.000      -78558.9002
    2129.000      -78550.0224
    2130.000      -78649.4053
    2131.000      -78612.2361
    2132.000      -78328.9307
    2133.000      -78512.5089
    2134.000      -78792.6230
    2135.000      -78615.4111
    2136.000      -78594.6156
    2137.000      -78941.5311
    2138.000      -78610.0325
    2139.000      -78257.9986
    2140.000      -78250.4493
    2141.000      -78531.3172
    2142.000      -78493.0205
    2143.000      -78429.1457
    2144.000      -78512.8076
    2145.000      -78328.7282
    2146.000      -78289.9069
    2147.000      -78576.2240
    2148.000      -78781.4899
    2149.000      -79001.4742
    2150.000      -78935.1641
    2151.000      -78739.4997
    2152.000      -78596.3297
    2153.000      -78551.0367
    2154.000      -78549.9466
    2155.000      -78765.1589
    2156.000      -78637.7754
    2157.000      -78484.3892
    2158.000      -78411.3752
    2159.000      -78696.4047
    2160.000      -78899.6084
    2161.000      -78566.8099
    2162.000      -78541.5598
    2163.000      -78901.8730
    2164.000      -78729.6467
    2165.000      -78811.3543
    2166.000      -78965.2276
    2167.000      -78914.4992
    2168.000      -78269.3579
    2169.000      -78301.4563
    2170.000      -78270.2168
    2171.000      -78753.6760
    2172.000      -78760.1429
    2173.000      -78554.5967
    2174.000      -78740.2864
    2175.000      -78703.6762
    2176.000      -78725.0271
    2177.000      -78558.1465
    2178.000      -78360.5854
    2179.000      -78664.5157
    2180.000      -78699.5331
    2181.000      -78523.4576
    2182.000      -78527.3375
    2183.000      -79113.0461
    2184.000      -78709.9319
    2185.000      -78589.8715
    2186.000      -78298.9504
    2187.000      -78578.5458
    2188.000      -78606.5684
    2189.000      -78738.9200
    2190.000      -78706.9827
    2191.000      -78507.6864
    2192.000      -79035.4173
    2193.000      -78839.0229
    2194.000      -78738.1199
    2195.000      -78784.7940
    2196.000      -78823.1642
    2197.000      -78891.5093
    2198.000      -78905.5185
    2199.000      -78868.0816
    2200.000      -78708.8321
    2201.000      -78684.5725
    2202.000      -78586.4720
    2203.000      -78777.7321
    2204.000      -78510.0474
    2205.000      -78900.1962
    2206.000      -78836.0323
    2207.000      -78730.8012
    2208.000      -78377.2588
    2209.000      -78705.4362
    2210.000      -78622.0854
    2211.000      -78609.9694
    2212.000      -78765.8970
    2213.000      -78644.2521
    2214.000      -78824.0904
    2215.000      -78384.6348
    2216.000      -78415.9951
    2217.000      -78242.9782
    2218.000      -78562.4318
    2219.000      -78499.4628
    2220.000      -78097.1166
    2221.000      -78448.6804
    2222.000      -78639.9333
    2223.000      -78589.4189
    2224.000      -78889.0949
    2225.000      -78605.2304
    2226.000      -78732.6904
    2227.000      -78885.2596
    2228.000      -78687.0550
    2229.000      -78661.6321
    2230.000      -78817.5728
    2231.000      -79105.0151
    2232.000      -78750.9623
    2233.000      -78783.4013
    2234.000      -78691.2515
    2235.000      -78385.4291
    2236.000      -78567.3370
    2237.000      -78586.3706
    2238.000      -78631.5232
    2239.000      -78445.5574
    2240.000      -78724.7424
    2241.000      -78387.2975
    2242.000      -78477.7376
    2243.000      -78619.4155
    2244.000      -78638.5954
    2245.000      -78488.0223
    2246.000      -78562.4896
    2247.000      -78602.2296
    2248.000      -78789.7019
    2249.000      -78809.1490
    2250.000      -78740.1516
    2251.000      -78719.2958
    2252.000      -78763.4031
    2253.000      -78377.6259
    2254.000      -78708.8560
    2255.000      -78824.9437
    2256.000      -79160.0176
    2257.000      -78668.5869
    2258.000      -78847.7251
    2259.000      -78884.2524
    2260.000      -78755.6423
    2261.000      -78375.4644
    2262.000      -78799.5566
    2263.000      -78756.1916
    2264.000      -78958.1758
    2265.000      -78661.9193
    2266.000      -78582.2383
    2267.000      -78347.3134
    2268.000      -78648.8089
    2269.000      -78583.4359
    2270.000      -78558.8674
    2271.000      -78777.4281
    2272.000      -78863.3633
    2273.000      -78785.0063
    2274.000      -78740.3943
    2275.000      -78300.0156
    2276.000      -78694.5094
    2277.000      -78813.8730
    2278.000      -78718.3698
    2279.000      -78804.9367
    2280.000      -78798.7421
    2281.000      -78389.4319
    2282.000      -78601.7940
    2283.000      -78773.7251
    2284.000      -78556.0171
    2285.000      -78318.1555
    2286.000      -78783.7247
    2287.000      -78420.5739
    2288.000      -78759.0036
    2289.000      -78353.5441
    2290.000      -79021.6456
    2291.000      -78646.6400
    2292.000      -78510.4750
    2293.000      -78506.3341
    2294.000      -78625.6451
    2295.000      -79120.4118
    2296.000      -78706.4053
    2297.000      -78350.8112
    2298.000      -78418.5878
    2299.000      -78688.6231
    2300.000      -78727.1347
    2301.000      -78629.6428
    2302.000      -78469.6065
    2303.000      -78576.4381
    2304.000      -79089.8184
    2305.000      -78735.0441
    2306.000      -78837.2555
    2307.000      -78894.2919
    2308.000      -78494.8440
    2309.000      -78794.8711
    2310.000      -78435.3607
    2311.000      -78438.8303
    2312.000      -78682.2515
    2313.000      -78649.9359
    2314.000      -78668.8551
    2315.000      -78689.8717
    2316.000      -78612.8433
    2317.000      -78692.0830
    2318.000      -78643.2524
    2319.000      -79091.7122
    2320.000      -78484.6518
    2321.000      -78743.0245
    2322.000      -78785.2769
    2323.000      -78872.6212
    2324.000      -79151.3079
    2325.000      -78795.8766
    2326.000      -78740.8654
    2327.000      -79119.3722
    2328.000      -78757.4709
    2329.000      -78242.5158
    2330.000      -79153.2317
    2331.000      -78549.6991
    2332.000      -78789.6648
    2333.000      -78585.2205
    2334.000      -78733.0085
    2335.000      -79011.9630
    2336.000      -78750.0385
    2337.000      -78882.9008
    2338.000      -78935.1871
    2339.000      -78547.3246
    2340.000      -78870.4212
    2341.000      -78772.7242
    2342.000      -78755.2175
    2343.000      -78867.8959
    2344.000      -78447.3595
    2345.000      -78332.9320
    2346.000      -78702.4077
    2347.000      -78725.9725
    2348.000      -78505.5001
    2349.000      -78597.8132
    2350.000      -78660.8732
    2351.000      -78983.1433
    2352.000      -78849.7473
    2353.000      -78994.6027
    2354.000      -78421.1978
    2355.000      -78621.6376
    2356.000      -78717.2183
    2357.000      -78842.0584
    2358.000      -78769.2244
    2359.000      -78537.8146
    2360.000      -78724.0044
    2361.000      -78545.7867
    2362.000      -78684.1476
    2363.000      -78731.3537
    2364.000      -78815.0260
    2365.000      -78225.4324
    2366.000      -78710.9384
    2367.000      -78517.7454
    2368.000      -78581.0683
    2369.000      -78624.6424
    2370.000      -78854.2284
    2371.000      -78834.9660
    2372.000      -78737.8131
    2373.000      -78883.4175
    2374.000      -79011.5343
    2375.000      -78875.3338
    2376.000      -78373.1556
    2377.000      -78811.6907
    2378.000      -78660.5744
    2379.000      -78378.1797
    2380.000      -78708.2888
    2381.000      -78627.0743
    2382.000      -78318.2651
    2383.000      -78577.0235
    2384.000      -78727.7568
    2385.000      -78682.4204
    2386.000      -78541.0827
    2387.000      -78667.8240
    2388.000      -78557.2108
    2389.000      -78970.4649
    2390.000      -78598.6115
    2391.000      -78689.2175
    2392.000      -78481.2572
    2393.000      -78680.5724
    2394.000      -78717.3574
    2395.000      -78979.5937
    2396.000      -78652.3718
    2397.000      -78761.3841
    2398.000      -78720.4412
    2399.000      -78566.7444
    2400.000      -78601.6039
    2401.000      -78391.4101
    2402.000      -78519.3636
    2403.000      -78786.6526
    2404.000      -78716.0238
    2405.000      -78885.2326
    2406.000      -78405.5015
    2407.000      -78477.6115
    2408.000      -78523.7146
    2409.000      -78247.6252
    2410.000      -78627.4825
    2411.000      -78552.9789
    2412.000      -78593.4684
    2413.000      -78799.8035
    2414.000      -78739.6551
    2415.000      -78543.8312
    2416.000      -78484.3517
    2417.000      -78988.5708
    2418.000      -78551.3050
    2419.000      -78615.5347
    2420.000      -78912.6856
    2421.000      -78791.2311
    2422.000      -78754.9270
    2423.000      -78725.8830
    2424.000      -78630.9190
    2425.000      -78310.7771
    2426.000      -78707.5699
    2427.000      -78931.8953
    2428.000      -78513.0744
    2429.000      -78323.7229
    2430.000      -78640.2522
    2431.000      -78848.7307
    2432.000      -78549.3068
    2433.000      -78507.1366
    2434.000      -78480.8865
    2435.000      -78841.4133
    2436.000      -78250.8194
    2437.000      -78653.4124
    2438.000      -78614.1365
    2439.000      -78618.4217
    2440.000      -78822.3988
    2441.000      -78220.5953
    2442.000      -78660.2813
    2443.000      -78650.5919
    2444.000      -78920.8041
    2445.000      -78765.6500
    2446.000      -78354.0906
    2447.000      -78739.1428
    2448.000      -78982.4891
    2449.000      -78827.5914
    2450.000      -78791.3789
    2451.000      -78823.0460
    2452.000      -78887.0172
    2453.000      -78643.4408
    2454.000      -78601.7063
    2455.000      -78658.8356
    2456.000      -78731.4567
    2457.000      -79031.6097
    2458.000      -78781.2917
    2459.000      -78531.7440
    2460.000      -78813.2285
    2461.000      -78619.9701
    2462.000      -78814.3401
    2463.000      -79139.5868
    2464.000      -78634.4133
    2465.000      -78635.8482
    2466.000      -78623.3401
    2467.000      -78617.3714
    2468.000      -78812.6301
    2469.000      -78952.8870
    2470.000      -78652.3481
    2471.000      -78596.3201
    2472.000      -78926.0270
    2473.000      -78918.1357
    2474.000      -78888.1446
    2475.000      -78428.5239
    2476.000      -78852.1668
    2477.000      -78541.7607
    2478.000      -78728.9189
    2479.000      -78755.4952
    2480.000      -78636.1633
    2481.000      -78557.4004
    2482.000      -78590.0549
    2483.000      -78284.2385
    2484.000      -78342.6775
    2485.000      -78277.3768
    2486.000      -78745.5139
    2487.000      -78625.1079
    2488.000      -78577.2746
    2489.000      -78899.3497
    2490.000      -78551.1212
    2491.000      -78800.6664
    2492.000      -78545.5019
    2493.000      -78505.9961
    2494.000      -78751.2244
    2495.000      -78898.6849
    2496.000      -79047.9476
    2497.000      -78764.0533
    2498.000      -78842.6314
    2499.000      -78867.3338
    2500.000      -78691.6404
    2501.000      -78736.3115
    2502.000      -78654.2975
    2503.000      -78675.6671
    2504.000      -78467.6942
    2505.000      -78745.9710
    2506.000      -78431.1841
    2507.000      -78852.4083
    2508.000      -78503.0891
    2509.000      -78429.3145
    2510.000      -78703.6026
    2511.000      -78848.1713
    2512.000      -78982.0840
    2513.000      -78627.3315
    2514.000      -78714.2047
    2515.000      -78463.5009
    2516.000      -78627.1915
    2517.000      -78563.6129
    2518.000      -78555.5685
    2519.000      -78497.5490
    2520.000      -78468.1563
    2521.000      -78457.1433
    2522.000      -78640.8867
    2523.000      -78531.6665
    2524.000      -78563.3927
    2525.000      -78734.4444
    2526.000      -78403.5867
    2527.000      -78712.9118
    2528.000      -78419.6725
    2529.000      -78449.2666
    2530.000      -78861.3348
    2531.000      -78512.6741
    2532.000      -78693.8708
    2533.000      -78738.0142
    2534.000      -78742.4410
    2535.000      -78297.7672
    2536.000      -78684.6559
    2537.000      -78653.1858
    2538.000      -78591.1515
    2539.000      -78860.7508
    2540.000      -78632.9282
    2541.000      -78722.7888
    2542.000      -79014.3797
    2543.000      -78523.2973
    2544.000      -78310.6061
    2545.000      -78651.0391
    2546.000      -78880.5927
    2547.000      -78568.7662
    2548.000      -78454.9797
    2549.000      -78788.9966
    2550.000      -78723.6542
    2551.000      -78825.6500
    2552.000      -78730.5193
    2553.000      -78749.0495
    2554.000      -78673.7633
    2555.000      -78629.9681
    2556.000      -78628.7145
    2557.000      -79063.8710
    2558.000      -78579.8472
    2559.000      -78728.1493
    2560.000      -78508.4669
    2561.000      -78610.8068
    2562.000      -78661.8144
    2563.000      -78778.6331
    2564.000      -78603.5523
    2565.000      -78644.2778
    2566.000      -78493.1120
    2567.000      -78498.7589
    2568.000      -78389.5227
    2569.000      -78565.5923
    2570.000      -78566.4550
    2571.000      -78382.5511
    2572.000      -78583.6540
    2573.000      -78380.2394
    2574.000      -78516.7418
    2575.000      -78573.3075
    2576.000      -78511.1581
    2577.000      -78548.4332
    2578.000      -78529.8647
    2579.000      -78818.0172
    2580.000      -78515.4084
    2581.000      -78388.6677
    2582.000      -78590.7872
    2583.000      -78662.1396
    2584.000      -78434.4308
    2585.000      -78230.9885
    2586.000      -78471.6710
    2587.000      -78696.3334
    2588.000      -78436.2296
    2589.000      -78786.6544
    2590.000      -78787.4447
    2591.000      -78790.4806
    2592.000      -78584.5615
    2593.000      -78779.3242
    2594.000      -78465.8485
    2595.000      -79150.2818
    2596.000      -78994.2920
    2597.000      -78801.2400
    2598.000      -78537.8495
    2599.000      -78666.5958
    2600.000      -78439.7607
    2601.000      -78697.7462
    2602.000      -78969.1954
    2603.000      -78683.7690
    2604.000      -78721.2451
    2605.000      -78852.4703
    2606.000      -79029.1074
    2607.000      -78672.4152
    2608.000      -78507.5324
    2609.000      -78464.4698
    2610.000      -78500.2910
    2611.000      -78521.7539
    2612.000      -78411.1553
    2613.000      -78604.8903
    2614.000      -78773.2937
    2615.000      -79054.6906
    2616.000      -78772.1545
    2617.000      -78586.0180
    2618.000      -78809.3090
    2619.000      -78719.1953
    2620.000      -78681.5972
    2621.000      -78424.4012
    2622.000      -78723.6782
    2623.000      -78917.4227
    2624.000      -78889.2358
    2625.000      -78537.2046
    2626.000      -78578.4929
    2627.000      -78585.4696
    2628.000      -79278.4218
    2629.000      -78441.0966
    2630.000      -78658.9218
    2631.000      -78714.1147
    2632.000      -78889.4446
    2633.000      -78474.8372
    2634.000      -78809.5154
    2635.000      -78516.0652
    2636.000      -78898.5653
    2637.000      -78773.1224
    2638.000      -78888.8132
    2639.000      -78646.5996
    2640.000      -78322.7190
    2641.000      -78592.3025
    2642.000      -78885.2986
    2643.000      -78814.2676
    2644.000      -78543.1131
    2645.000      -78498.2184
    2646.000      -78658.3088
    2647.000      -79078.8009
    2648.000      -78743.8232
    2649.000      -78497.5087
    2650.000      -78568.9356
    2651.000      -78735.9559
    2652.000      -78869.3848
    2653.000      -78665.7715
    2654.000      -78810.8852
    2655.000      -78656.5761
    2656.000      -78401.0770
    2657.000      -78561.6339
    2658.000      -78933.4271
    2659.000      -78594.2703
    2660.000      -78713.3268
    2661.000      -78803.5813
    2662.000      -78293.6711
    2663.000      -78841.5180
    2664.000      -78883.8527
    2665.000      -78795.2380
    2666.000      -78723.6249
    2667.000      -78739.2535
    2668.000      -78796.9218
    2669.000      -78963.8762
    2670.000      -78609.5591
    2671.000      -78548.8242
    2672.000      -79038.9161
    2673.000      -78841.1007
    2674.000      -78797.5573
    2675.000      -78735.3556
    2676.000      -78933.4702
    2677.000      -78755.3623
    2678.000      -78806.7735
    2679.000      -78466.2322
    2680.000      -78483.9639
    2681.000      -78619.1263
    2682.000      -78716.6475
    2683.000      -78837.3581
    2684.000      -78940.8641
    2685.000      -78944.9639
    2686.000      -78928.5353
    2687.000      -79036.2076
    2688.000      -78637.3567
    2689.000      -79022.9945
    2690.000      -78670.4367
    2691.000      -78628.8346
    2692.000      -78850.2693
    2693.000      -78708.1050
    2694.000      -78519.6679
    2695.000      -78610.6467
    2696.000      -78832.8388
    2697.000      -78709.5660
    2698.000      -78714.1916
    2699.000      -78821.4922
    2700.000      -78707.7683
    2701.000      -78682.0753
    2702.000      -78449.8542
    2703.000      -78669.6387
    2704.000      -79044.6089
    2705.000      -78771.6049
    2706.000      -78494.7375
    2707.000      -78559.0881
    2708.000      -78406.6556
    2709.000      -78819.6147
    2710.000      -78578.5331
    2711.000      -78572.5847
    2712.000      -78266.3068
    2713.000      -78928.0712
    2714.000      -78955.0732
    2715.000      -78366.4212
    2716.000      -78763.2413
    2717.000      -78358.8875
    2718.000      -78664.5154
    2719.000      -78501.5121
    2720.000      -78281.1309
    2721.000      -78513.1604
    2722.000      -78625.3597
    2723.000      -78480.6206
    2724.000      -78420.6829
    2725.000      -78640.1354
    2726.000      -78934.3802
    2727.000      -78787.5781
    2728.000      -78453.1542
    2729.000      -78779.1677
    2730.000      -78860.3552
    2731.000      -78468.2055
    2732.000      -79081.8718
    2733.000      -78472.5627
    2734.000      -78442.7073
    2735.000      -78452.7098
    2736.000      -78613.2557
    2737.000      -78789.6398
    2738.000      -79077.7308
    2739.000      -78573.5584
    2740.000      -78982.9164
    2741.000      -78450.3867
    2742.000      -78703.2748
    2743.000      -78554.8717
    2744.000      -78511.3209
    2745.000      -78997.4464
    2746.000      -78723.2851
    2747.000      -78691.0203
    2748.000      -78990.6611
    2749.000      -78382.3248
    2750.000      -78656.2727
    2751.000      -78553.4257
    2752.000      -78715.9168
    2753.000      -78601.6581
    2754.000      -78598.2224
    2755.000      -78665.7052
    2756.000      -78758.8698
    2757.000      -78593.7427
    2758.000      -78453.2717
    2759.000      -78667.8651
    2760.000      -78721.9512
    2761.000      -78581.5409
    2762.000      -78568.1870
    2763.000      -78346.0377
    2764.000      -78509.3961
    2765.000      -78495.9853
    2766.000      -78452.4542
    2767.000      -78660.7398
    2768.000      -78577.0630
    2769.000      -78665.0391
    2770.000      -79070.5846
    2771.000      -78529.4276
    2772.000      -78479.1588
    2773.000      -78498.5817
    2774.000      -78373.4033
    2775.000      -78885.3441
    2776.000      -79041.0603
    2777.000      -78706.9631
    2778.000      -78589.7688
    2779.000      -78663.3306
    2780.000      -78709.9140
    2781.000      -78499.9231
    2782.000      -78620.4889
    2783.000      -78526.5486
    2784.000      -78735.9831
    2785.000      -79001.9168
    2786.000      -78707.8521
    2787.000      -78435.5441
    2788.000      -78450.4513
    2789.000      -78799.8184
    2790.000      -78738.1966
    2791.000      -78294.5990
    2792.000      -78864.5229
    2793.000      -79012.2362
    2794.000      -78695.3187
    2795.000      -78676.1587
    2796.000      -78747.9269
    2797.000      -78614.6684
    2798.000      -79211.8279
    2799.000      -78575.2959
    2800.000      -78775.1095
    2801.000      -78850.0730
    2802.000      -78517.4918
    2803.000      -78506.0838
    2804.000      -78563.3466
    2805.000      -78878.2677
    2806.000      -78571.5251
    2807.000      -78861.5341
    2808.000      -78912.8993
    2809.000      -78577.5573
    2810.000      -79067.6156
    2811.000      -78741.5365
    2812.000      -78564.5313
    2813.000      -78599.6792
    2814.000      -78585.3322
    2815.000      -78358.9811
    2816.000      -78599.8322
    2817.000      -78799.1129
    2818.000      -78731.6805
    2819.000      -78862.6573
    2820.000      -78912.6036
    2821.000      -78791.3645
    2822.000      -78700.7436
    2823.000      -78871.9104
    2824.000      -78758.8018
    2825.000      -78872.2027
    2826.000      -78762.9364
    2827.000      -78873.3081
    2828.000      -78905.2714
    2829.000      -78443.5157
    2830.000      -78697.3281
    2831.000      -78657.3625
    2832.000      -78578.6200
    2833.000      -78477.7360
    2834.000      -78559.0005
    2835.000      -78820.9602
    2836.000      -78890.6584
    2837.000      -78959.0338
    2838.000      -78991.6792
    2839.000      -78702.4203
    2840.000      -78922.6032
    2940.000      -78407.6220
    3040.000      -78515.8155
    3140.000      -78961.9481
    3240.000      -79009.7998
    3340.000      -78739.4261
    3440.000      -78688.6968
    3540.000      -78769.1333
    3640.000      -78828.3089
    3740.000      -78565.7085
    3840.000      -78770.3459
    3940.000      -78454.0287
    4040.000      -78797.5541
    4140.000      -78733.8757
    4240.000      -78672.9485
    4340.000      -78852.7888
    4440.000      -78908.9207
    4540.000      -78625.2520
    4640.000      -78888.4718
    4740.000      -78582.7181
    4840.000      -78499.8565
    4940.000      -78511.8758
