     141.000   -545.5
     142.000   -507.7
     143.000   -135.4
     144.000   -261.7
     145.000   -249.3
     146.000      7.4
     147.000   -279.3
     148.000   -394.4
     149.000      2.9
     150.000     51.3
     151.000   -138.3
     152.000     21.1
     153.000    -91.0
     154.000   -204.9
     155.000    -53.3
     156.000   -188.8
     157.000    -98.6
     158.000    138.4
     159.000      5.6
     160.000    -78.1
     161.000    -88.7
     162.000     67.8
     163.000   -180.8
     164.000    239.7
     165.000    103.7
     166.000    -85.5
     167.000    -36.5
     168.000     93.2
     169.000    -90.2
     170.000    109.0
     171.000    -42.9
     172.000    128.6
     173.000    -48.5
     174.000   -288.2
     175.000   -160.0
     176.000    -60.5
     177.000     70.3
     178.000    -99.7
     179.000   -290.1
     180.000    250.0
     181.000   -154.1
     182.000   -200.5
     183.000    257.7
     184.000   -170.7
     185.000    130.7
     186.000     60.0
     187.000     -8.1
     188.000     27.3
     189.000    -18.1
     190.000   -100.6
     191.000    253.5
     192.000   -113.8
     193.000    -27.1
     194.000    -26.0
     195.000    -68.1
     196.000    -33.2
     197.000    207.2
     198.000     42.0
     199.000     45.1
     200.000     39.4
     201.000    -21.3
     202.000     93.2
     203.000   -151.5
     204.000    115.8
     205.000    131.8
     206.000     18.7
     207.000   -100.7
     208.000    268.3
     209.000   -258.2
     210.000    -16.6
     211.000    164.5
     212.000    316.9
     213.000   -191.0
     214.000      5.3
     215.000   -119.7
     216.000     69.1
     217.000   -114.4
     218.000   -200.8
     219.000     37.1
     220.000     42.5
     221.000   -170.0
     222.000    203.1
     223.000      6.0
     224.000    404.5
     225.000   -139.9
     226.000     27.7
     227.000    171.2
     228.000   -147.3
     229.000   -258.4
     230.000     29.7
     231.000   -182.2
     232.000     42.3
     233.000     86.6
     234.000    -38.9
     235.000    111.6
     236.000     35.0
     237.000   -221.8
     238.000      5.6
     239.000     40.7
     240.000    233.4
     241.000    261.0
     242.000    138.9
     243.000    142.5
     244.000    160.5
     245.000    228.5
     246.000    -21.5
     247.000   -109.6
     248.000     50.8
     249.000   -173.2
     250.000    143.7
     251.000    -27.8
     252.000     92.9
     253.000    -75.4
     254.000   -217.9
     255.000    167.4
     256.000     49.9
     257.000    -20.8
     258.000    296.5
     259.000     77.0
     260.000    -52.6
     261.000    185.6
     262.000    259.1
     263.000    -96.1
     264.000     75.2
     265.000    -91.8
     266.000    -17.1
     267.000     91.7
     268.000   -155.5
     269.000   -173.4
     270.000    156.3
     271.000   -332.0
     272.000    -33.4
     273.000     12.8
     274.000   -206.0
     275.000     88.8
     276.000    157.4
     277.000    -59.6
     278.000    -16.6
     279.000     55.3
     280.000    191.0
     281.000     23.5
     282.000    126.8
     283.000    197.7
     284.000   -168.0
     285.000    -60.3
     286.000     13.8
     287.000   -131.8
     288.000    -60.8
     289.000    -34.6
     290.000   -265.3
     291.000    233.7
     292.000     61.8
     293.000    -97.5
     294.000    192.1
     295.000    -72.7
     296.000    218.8
     297.000      1.3
     298.000      1.0
     299.000    229.5
     300.000     64.5
     301.000    -37.8
     302.000   -109.5
     303.000    164.5
     304.000    -92.4
     305.000    358.1
     306.000   -350.0
     307.000    117.7
     308.000    100.4
     309.000   -191.3
     310.000    252.3
     311.000    192.0
     312.000   -105.0
     313.000     70.9
     314.000     94.1
     315.000    117.5
     316.000   -116.4
     317.000     -0.4
     318.000   -182.8
     319.000   -128.6
     320.000    215.1
     321.000   -214.6
     322.000    -60.5
     323.000     85.8
     324.000    -42.0
     325.000    106.9
     326.000    -60.3
     327.000     21.1
     328.000     21.2
     329.000    187.8
     330.000    405.1
     331.000     34.4
     332.000    118.4
     333.000   -185.3
     334.000     49.8
     335.000     78.3
     336.000     96.7
     337.000    185.3
     338.000      1.1
     339.000    455.1
     340.000   -159.2
     341.000    -39.8
     342.000     56.4
     343.000   -189.5
     344.000    255.9
     345.000     38.9
     346.000    -86.7
     347.000    -77.4
     348.000   -105.9
     349.000     86.9
     350.000    115.2
     351.000    -57.5
     352.000     66.5
     353.000    107.7
     354.000    431.1
     355.000   -219.1
     356.000   -121.6
     357.000    -50.6
     358.000    -74.2
     359.000    -43.6
     360.000    195.0
     361.000   -155.7
     362.000     41.6
     363.000     44.9
     364.000    242.8
     365.000   -161.9
     366.000    -69.2
     367.000    178.6
     368.000    130.8
     369.000     39.6
     370.000    -40.5
     371.000    179.6
     372.000     63.7
     373.000   -108.7
     374.000    -14.2
     375.000    -77.9
     376.000    136.6
     377.000      6.0
     378.000   -116.1
     379.000   -103.4
     380.000     22.6
     381.000   -195.8
     382.000     69.6
     383.000    279.8
     384.000     43.7
     385.000      0.8
     386.000    -62.1
     387.000     93.5
     388.000    144.2
     389.000    184.0
     390.000    179.7
     391.000    -33.9
     392.000    122.8
     393.000    103.4
     394.000    -47.7
     395.000     43.2
     396.000   -223.9
     397.000     90.1
     398.000    -21.7
     399.000   -258.8
     400.000    139.8
     401.000    -79.0
     402.000    -42.4
     403.000     40.5
     404.000     25.3
     405.000    185.2
     406.000    102.6
     407.000    -72.7
     408.000   -125.8
     409.000    361.7
     410.000    224.0
     411.000     93.3
     412.000   -106.6
     413.000     79.0
     414.000     -8.0
     415.000    103.6
     416.000    153.2
     417.000     29.3
     418.000     49.6
     419.000    166.0
     420.000    -72.5
     421.000    200.0
     422.000    207.8
     423.000    157.2
     424.000    165.6
     425.000     19.9
     426.000    155.2
     427.000    -19.8
     428.000   -230.7
     429.000   -104.4
     430.000     79.5
     431.000    -27.2
     432.000     32.6
     433.000    143.2
     434.000    -15.3
     435.000   -221.0
     436.000   -137.0
     437.000    245.9
     438.000      5.2
     439.000   -183.4
     440.000   -113.6
     441.000    218.3
     442.000    -35.5
     443.000   -168.7
     444.000   -319.1
     445.000    -74.7
     446.000    165.7
     447.000    271.9
     448.000   -225.1
     449.000    115.2
     450.000    287.0
     451.000   -141.1
     452.000    186.2
     453.000    -31.6
     454.000    -47.1
     455.000     73.8
     456.000   -120.5
     457.000    233.6
     458.000    170.9
     459.000    -65.4
     460.000    133.1
     461.000    -97.5
     462.000      8.2
     463.000     87.2
     464.000    -70.8
     465.000    218.9
     466.000    111.1
     467.000    126.6
     468.000    117.5
     469.000     50.8
     470.000   -110.8
     471.000   -109.9
     472.000    -20.9
     473.000    144.9
     474.000   -182.8
     475.000     20.6
     476.000   -114.0
     477.000    -47.2
     478.000    172.6
     479.000   -186.5
     480.000    166.1
     481.000     16.1
     482.000    -97.9
     483.000    228.6
     484.000   -208.5
     485.000     -7.4
     486.000     42.3
     487.000     15.5
     488.000      9.5
     489.000    132.9
     490.000     97.1
     491.000     47.7
     492.000   -181.0
     493.000   -123.4
     494.000     68.1
     495.000     97.1
     496.000    109.7
     497.000   -144.4
     498.000    128.8
     499.000    172.5
     500.000    194.6
     501.000   -147.5
     502.000     26.1
     503.000   -179.6
     504.000    -49.8
     505.000    -11.0
     506.000      4.5
     507.000     -2.9
     508.000    -15.8
     509.000    164.9
     510.000      1.3
     511.000    101.4
     512.000   -180.3
     513.000     43.1
     514.000    239.4
     515.000   -136.4
     516.000    112.9
     517.000   -112.6
     518.000    182.0
     519.000     67.0
     520.000     18.5
     521.000   -211.8
     522.000   -312.3
     523.000   -294.5
     524.000   -163.8
     525.000      7.4
     526.000     59.3
     527.000    125.1
     528.000   -163.4
     529.000    -12.3
     530.000   -133.8
     531.000    -12.6
     532.000     49.5
     533.000    -69.8
     534.000     64.6
     535.000   -130.8
     536.000     70.5
     537.000    151.4
     538.000     62.5
     539.000     49.7
     540.000    -37.7
     541.000     83.0
     542.000     55.9
     543.000    176.4
     544.000     89.1
     545.000   -159.5
     546.000    -17.8
     547.000     15.3
     548.000    138.1
     549.000   -161.5
     550.000     92.0
     551.000     53.7
     552.000     -3.5
     553.000    115.2
     554.000   -396.8
     555.000   -233.2
     556.000    -14.7
     557.000    -50.5
     558.000    255.1
     559.000    100.3
     560.000   -121.2
     561.000     73.1
     562.000    276.1
     563.000    117.7
     564.000   -171.0
     565.000     31.9
     566.000    -22.7
     567.000   -244.6
     568.000     88.1
     569.000    -26.1
     570.000    -36.5
     571.000   -128.9
     572.000   -235.5
     573.000    -55.4
     574.000    -19.7
     575.000    198.0
     576.000   -174.3
     577.000   -404.7
     578.000    -35.2
     579.000    -24.7
     580.000     15.1
     581.000    131.6
     582.000    -47.3
     583.000   -109.4
     584.000    158.9
     585.000    -78.7
     586.000    108.3
     587.000   -127.1
     588.000   -175.6
     589.000     48.9
     590.000     36.6
     591.000     76.4
     592.000    232.9
     593.000    -22.9
     594.000    -75.0
     595.000    -53.5
     596.000     42.9
     597.000    184.6
     598.000    -94.8
     599.000     -5.4
     600.000     82.7
     601.000     -9.5
     602.000    188.4
     603.000    275.8
     604.000     -5.3
     605.000    -16.5
     606.000    194.8
     607.000   -285.5
     608.000   -154.9
     609.000    -97.0
     610.000     32.9
     611.000    170.6
     612.000     38.3
     613.000   -109.0
     614.000   -229.9
     615.000    179.5
     616.000    156.6
     617.000    -86.5
     618.000   -191.2
     619.000    100.7
     620.000    205.7
     621.000    -25.0
     622.000    -96.7
     623.000    231.9
     624.000     72.6
     625.000   -140.9
     626.000   -301.3
     627.000   -216.8
     628.000     10.8
     629.000    146.8
     630.000    112.8
     631.000    173.4
     632.000    -39.3
     633.000    459.4
     634.000     -2.9
     635.000    212.2
     636.000   -185.1
     637.000   -116.9
     638.000    117.3
     639.000     20.3
     640.000   -226.2
     641.000      2.7
     642.000    124.9
     643.000    109.1
     644.000   -152.6
     645.000   -320.5
     646.000     97.6
     647.000    -47.2
     648.000   -137.2
     649.000   -362.6
     650.000     28.3
     651.000      2.7
     652.000     53.5
     653.000    -52.8
     654.000    -58.7
     655.000   -130.1
     656.000     46.0
     657.000    101.4
     658.000      1.5
     659.000    208.5
     660.000    -92.6
     661.000    107.2
     662.000     55.7
     663.000     -0.6
     664.000    290.4
     665.000    177.5
     666.000     56.2
     667.000    162.6
     668.000    127.8
     669.000    132.8
     670.000    117.8
     671.000   -196.3
     672.000      2.8
     673.000   -139.5
     674.000     44.5
     675.000    201.8
     676.000     91.5
     677.000    -54.6
     678.000     48.5
     679.000   -355.4
     680.000   -309.3
     681.000    102.6
     682.000    -33.9
     683.000    182.2
     684.000     80.1
     685.000    277.1
     686.000     93.8
     687.000     62.5
     688.000     18.1
     689.000    202.6
     690.000     25.9
     691.000    -64.2
     692.000     80.9
     693.000   -136.8
     694.000     84.6
     695.000    444.6
     696.000    137.8
     697.000   -187.3
     698.000   -200.9
     699.000   -108.2
     700.000    -17.6
     701.000   -295.5
     702.000    -99.5
     703.000   -181.9
     704.000    143.0
     705.000    158.5
     706.000    -13.1
     707.000    -75.9
     708.000    130.3
     709.000     32.4
     710.000    -47.2
     711.000    244.9
     712.000      7.9
     713.000     -2.5
     714.000    250.6
     715.000     81.4
     716.000    142.0
     717.000    242.0
     718.000    -22.1
     719.000     -7.2
     720.000   -265.2
     721.000    133.4
     722.000    -53.1
     723.000    185.3
     724.000    292.7
     725.000   -162.7
     726.000    220.0
     727.000     70.6
     728.000    104.5
     729.000    -28.6
     730.000    -95.7
     731.000      9.8
     732.000    -71.7
     733.000     -9.3
     734.000   -185.1
     735.000    178.9
     736.000    260.0
     737.000   -125.1
     738.000    156.8
     739.000   -156.8
     740.000   -159.2
     741.000   -178.0
     742.000   -376.8
     743.000    -39.8
     744.000    106.5
     745.000    -39.3
     746.000     15.0
     747.000    -52.3
     748.000    134.8
     749.000    -36.0
     750.000   -133.8
     751.000     58.3
     752.000   -174.2
     753.000   -127.6
     754.000    -43.4
     755.000    104.2
     756.000     -3.1
     757.000   -160.7
     758.000      0.1
     759.000     44.7
     760.000   -140.6
     761.000    134.8
     762.000   -101.7
     763.000    105.1
     764.000    -51.4
     765.000    124.4
     766.000     82.8
     767.000    132.4
     768.000    120.5
     769.000    -60.2
     770.000    -10.4
     771.000   -154.3
     772.000    -72.9
     773.000   -123.5
     774.000   -131.0
     775.000    -29.0
     776.000   -280.2
     777.000    143.7
     778.000    -22.4
     779.000    -43.1
     780.000    -28.5
     781.000     77.6
     782.000    -21.3
     783.000      6.0
     784.000   -221.7
     785.000   -334.9
     786.000    -49.6
     787.000    116.7
     788.000     43.7
     789.000     69.9
     790.000   -194.9
     791.000   -105.4
     792.000   -221.1
     793.000     42.1
     794.000    -20.4
     795.000     51.1
     796.000   -114.9
     797.000   -131.5
     798.000    -16.2
     799.000   -381.0
     800.000    175.9
     801.000     84.9
     802.000   -181.0
     803.000    -58.4
     804.000    -15.2
     805.000    -49.5
     806.000      3.2
     807.000   -169.4
     808.000    -72.0
     809.000     46.4
     810.000   -308.7
     811.000    269.6
     812.000    153.9
     813.000     13.5
     814.000   -110.3
     815.000     82.5
     816.000    162.5
     817.000    158.9
     818.000    156.6
     819.000    108.0
     820.000     -9.1
     821.000    174.4
     822.000    128.5
     823.000     55.4
     824.000     41.9
     825.000    -71.1
     826.000    -23.4
     827.000    -40.4
     828.000    175.7
     829.000      9.3
     830.000     74.6
     831.000    -89.6
     832.000    147.3
     833.000   -231.3
     834.000     54.8
     835.000   -141.4
     836.000     84.7
     837.000    -42.3
     838.000    -24.0
     839.000    -73.6
     840.000    325.4
     841.000    -93.7
     842.000    147.2
     843.000      2.3
     844.000     98.1
     845.000   -289.7
     846.000    126.1
     847.000    139.7
     848.000    -49.5
     849.000     17.0
     850.000     98.1
     851.000    -66.7
     852.000     40.3
     853.000    -54.9
     854.000    133.2
     855.000    271.4
     856.000    -83.4
     857.000   -152.3
     858.000    268.1
     859.000    117.8
     860.000    -33.5
     861.000   -158.5
     862.000    146.8
     863.000   -250.0
     864.000    409.1
     865.000     42.7
     866.000   -146.1
     867.000    -17.7
     868.000    -33.2
     869.000    -69.1
     870.000    -40.4
     871.000    150.0
     872.000    120.5
     873.000   -163.0
     874.000   -245.3
     875.000     21.7
     876.000     10.2
     877.000    119.9
     878.000     34.5
     879.000     93.1
     880.000   -275.2
     881.000    121.9
     882.000    -77.1
     883.000    239.2
     884.000      2.1
     885.000    144.5
     886.000   -137.1
     887.000   -135.4
     888.000     64.8
     889.000     84.0
     890.000   -189.9
     891.000   -210.3
     892.000     -8.6
     893.000    184.5
     894.000   -151.2
     895.000   -254.6
     896.000    -80.3
     897.000    -59.3
     898.000     35.2
     899.000    169.8
     900.000     37.7
     901.000     21.6
     902.000    -81.2
     903.000    119.4
     904.000     -1.4
     905.000   -431.1
     906.000     69.5
     907.000    180.0
     908.000    261.7
     909.000   -107.5
     910.000    -46.2
     911.000   -216.4
     912.000    164.2
     913.000     96.8
     914.000     98.3
     915.000    260.6
     916.000     71.3
     917.000    242.4
     918.000    -43.9
     919.000    158.0
     920.000   -174.7
     921.000    -97.8
     922.000   -158.3
     923.000    238.1
     924.000   -148.7
     925.000    111.2
     926.000     97.2
     927.000    180.1
     928.000   -129.2
     929.000    206.0
     930.000    167.4
     931.000   -146.0
     932.000   -328.8
     933.000     -4.9
     934.000     32.1
     935.000     34.9
     936.000     68.0
     937.000     -0.2
     938.000   -275.5
     939.000      1.0
     940.000   -147.5
     941.000     70.0
     942.000    272.0
     943.000   -107.9
     944.000   -103.8
     945.000     54.4
     946.000    213.2
     947.000     94.5
     948.000     36.6
     949.000   -210.3
     950.000    -65.1
     951.000     -1.4
     952.000    167.3
     953.000    168.5
     954.000      3.0
     955.000     46.6
     956.000    -38.6
     957.000    -71.0
     958.000   -165.9
     959.000     56.6
     960.000   -185.5
     961.000    142.4
     962.000    -96.1
     963.000    312.2
     964.000    221.1
     965.000    -40.2
     966.000      6.0
     967.000    120.8
     968.000    115.1
     969.000   -143.0
     970.000   -161.2
     971.000     39.4
     972.000   -125.6
     973.000     66.9
     974.000    -18.0
     975.000     25.0
     976.000    196.1
     977.000   -272.7
     978.000     17.0
     979.000     31.7
     980.000    328.2
     981.000    162.2
     982.000     68.9
     983.000    -91.5
     984.000    -49.9
     985.000    -17.5
     986.000    168.4
     987.000    108.4
     988.000   -175.4
     989.000     29.3
     990.000    137.0
     991.000   -272.9
     992.000    -57.5
     993.000     -8.8
     994.000   -164.0
     995.000    195.0
     996.000    -70.6
     997.000    -21.0
     998.000    -24.4
     999.000     15.1
    1000.000    -98.9
    1001.000   -126.0
    1002.000   -147.7
    1003.000    -55.8
    1004.000   -251.4
    1005.000     81.9
    1006.000   -125.5
    1007.000     58.5
    1008.000    112.4
    1009.000    -81.0
    1010.000    -48.5
    1011.000    229.6
    1012.000    -98.9
    1013.000    109.1
    1014.000    -70.8
    1015.000   -114.3
    1016.000   -131.5
    1017.000   -312.3
    1018.000    -24.6
    1019.000    -28.0
    1020.000   -106.0
    1021.000    165.7
    1022.000     78.0
    1023.000    362.2
    1024.000    165.2
    1025.000   -291.1
    1026.000     76.5
    1027.000      5.3
    1028.000   -107.9
    1029.000    116.5
    1030.000     13.7
    1031.000     96.7
    1032.000    156.1
    1033.000     68.2
    1034.000   -298.0
    1035.000   -238.3
    1036.000    137.0
    1037.000    -59.2
    1038.000    143.9
    1039.000   -159.2
    1040.000    -60.2
    1041.000    218.9
    1042.000     29.5
    1043.000   -195.8
    1044.000   -236.6
    1045.000     22.6
    1046.000    -38.0
    1047.000   -303.4
    1048.000    174.3
    1049.000     -3.5
    1050.000    -44.2
    1051.000    -82.5
    1052.000   -126.2
    1053.000    105.9
    1054.000    -76.3
    1055.000     32.1
    1056.000    181.3
    1057.000   -112.1
    1058.000    118.6
    1059.000    -83.7
    1060.000      3.0
    1061.000   -188.1
    1062.000    -30.0
    1063.000    189.1
    1064.000    214.2
    1065.000   -117.0
    1066.000   -279.0
    1067.000     83.6
    1068.000     80.8
    1069.000     62.3
    1070.000    -38.5
    1071.000   -120.0
    1072.000    -34.2
    1073.000    -25.6
    1074.000   -482.0
    1075.000   -174.8
    1076.000    260.4
    1077.000   -213.8
    1078.000    152.9
    1079.000    195.8
    1080.000   -111.9
    1081.000    -64.9
    1082.000     24.3
    1083.000     69.9
    1084.000    -59.6
    1085.000     59.0
    1086.000    241.8
    1087.000    130.2
    1088.000   -159.3
    1089.000    168.2
    1090.000   -186.8
    1091.000   -217.2
    1092.000   -179.8
    1093.000    111.4
    1094.000    188.7
    1095.000     72.7
    1096.000    135.4
    1097.000      5.9
    1098.000    -86.6
    1099.000    217.1
    1100.000    -51.3
    1101.000   -129.1
    1102.000   -146.9
    1103.000    170.8
    1104.000    -35.6
    1105.000   -157.1
    1106.000    -89.3
    1107.000    -94.7
    1108.000     71.2
    1109.000    300.1
    1110.000     36.8
    1111.000    -47.7
    1112.000     10.7
    1113.000   -162.4
    1114.000    173.9
    1115.000    -10.7
    1116.000   -160.5
    1117.000    -96.0
    1118.000     -1.9
    1119.000     70.6
    1120.000    -63.5
    1121.000     75.0
    1122.000   -192.7
    1123.000    -77.6
    1124.000   -238.5
    1125.000    -38.3
    1126.000     36.3
    1127.000    100.5
    1128.000   -259.0
    1129.000    -70.5
    1130.000     17.1
    1131.000    202.3
    1132.000   -173.0
    1133.000    -98.7
    1134.000     54.7
    1135.000    -43.1
    1136.000   -136.7
    1137.000    151.9
    1138.000    -40.7
    1139.000   -154.7
    1140.000      3.5
    1141.000    -72.4
    1142.000     66.2
    1143.000    166.9
    1144.000     88.2
    1145.000    117.1
    1146.000     63.0
    1147.000   -192.5
    1148.000   -227.8
    1149.000     97.2
    1150.000   -152.5
    1151.000   -130.0
    1152.000     83.1
    1153.000    -36.1
    1154.000    -44.5
    1155.000   -166.9
    1156.000     87.4
    1157.000     28.5
    1158.000   -161.1
    1159.000    234.3
    1160.000   -183.7
    1161.000    -57.4
    1162.000    -33.4
    1163.000    230.1
    1164.000    307.9
    1165.000      9.2
    1166.000     73.9
    1167.000    202.2
    1168.000     55.2
    1169.000   -228.7
    1170.000    187.3
    1171.000    -64.7
    1172.000    -21.7
    1173.000   -200.2
    1174.000    -52.1
    1175.000    -28.2
    1176.000   -131.1
    1177.000    -22.5
    1178.000   -175.0
    1179.000     73.0
    1180.000    162.0
    1181.000     71.3
    1182.000    -46.5
    1183.000    -75.9
    1184.000     30.5
    1185.000     36.2
    1186.000    124.6
    1187.000      0.3
    1188.000    176.0
    1189.000    122.8
    1190.000     88.8
    1191.000    151.8
    1192.000     59.8
    1193.000    112.2
    1194.000     81.8
    1195.000    149.9
    1196.000   -262.8
    1197.000   -141.9
    1198.000   -117.1
    1199.000    209.6
    1200.000    311.4
    1201.000     22.7
    1202.000    226.7
    1203.000    127.5
    1204.000     76.2
    1205.000   -189.4
    1206.000    155.5
    1207.000    -69.7
    1208.000    -43.3
    1209.000    208.8
    1210.000    103.0
    1211.000   -105.3
    1212.000    -55.9
    1213.000     -5.0
    1214.000    107.1
    1215.000     91.8
    1216.000   -117.2
    1217.000    -49.7
    1218.000   -114.4
    1219.000    -21.3
    1220.000    127.5
    1221.000     16.5
    1222.000     10.3
    1223.000     14.5
    1224.000     11.7
    1225.000    -16.8
    1226.000     93.8
    1227.000    175.2
    1228.000    -15.9
    1229.000   -242.3
    1230.000   -147.1
    1231.000     -4.2
    1232.000    -53.0
    1233.000     12.7
    1234.000    381.6
    1235.000   -114.4
    1236.000   -111.9
    1237.000     72.0
    1238.000     64.9
    1239.000     89.9
    1240.000     35.7
    1241.000   -261.5
    1242.000    -76.5
    1243.000     70.4
    1244.000    -58.3
    1245.000    101.7
    1246.000   -399.9
    1247.000     65.1
    1248.000   -124.3
    1249.000     59.7
    1250.000   -152.6
    1251.000   -137.6
    1252.000    101.1
    1253.000    119.3
    1254.000    -47.6
    1255.000    -28.7
    1256.000    105.4
    1257.000   -196.3
    1258.000    220.6
    1259.000     39.9
    1260.000      5.9
    1261.000    -25.1
    1262.000     16.1
    1263.000   -276.4
    1264.000   -145.1
    1265.000    -63.5
    1266.000    -18.4
    1267.000    -18.9
    1268.000     18.7
    1269.000     27.5
    1270.000    174.3
    1271.000     14.9
    1272.000    219.9
    1273.000   -185.1
    1274.000    -11.9
    1275.000      9.0
    1276.000   -332.2
    1277.000   -157.3
    1278.000     93.5
    1279.000    -50.0
    1280.000     93.1
    1281.000    -15.7
    1282.000    175.5
    1283.000    107.6
    1284.000    -56.0
    1285.000     41.5
    1286.000   -336.7
    1287.000    130.3
    1288.000    -85.1
    1289.000   -195.9
    1290.000    151.4
    1291.000    -63.0
    1292.000     72.6
    1293.000      3.7
    1294.000    175.2
    1295.000   -129.0
    1296.000     47.4
    1297.000    -17.1
    1298.000     89.2
    1299.000   -160.1
    1300.000   -144.4
    1301.000     93.0
    1302.000   -186.7
    1303.000    -72.7
    1304.000     64.5
    1305.000   -129.7
    1306.000   -124.8
    1307.000     54.9
    1308.000    -68.3
    1309.000    221.4
    1310.000     44.1
    1311.000    -41.3
    1312.000    199.0
    1313.000    -48.6
    1314.000     57.8
    1315.000     53.0
    1316.000     71.5
    1317.000    130.6
    1318.000    -62.5
    1319.000    -32.7
    1320.000    165.6
    1321.000    -51.8
    1322.000     56.0
    1323.000   -349.9
    1324.000   -201.9
    1325.000     53.6
    1326.000    150.5
    1327.000     39.1
    1328.000      6.2
    1329.000     14.4
    1330.000    175.0
    1331.000    191.0
    1332.000     99.1
    1333.000    171.3
    1334.000     62.6
    1335.000   -129.5
    1336.000     95.9
    1337.000    142.1
    1338.000    119.7
    1339.000    227.2
    1340.000   -237.8
    1341.000   -154.3
    1342.000    302.5
    1343.000    340.2
    1344.000     42.1
    1345.000     20.7
    1346.000   -248.3
    1347.000    -21.2
    1348.000    -81.1
    1349.000   -316.8
    1350.000    -63.7
    1351.000    -37.2
    1352.000    -52.6
    1353.000   -230.2
    1354.000   -234.7
    1355.000    163.7
    1356.000     82.0
    1357.000    317.9
    1358.000   -131.0
    1359.000     54.5
    1360.000   -130.5
    1361.000     84.5
    1362.000   -227.6
    1363.000    -28.5
    1364.000    186.6
    1365.000   -164.0
    1366.000     85.3
    1367.000   -409.2
    1368.000   -114.8
    1369.000     47.3
    1370.000    110.3
    1371.000   -296.2
    1372.000   -274.3
    1373.000   -204.6
    1374.000    103.1
    1375.000     53.8
    1376.000   -254.8
    1377.000    112.1
    1378.000     -7.4
    1379.000    -12.5
    1380.000    -78.5
    1381.000   -324.2
    1382.000     13.5
    1383.000     42.5
    1384.000   -105.3
    1385.000     80.6
    1386.000    128.5
    1387.000     51.7
    1388.000     70.8
    1389.000     32.3
    1390.000   -229.9
    1391.000   -125.0
    1392.000     24.2
    1393.000    -92.7
    1394.000   -252.7
    1395.000     46.9
    1396.000    -19.0
    1397.000   -111.8
    1398.000     46.8
    1399.000   -111.8
    1400.000    153.1
    1401.000   -101.5
    1402.000    176.6
    1403.000   -176.6
    1404.000    -63.3
    1405.000   -121.3
    1406.000     34.2
    1407.000    -97.3
    1408.000    279.8
    1409.000     22.0
    1410.000      0.6
    1411.000    206.2
    1412.000    113.2
    1413.000    -44.6
    1414.000    187.2
    1415.000    -10.5
    1416.000    -84.2
    1417.000    -32.2
    1418.000    -81.4
    1419.000    -29.5
    1420.000     86.6
    1421.000   -226.6
    1422.000   -124.1
    1423.000     77.5
    1424.000   -129.0
    1425.000     25.0
    1426.000     49.1
    1427.000   -111.7
    1428.000    -50.2
    1429.000     62.8
    1430.000   -239.0
    1431.000   -106.2
    1432.000    184.5
    1433.000    161.3
    1434.000   -375.0
    1435.000     28.6
    1436.000    -62.9
    1437.000    334.1
    1438.000    -30.5
    1439.000    -33.7
    1440.000    153.4
    1441.000   -251.0
    1442.000    117.6
    1443.000   -167.3
    1444.000    -60.9
    1445.000     74.4
    1446.000     74.1
    1447.000     56.4
    1448.000    159.5
    1449.000   -164.3
    1450.000    -47.0
    1451.000   -118.2
    1452.000     54.6
    1453.000     22.8
    1454.000    -85.3
    1455.000     95.6
    1456.000    296.8
    1457.000    -14.3
    1458.000   -157.7
    1459.000   -188.9
    1460.000    -27.1
    1461.000     46.2
    1462.000    189.2
    1463.000    -41.9
    1464.000   -341.7
    1465.000   -131.3
    1466.000    146.2
    1467.000    104.3
    1468.000     33.9
    1469.000    188.7
    1470.000   -144.2
    1471.000   -118.0
    1472.000    128.3
    1473.000   -246.6
    1474.000    -33.2
    1475.000    164.5
    1476.000      2.4
    1477.000    248.0
    1478.000    196.4
    1479.000    116.3
    1480.000    -64.9
    1481.000   -300.4
    1482.000   -149.1
    1483.000   -197.6
    1484.000    -32.0
    1485.000     44.0
    1486.000     61.9
    1487.000    -94.1
    1488.000    162.2
    1489.000    -60.0
    1490.000    156.4
    1491.000      9.4
    1492.000    101.4
    1493.000    202.3
    1494.000   -130.8
    1495.000   -100.5
    1496.000    163.7
    1497.000    -18.3
    1498.000    231.4
    1499.000    375.9
    1500.000    -15.7
    1501.000    105.8
    1502.000   -108.8
    1503.000   -333.3
    1504.000   -302.5
    1505.000   -111.2
    1506.000    103.1
    1507.000    -49.9
    1508.000     48.9
    1509.000     34.9
    1510.000   -127.1
    1511.000    -61.3
    1512.000   -212.5
    1513.000   -102.9
    1514.000    -31.2
    1515.000    100.8
    1516.000    -66.8
    1517.000    164.3
    1518.000    119.1
    1519.000   -182.9
    1520.000    169.4
    1521.000     38.0
    1522.000    144.5
    1523.000    -35.3
    1524.000   -381.2
    1525.000   -137.1
    1526.000   -401.8
    1527.000    -51.7
    1528.000     78.1
    1529.000     -0.9
    1530.000   -283.3
    1531.000     28.4
    1532.000    -28.5
    1533.000     64.7
    1534.000     47.7
    1535.000     17.7
    1536.000     56.4
    1537.000   -144.6
    1538.000   -251.3
    1539.000   -175.4
    1540.000    273.5
    1541.000    263.0
    1542.000    235.3
    1543.000    156.0
    1544.000    -55.6
    1545.000    287.5
    1546.000     47.2
    1547.000     13.8
    1548.000   -107.6
    1549.000    -72.3
    1550.000   -171.1
    1551.000    322.9
    1552.000     35.7
    1553.000   -176.6
    1554.000     54.9
    1555.000    135.5
    1556.000   -227.7
    1557.000     49.4
    1558.000   -107.7
    1559.000   -166.8
    1560.000   -186.5
    1561.000    127.2
    1562.000     14.5
    1563.000     61.1
    1564.000   -282.2
    1565.000    171.1
    1566.000     17.0
    1567.000   -131.3
    1568.000     86.0
    1569.000    114.0
    1570.000    -67.7
    1571.000     -5.0
    1572.000   -133.0
    1573.000   -312.3
    1574.000    -49.0
    1575.000    168.1
    1576.000    176.9
    1577.000     51.3
    1578.000     97.5
    1579.000     58.3
    1580.000   -186.2
    1581.000    -82.2
    1582.000     23.9
    1583.000   -107.2
    1584.000    -37.9
    1585.000     40.7
    1586.000    -24.6
    1587.000    195.7
    1588.000    -95.0
    1589.000   -177.2
    1590.000   -184.4
    1591.000      7.7
    1592.000    -60.7
    1593.000    246.4
    1594.000    180.9
    1595.000     67.9
    1596.000   -202.9
    1597.000    -71.3
    1598.000    -31.8
    1599.000    -22.4
    1600.000      2.8
    1601.000    164.7
    1602.000     18.6
    1603.000     21.2
    1604.000    185.7
    1605.000     44.3
    1606.000    -36.7
    1607.000    144.3
    1608.000    117.0
    1609.000   -329.2
    1610.000   -318.8
    1611.000     28.7
    1612.000   -122.3
    1613.000    -26.0
    1614.000    386.1
    1615.000   -212.5
    1616.000      4.0
    1617.000     29.5
    1618.000    -68.3
    1619.000     10.4
    1620.000     39.9
    1621.000    425.4
    1622.000    201.0
    1623.000     89.0
    1624.000     95.4
    1625.000    197.7
    1626.000      5.5
    1627.000     13.1
    1628.000   -190.3
    1629.000    414.7
    1630.000   -174.1
    1631.000    -93.4
    1632.000     -0.7
    1633.000     83.5
    1634.000    -11.4
    1635.000    -45.5
    1636.000   -264.9
    1637.000   -140.6
    1638.000   -160.4
    1639.000   -126.2
    1640.000    128.0
    1641.000     76.5
    1642.000     58.7
    1643.000     89.6
    1644.000     30.7
    1645.000    -72.9
    1646.000    125.7
    1647.000   -138.1
    1648.000    -84.3
    1649.000     -7.6
    1650.000    -28.9
    1651.000    -51.6
    1652.000     55.4
    1653.000    -44.4
    1654.000   -293.4
    1655.000    -61.5
    1656.000     91.6
    1657.000    154.4
    1658.000    -45.2
    1659.000     95.5
    1660.000     38.1
    1661.000     37.6
    1662.000    108.8
    1663.000    -31.4
    1664.000    150.5
    1665.000    -38.1
    1666.000   -141.0
    1667.000   -115.7
    1668.000    322.8
    1669.000     29.7
    1670.000     68.0
    1671.000    229.5
    1672.000    163.5
    1673.000    136.2
    1674.000    135.6
    1675.000     80.2
    1676.000   -195.1
    1677.000    197.1
    1678.000    114.6
    1679.000   -205.1
    1680.000     73.2
    1681.000   -119.6
    1682.000     27.8
    1683.000     19.1
    1684.000    -63.6
    1685.000     22.0
    1686.000     -0.5
    1687.000    380.7
    1688.000   -141.5
    1689.000    271.9
    1690.000   -304.6
    1691.000     73.1
    1692.000   -205.6
    1693.000   -320.1
    1694.000    -38.3
    1695.000     68.6
    1696.000   -165.2
    1697.000    212.6
    1698.000    113.2
    1699.000     78.9
    1700.000   -107.0
    1701.000   -103.2
    1702.000    297.8
    1703.000   -137.7
    1704.000     -7.8
    1705.000     54.3
    1706.000   -120.8
    1707.000   -240.2
    1708.000     40.4
    1709.000   -200.4
    1710.000     53.5
    1711.000      0.4
    1712.000   -142.4
    1713.000    -42.6
    1714.000     -6.7
    1715.000    -64.8
    1716.000   -221.5
    1717.000    151.6
    1718.000    154.9
    1719.000   -121.1
    1720.000   -294.8
    1721.000    121.8
    1722.000   -408.2
    1723.000     37.3
    1724.000      8.6
    1725.000    -29.1
    1726.000     99.4
    1727.000   -206.7
    1728.000   -253.9
    1729.000   -130.0
    1730.000   -324.1
    1731.000    114.4
    1732.000    -77.5
    1733.000    -98.4
    1734.000     79.1
    1735.000    -23.5
    1736.000   -137.4
    1737.000    161.1
    1738.000   -224.9
    1739.000     56.2
    1740.000    107.0
    1741.000    -12.5
    1742.000    285.6
    1743.000   -119.9
    1744.000    143.5
    1745.000   -129.4
    1746.000     35.1
    1747.000   -174.7
    1748.000    -45.7
    1749.000    -56.8
    1750.000    -92.2
    1751.000    -20.0
    1752.000     51.4
    1753.000   -102.3
    1754.000    -14.1
    1755.000    -86.8
    1756.000     87.2
    1757.000    287.3
    1758.000    185.9
    1759.000   -184.9
    1760.000   -279.6
    1761.000     17.4
    1762.000    232.0
    1763.000     30.0
    1764.000      0.6
    1765.000     42.1
    1766.000   -273.2
    1767.000   -101.8
    1768.000    202.0
    1769.000    173.3
    1770.000     38.7
    1771.000   -169.5
    1772.000    125.2
    1773.000    -30.0
    1774.000     49.4
    1775.000   -228.3
    1776.000    -12.1
    1777.000     67.7
    1778.000   -202.0
    1779.000     14.7
    1780.000   -216.6
    1781.000     -0.2
    1782.000    -43.7
    1783.000    -32.0
    1784.000     10.6
    1785.000    -43.7
    1786.000     61.7
    1787.000    112.7
    1788.000    179.1
    1789.000    121.7
    1790.000    -49.8
    1791.000    205.6
    1792.000   -102.0
    1793.000    -74.7
    1794.000      9.8
    1795.000   -256.8
    1796.000   -226.3
    1797.000     62.5
    1798.000    126.2
    1799.000    -78.4
    1800.000     32.5
    1801.000   -229.5
    1802.000   -223.5
    1803.000     79.9
    1804.000    -69.6
    1805.000      3.7
    1806.000     33.9
    1807.000    137.9
    1808.000     36.0
    1809.000    180.0
    1810.000   -302.8
    1811.000    357.5
    1812.000   -124.2
    1813.000    -11.2
    1814.000     -7.0
    1815.000     98.4
    1816.000    -87.8
    1817.000    -83.3
    1818.000    121.4
    1819.000     67.4
    1820.000     91.4
    1821.000     42.1
    1822.000     17.6
    1823.000   -214.5
    1824.000    -12.3
    1825.000    -19.0
    1826.000     33.7
    1827.000     37.4
    1828.000    185.1
    1829.000     42.1
    1830.000    332.4
    1831.000     29.4
    1832.000    -89.7
    1833.000   -186.2
    1834.000     58.2
    1835.000    318.4
    1836.000    164.3
    1837.000     48.0
    1838.000   -105.8
    1839.000    103.2
    1840.000    243.4
    1841.000    256.4
    1842.000    -40.5
    1843.000     21.7
    1844.000   -152.3
    1845.000    138.4
    1846.000    179.7
    1847.000   -117.9
    1848.000    -56.6
    1849.000    -20.4
    1850.000    -51.9
    1851.000    250.4
    1852.000    201.8
    1853.000     97.3
    1854.000    -35.4
    1855.000    211.9
    1856.000    176.8
    1857.000    -31.8
    1858.000    166.8
    1859.000    155.2
    1860.000   -176.6
    1861.000   -212.5
    1862.000      2.8
    1863.000   -164.2
    1864.000    251.0
    1865.000   -124.1
    1866.000     34.4
    1867.000    200.5
    1868.000     39.7
    1869.000    -31.9
    1870.000   -195.1
    1871.000    294.9
    1872.000    177.7
    1873.000    164.3
    1874.000   -136.1
    1875.000    323.6
    1876.000    -61.9
    1877.000    122.2
    1878.000     75.3
    1879.000     30.0
    1880.000      5.4
    1881.000    -69.6
    1882.000    233.5
    1883.000    136.3
    1884.000   -170.6
    1885.000    -23.3
    1886.000    149.2
    1887.000     45.9
    1888.000    180.8
    1889.000    -89.2
    1890.000   -173.6
    1891.000    243.1
    1892.000    -88.7
    1893.000    -82.7
    1894.000    262.6
    1895.000   -116.6
    1896.000   -328.5
    1897.000    174.1
    1898.000   -220.2
    1899.000    149.6
    1900.000    -37.1
    1901.000     42.1
    1902.000   -160.3
    1903.000     71.6
    1904.000   -176.5
    1905.000     71.8
    1906.000    368.4
    1907.000    110.0
    1908.000     47.1
    1909.000      2.2
    1910.000   -139.6
    1911.000    -12.4
    1912.000    -40.7
    1913.000    194.6
    1914.000    -54.1
    1915.000    -48.3
    1916.000    -51.2
    1917.000    -46.2
    1918.000    110.8
    1919.000    127.5
    1920.000     30.6
    1921.000    257.5
    1922.000      3.9
    1923.000    -11.4
    1924.000    265.2
    1925.000    190.1
    1926.000    -14.0
    1927.000   -125.6
    1928.000    123.0
    1929.000   -262.0
    1930.000     -4.1
    1931.000     18.8
    1932.000    231.1
    1933.000     44.0
    1934.000   -204.6
    1935.000   -236.4
    1936.000     56.5
    1937.000    126.3
    1938.000    -89.8
    1939.000   -219.7
    1940.000     45.3
    1941.000    -50.7
    1942.000     18.2
    1943.000    370.0
    1944.000    -98.5
    1945.000    154.9
    1946.000     37.6
    1947.000   -111.3
    1948.000   -131.5
    1949.000    -25.1
    1950.000    241.6
    1951.000     93.8
    1952.000     11.5
    1953.000    126.8
    1954.000    196.9
    1955.000   -342.4
    1956.000     13.7
    1957.000   -127.4
    1958.000    -64.2
    1959.000    177.1
    1960.000   -105.2
    1961.000    219.9
    1962.000    230.0
    1963.000    123.8
    1964.000     81.4
    1965.000   -140.2
    1966.000     48.9
    1967.000   -152.9
    1968.000    253.9
    1969.000    -11.0
    1970.000    -61.5
    1971.000     22.4
    1972.000    -67.4
    1973.000    165.3
    1974.000   -123.0
    1975.000    -64.4
    1976.000    -16.6
    1977.000    101.4
    1978.000    -34.0
    1979.000   -139.9
    1980.000    -57.5
    1981.000    -20.5
    1982.000     74.5
    1983.000     12.0
    1984.000    -28.9
    1985.000    -10.2
    1986.000   -162.4
    1987.000     69.7
    1988.000    148.7
    1989.000     77.1
    1990.000    266.6
    1991.000    -56.9
    1992.000    -17.5
    1993.000    197.5
    1994.000    134.9
    1995.000     16.5
    1996.000    310.6
    1997.000    -85.6
    1998.000    -76.1
    1999.000    209.7
    2000.000     47.7
    2001.000   -190.8
    2002.000   -122.7
    2003.000    -54.2
    2004.000     66.2
    2005.000     33.3
    2006.000   -321.9
    2007.000     64.6
    2008.000     12.9
    2009.000   -136.4
    2010.000   -182.3
    2011.000    170.6
    2012.000    139.3
    2013.000     43.1
    2014.000   -179.6
    2015.000    213.4
    2016.000   -100.6
    2017.000     24.5
    2018.000    -13.2
    2019.000    112.4
    2020.000    175.2
    2021.000     54.1
    2022.000   -124.3
    2023.000    196.6
    2024.000    -31.1
    2025.000    445.2
    2026.000    -90.6
    2027.000   -121.8
    2028.000   -171.4
    2029.000    207.0
    2030.000     32.3
    2031.000     99.1
    2032.000    -74.2
    2033.000   -149.9
    2034.000     -3.5
    2035.000   -191.5
    2036.000    -39.3
    2037.000     46.0
    2038.000     47.4
    2039.000    107.3
    2040.000    -71.2
    2041.000     -1.4
    2042.000    147.2
    2043.000     38.5
    2044.000   -119.8
    2045.000     27.4
    2046.000     29.6
    2047.000   -124.6
    2048.000   -236.0
    2049.000   -225.4
    2050.000     37.9
    2051.000    110.0
    2052.000   -124.9
    2053.000    -88.1
    2054.000    156.9
    2055.000      0.1
    2056.000   -146.9
    2057.000    -16.7
    2058.000     33.6
    2059.000     88.3
    2060.000    102.9
    2061.000   -191.9
    2062.000    156.0
    2063.000     21.7
    2064.000      0.1
    2065.000    -60.4
    2066.000    -86.7
    2067.000    -70.4
    2068.000      4.8
    2069.000   -100.1
    2070.000   -131.8
    2071.000    159.8
    2072.000    -64.4
    2073.000     56.9
    2074.000    -55.3
    2075.000   -139.1
    2076.000     36.4
    2077.000     71.9
    2078.000     75.2
    2079.000    174.7
    2080.000     49.3
    2081.000    191.6
    2082.000    267.5
    2083.000    171.9
    2084.000    -53.9
    2085.000   -145.4
    2086.000    224.2
    2087.000    -62.2
    2088.000    -63.2
    2089.000    -30.4
    2090.000   -272.4
    2091.000   -128.7
    2092.000    -33.8
    2093.000    -73.5
    2094.000     75.5
    2095.000    -17.3
    2096.000     95.4
    2097.000    147.8
    2098.000    196.6
    2099.000    -19.9
    2100.000    289.3
    2101.000     67.5
    2102.000     23.4
    2103.000    481.8
    2104.000     -4.3
    2105.000   -158.7
    2106.000    156.2
    2107.000   -430.1
    2108.000   -165.1
    2109.000      6.4
    2110.000    -33.2
    2111.000    -68.1
    2112.000    329.4
    2113.000    290.0
    2114.000     49.5
    2115.000    283.1
    2116.000    113.4
    2117.000    140.7
    2118.000   -146.8
    2119.000     66.6
    2120.000    -95.6
    2121.000     38.0
    2122.000    -54.9
    2123.000     73.8
    2124.000   -127.7
    2125.000    110.4
    2126.000    -59.3
    2127.000    -79.7
    2128.000   -223.1
    2129.000     69.6
    2130.000    189.4
    2131.000    -27.4
    2132.000    118.1
    2133.000     61.4
    2134.000      0.8
    2135.000    -87.4
    2136.000    -90.8
    2137.000    -29.7
    2138.000     55.2
    2139.000     87.7
    2140.000     19.0
    2141.000     23.9
    2142.000     28.5
    2143.000    180.0
    2144.000   -195.6
    2145.000    312.6
    2146.000   -178.6
    2147.000    165.2
    2148.000    188.6
    2149.000    -10.5
    2150.000     17.6
    2151.000   -106.1
    2152.000   -154.4
    2153.000    -39.1
    2154.000    -86.4
    2155.000     57.7
    2156.000   -206.6
    2157.000   -203.6
    2158.000   -207.1
    2159.000     74.5
    2160.000    -72.8
    2161.000    -82.3
    2162.000    279.9
    2163.000   -176.1
    2164.000      8.7
    2165.000     57.4
    2166.000     30.3
    2167.000    -51.6
    2168.000     78.8
    2169.000     35.0
    2170.000    -84.5
    2171.000     45.9
    2172.000   -213.3
    2173.000     42.2
    2174.000     33.0
    2175.000    -85.0
    2176.000   -145.0
    2177.000    112.8
    2178.000    122.1
    2179.000    -77.8
    2180.000   -169.1
    2181.000   -251.4
    2182.000    -76.5
    2183.000    132.9
    2184.000    -63.2
    2185.000   -108.3
    2186.000   -192.1
    2187.000    -16.6
    2188.000   -160.5
    2189.000   -194.4
    2190.000     70.4
    2191.000   -158.9
    2192.000   -132.8
    2193.000     -7.9
    2194.000    183.2
    2195.000   -112.5
    2196.000   -121.7
    2197.000      2.5
    2198.000    -17.3
    2199.000     73.4
    2200.000    226.3
    2201.000     62.1
    2202.000     -9.9
    2203.000    -21.9
    2204.000     86.5
    2205.000   -133.9
    2206.000    -19.9
    2207.000    260.9
    2208.000     31.5
    2209.000   -174.9
    2210.000    118.2
    2211.000     67.8
    2212.000    114.4
    2213.000     22.2
    2214.000    -74.7
    2215.000    -28.1
    2216.000     -1.7
    2217.000   -148.8
    2218.000   -232.8
    2219.000     14.2
    2220.000    -86.8
    2221.000    122.0
    2222.000    147.0
    2223.000    147.9
    2224.000     12.1
    2225.000     49.5
    2226.000     72.6
    2227.000    -32.8
    2228.000     33.3
    2229.000     63.5
    2230.000     77.9
    2231.000   -105.7
    2232.000    -97.2
    2233.000   -192.3
    2234.000     -5.7
    2235.000    243.6
    2236.000     13.3
    2237.000   -193.6
    2238.000    -12.1
    2239.000    199.5
    2240.000     69.3
    2241.000     12.5
    2242.000   -115.8
    2243.000   -210.5
    2244.000   -157.3
    2245.000   -198.0
    2246.000   -217.5
    2247.000    174.7
    2248.000    269.1
    2249.000   -112.6
    2250.000    205.9
    2251.000     30.2
    2252.000    204.3
    2253.000   -181.6
    2254.000   -123.4
    2255.000   -433.3
    2256.000     36.7
    2257.000     21.3
    2258.000    167.8
    2259.000     11.8
    2260.000     65.8
    2261.000    107.8
    2262.000    135.8
    2263.000   -131.9
    2264.000    325.5
    2265.000   -179.9
    2266.000    -93.1
    2267.000    163.0
    2268.000   -104.1
    2269.000     36.0
    2270.000     84.8
    2271.000     42.4
    2272.000   -125.7
    2273.000     63.7
    2274.000    -36.3
    2275.000   -221.6
    2276.000     20.1
    2277.000   -136.3
    2278.000    -81.5
    2279.000     18.1
    2280.000     53.3
    2281.000    167.8
    2282.000     55.8
    2283.000    -18.2
    2284.000     70.2
    2285.000     95.1
    2286.000     18.2
    2287.000     38.0
    2288.000   -187.3
    2289.000    -17.8
    2290.000     -5.6
    2291.000    193.4
    2292.000   -160.4
    2293.000    194.3
    2294.000     16.8
    2295.000   -219.4
    2296.000    -52.8
    2297.000    -65.5
    2298.000    -77.6
    2299.000    112.9
    2300.000    -49.6
    2301.000   -156.8
    2302.000    200.5
    2303.000     55.1
    2304.000      9.3
    2305.000    -73.1
    2306.000     38.9
    2307.000    -63.5
    2308.000     74.7
    2309.000     87.8
    2310.000   -145.0
    2311.000    194.6
    2312.000   -172.3
    2313.000    -31.1
    2314.000    174.5
    2315.000     -4.1
    2316.000     70.2
    2317.000    119.3
    2318.000    130.2
    2319.000    164.8
    2320.000    116.2
    2321.000    131.4
    2322.000    -53.8
    2323.000   -220.0
    2324.000     -5.3
    2325.000   -131.5
    2326.000    -60.5
    2327.000    141.6
    2328.000    -20.0
    2329.000     73.5
    2330.000    -31.8
    2331.000     90.7
    2332.000    -44.5
    2333.000   -120.3
    2334.000   -221.9
    2335.000    -33.7
    2336.000    227.1
    2337.000    143.9
    2338.000     33.8
    2339.000    183.7
    2340.000    -53.3
    2341.000   -170.8
    2342.000   -166.2
    2343.000    -34.6
    2344.000     82.2
    2345.000    136.7
    2346.000    -87.2
    2347.000    207.6
    2348.000    -61.5
    2349.000     31.9
    2350.000   -280.3
    2351.000    -73.8
    2352.000   -136.3
    2353.000    237.6
    2354.000    377.4
    2355.000   -365.4
    2356.000    -30.7
    2357.000   -131.6
    2358.000     21.1
    2359.000    110.6
    2360.000   -211.3
    2361.000   -185.8
    2362.000      6.6
    2363.000     72.6
    2364.000   -206.1
    2365.000    115.7
    2366.000     12.0
    2367.000    -55.9
    2368.000     72.2
    2369.000    191.5
    2370.000   -110.9
    2371.000    -65.9
    2372.000    -28.5
    2373.000    -77.0
    2374.000   -310.6
    2375.000     -6.3
    2376.000    255.2
    2377.000    -93.5
    2378.000   -105.2
    2379.000    150.1
    2380.000     91.7
    2381.000    -92.4
    2382.000   -187.5
    2383.000     65.7
    2384.000      7.9
    2385.000   -126.3
    2386.000      7.6
    2387.000    238.6
    2388.000      8.0
    2389.000     29.7
    2390.000    238.0
    2391.000     95.7
    2392.000    -64.7
    2393.000    -30.7
    2394.000   -107.2
    2395.000   -108.8
    2396.000     65.1
    2397.000    -90.6
    2398.000    164.8
    2399.000   -183.9
    2400.000    -57.6
    2401.000     10.7
    2402.000      7.1
    2403.000     92.0
    2404.000    -53.9
    2405.000     68.7
    2406.000    238.4
    2407.000     93.5
    2408.000     15.3
    2409.000    109.2
    2410.000   -209.5
    2411.000     72.6
    2412.000     98.1
    2413.000    -71.2
    2414.000     26.5
    2415.000    -91.2
    2416.000    187.7
    2417.000   -208.9
    2418.000   -129.2
    2419.000    107.4
    2420.000    -30.9
    2421.000    274.3
    2422.000    242.1
    2423.000   -150.3
    2424.000   -118.6
    2425.000    287.9
    2426.000   -126.1
    2427.000    242.7
    2428.000   -150.3
    2429.000    134.5
    2430.000      5.6
    2431.000   -134.2
    2432.000     -3.8
    2433.000    118.9
    2434.000      5.7
    2435.000    167.6
    2436.000    -89.7
    2437.000     45.1
    2438.000    -60.5
    2439.000   -137.3
    2440.000    -26.9
    2441.000    216.2
    2442.000    253.5
    2443.000   -128.4
    2444.000   -145.7
    2445.000    201.3
    2446.000   -110.3
    2447.000    185.9
    2448.000     95.5
    2449.000    153.3
    2450.000    300.4
    2451.000   -173.7
    2452.000    -80.0
    2453.000     29.1
    2454.000   -188.4
    2455.000   -123.1
    2456.000     -2.6
    2457.000    -80.4
    2458.000   -266.2
    2459.000     69.2
    2460.000     56.9
    2461.000    300.3
    2462.000     91.6
    2463.000    359.3
    2464.000    144.2
    2465.000    -83.9
    2466.000    203.9
    2467.000     30.4
    2468.000    243.2
    2469.000    210.0
    2470.000     33.3
    2471.000     97.6
    2472.000    191.7
    2473.000   -175.9
    2474.000   -226.9
    2475.000      5.9
    2476.000   -243.7
    2477.000    -23.6
    2478.000    274.2
    2479.000     24.1
    2480.000    153.3
    2481.000     38.9
    2482.000   -126.3
    2483.000    -18.7
    2484.000    166.2
    2485.000    453.8
    2486.000     52.0
    2487.000     79.0
    2488.000     40.5
    2489.000    -55.4
    2490.000     87.6
    2491.000    328.4
    2492.000    -18.1
    2493.000    158.2
    2494.000    -67.9
    2495.000    148.3
    2496.000   -202.7
    2497.000    179.4
    2498.000    -60.3
    2499.000   -130.7
    2500.000    -59.3
    2501.000     -4.4
    2502.000    125.1
    2503.000     32.1
    2504.000    -82.5
    2505.000    -69.2
    2506.000     38.3
    2507.000   -405.4
    2508.000    250.7
    2509.000   -115.0
    2510.000   -327.7
    2511.000    143.8
    2512.000    -93.6
    2513.000     12.5
    2514.000     -9.1
    2515.000    324.0
    2516.000    275.4
    2517.000    -10.1
    2518.000     43.0
    2519.000    166.0
    2520.000     84.0
    2521.000     80.9
    2522.000    -54.9
    2523.000     70.6
    2524.000     57.7
    2525.000    -30.0
    2526.000    -44.5
    2527.000    -69.5
    2528.000   -115.8
    2529.000    -93.6
    2530.000    177.2
    2531.000    -60.1
    2532.000     31.9
    2533.000     97.1
    2534.000    -78.5
    2535.000    -76.1
    2536.000     66.0
    2537.000    -68.5
    2538.000     93.3
    2539.000    -42.5
    2540.000   -149.6
    2541.000     13.1
    2542.000    -13.7
    2543.000   -182.9
    2544.000    196.7
    2545.000   -144.4
    2546.000   -215.0
    2547.000    298.1
    2548.000    167.3
    2549.000    -15.1
    2550.000     52.3
    2551.000     44.0
    2552.000    -48.6
    2553.000    -32.4
    2554.000    -45.2
    2555.000    115.4
    2556.000    -65.9
    2557.000    170.8
    2558.000     45.5
    2559.000     44.7
    2560.000     22.4
    2561.000    -68.0
    2562.000   -217.3
    2563.000     40.2
    2564.000     26.1
    2565.000    -45.8
    2566.000     51.1
    2567.000    207.4
    2568.000   -120.6
    2569.000    -46.8
    2570.000     13.3
    2571.000     27.4
    2572.000    118.6
    2573.000     99.4
    2574.000    107.7
    2575.000    128.0
    2576.000    303.4
    2577.000    135.8
    2578.000     25.0
    2579.000    -89.7
    2580.000    168.3
    2581.000    -62.1
    2582.000   -183.7
    2583.000     82.7
    2584.000     86.2
    2585.000    213.4
    2586.000    106.6
    2587.000     14.8
    2588.000    107.3
    2589.000    254.8
    2590.000     87.3
    2591.000    -32.7
    2592.000     37.7
    2593.000    -27.8
    2594.000    225.7
    2595.000    -51.2
    2596.000    220.7
    2597.000    -15.7
    2598.000    -31.6
    2599.000     -5.2
    2600.000    -13.6
    2601.000   -127.2
    2602.000     30.2
    2603.000    -77.1
    2604.000   -245.5
    2605.000   -160.0
    2606.000    -55.3
    2607.000    131.4
    2608.000     84.4
    2609.000    -28.6
    2610.000     29.2
    2611.000    -86.2
    2612.000   -276.3
    2613.000   -182.5
    2614.000   -113.1
    2615.000      0.3
    2616.000    108.6
    2617.000    -83.6
    2618.000     68.2
    2619.000   -296.7
    2620.000   -269.8
    2621.000    102.2
    2622.000    192.2
    2623.000     25.8
    2624.000    -29.9
    2625.000    237.1
    2626.000    141.8
    2627.000   -110.1
    2628.000    292.1
    2629.000     79.3
    2630.000    -40.0
    2631.000   -384.9
    2632.000     38.3
    2633.000     36.2
    2634.000     53.0
    2635.000   -203.0
    2636.000     26.1
    2637.000    -35.2
    2638.000     33.8
    2639.000    -64.6
    2640.000    -37.3
    2641.000    106.1
    2642.000    180.8
    2643.000    -74.2
    2644.000    -63.6
    2645.000    -34.5
    2646.000    218.8
    2647.000    -96.1
    2648.000     24.7
    2649.000     19.0
    2650.000    -24.3
    2651.000   -102.6
    2652.000    156.9
    2653.000    284.7
    2654.000   -160.7
    2655.000    182.0
    2656.000    261.8
    2657.000    226.8
    2658.000    -16.3
    2659.000   -126.0
    2660.000   -285.6
    2661.000     81.8
    2662.000    288.1
    2663.000     71.2
    2664.000    217.9
    2665.000   -146.6
    2666.000     35.8
    2667.000     22.2
    2668.000     74.5
    2669.000    -73.0
    2670.000     68.5
    2671.000    127.3
    2672.000   -140.3
    2673.000   -143.2
    2674.000    -73.9
    2675.000   -136.7
    2676.000     55.8
    2677.000    -45.4
    2678.000   -107.0
    2679.000     67.9
    2680.000    -54.0
    2681.000     40.5
    2682.000   -268.2
    2683.000   -195.5
    2684.000     32.5
    2685.000     40.0
    2686.000    187.6
    2687.000     19.4
    2688.000     45.7
    2689.000    319.6
    2690.000    482.2
    2691.000    211.6
    2692.000    213.4
    2693.000    -34.0
    2694.000     53.8
    2695.000   -356.7
    2696.000    122.1
    2697.000     46.2
    2698.000      2.8
    2699.000    139.5
    2700.000    297.3
    2701.000   -180.7
    2702.000     90.4
    2703.000    -16.8
    2704.000    128.3
    2705.000   -112.0
    2706.000   -147.4
    2707.000    286.6
    2708.000   -116.2
    2709.000    237.1
    2710.000    -70.1
    2711.000    -30.3
    2712.000     54.9
    2713.000     34.3
    2714.000     63.6
    2715.000     75.0
    2716.000     69.3
    2717.000     78.9
    2718.000    142.0
    2719.000   -266.0
    2720.000   -136.0
    2721.000     -5.3
    2722.000    -79.2
    2723.000    123.2
    2724.000   -219.1
    2725.000    -88.0
    2726.000   -164.3
    2727.000    -81.8
    2728.000    211.1
    2729.000     23.3
    2730.000     70.7
    2731.000      4.3
    2732.000    162.8
    2733.000    224.1
    2734.000    234.0
    2735.000      7.2
    2736.000    248.4
    2737.000    -54.4
    2738.000     26.1
    2739.000     69.3
    2740.000    146.3
    2741.000     48.9
    2742.000     -1.4
    2743.000    -78.5
    2744.000   -108.0
    2745.000    244.1
    2746.000    146.2
    2747.000    -61.4
    2748.000     88.6
    2749.000    136.8
    2750.000     14.9
    2751.000    -75.3
    2752.000   -226.5
    2753.000     75.0
    2754.000    113.2
    2755.000    141.8
    2756.000    222.0
    2757.000     23.3
    2758.000   -111.1
    2759.000   -224.0
    2760.000    161.7
    2761.000   -194.7
    2762.000   -179.4
    2763.000   -184.8
    2764.000   -289.4
    2765.000      8.1
    2766.000    111.0
    2767.000   -187.1
    2768.000     72.4
    2769.000   -182.4
    2770.000   -134.6
    2771.000     25.4
    2772.000    -39.2
    2773.000     72.7
    2774.000    -10.7
    2775.000   -284.7
    2776.000    -36.0
    2777.000   -172.5
    2778.000    129.0
    2779.000     12.5
    2780.000     90.9
    2781.000    208.8
    2782.000    326.2
    2783.000     -2.2
    2784.000   -192.7
    2785.000    -17.2
    2786.000   -198.5
    2787.000    -29.6
    2788.000    354.3
    2789.000   -352.4
    2790.000    -26.4
    2791.000    148.0
    2792.000    -73.0
    2793.000    -67.0
    2794.000   -102.0
    2795.000   -131.3
    2796.000    -75.3
    2797.000    133.3
    2798.000    -12.7
    2799.000    -43.3
    2800.000   -216.6
    2801.000     59.7
    2802.000     43.0
    2803.000   -103.8
    2804.000     62.5
    2805.000    -37.0
    2806.000    -62.3
    2807.000   -101.5
    2808.000     94.5
    2809.000    163.6
    2810.000   -255.4
    2811.000   -169.5
    2812.000     44.2
    2813.000    151.9
    2814.000    -31.0
    2815.000    -40.8
    2816.000   -167.7
    2817.000   -108.5
    2818.000    -26.1
    2819.000   -259.1
    2820.000     39.7
    2821.000    -79.5
    2822.000    155.6
    2823.000    218.1
    2824.000     44.3
    2825.000    119.8
    2826.000    133.0
    2827.000    289.8
    2828.000    232.9
    2829.000    201.1
    2830.000     75.4
    2831.000     60.0
    2832.000   -192.7
    2833.000   -147.2
    2834.000     88.3
    2835.000     47.5
    2836.000   -125.2
    2837.000     89.1
    2838.000   -117.8
    2839.000   -116.3
    2840.000     27.2
    2940.000      0.0
    3040.000      0.0
    3140.000      0.0
    3240.000      0.0
    3340.000      0.0
    3440.000      0.0
    3540.000      0.0
    3640.000      0.0
    3740.000      0.0
    3840.000      0.0
    3940.000      0.0
    4040.000      0.0
    4140.000      0.0
    4240.000      0.0
    4340.000      0.0
    4440.000      0.0
    4540.000      0.0
    4640.000      0.0
    4740.000      0.0
    4840.000      0.0
    4940.000      0.0
