     141.000      359478.6568
     142.000      352508.4819
     143.000      347168.7982
     144.000      342991.8327
     145.000      340652.4375
     146.000      338076.1548
     147.000      336003.6280
     148.000      333595.5811
     149.000      332240.0100
     150.000      331072.6546
     151.000      328904.4018
     152.000      328304.4094
     153.000      327173.7270
     154.000      326466.5192
     155.000      325302.3388
     156.000      324551.0402
     157.000      323719.1271
     158.000      323208.9328
     159.000      322094.4394
     160.000      321726.5093
     161.000      321205.1212
     162.000      320951.1788
     163.000      320254.8228
     164.000      319616.0431
     165.000      318936.7050
     166.000      319128.8112
     167.000      318841.2028
     168.000      318627.1918
     169.000      319234.4796
     170.000      319008.7173
     171.000      318374.6062
     172.000      318449.1119
     173.000      318270.1897
     174.000      318281.7801
     175.000      317607.4473
     176.000      316737.1229
     177.000      316828.2397
     178.000      317744.3710
     179.000      317646.1047
     180.000      317374.7205
     181.000      317388.5280
     182.000      317206.2674
     183.000      317215.8083
     184.000      316962.2833
     185.000      317100.5579
     186.000      317647.6033
     187.000      317405.0994
     188.000      317326.4158
     189.000      317782.7175
     190.000      317637.5375
     191.000      318263.2027
     192.000      317641.9597
     193.000      316849.6198
     194.000      317374.1102
     195.000      317090.5834
     196.000      316924.4155
     197.000      316787.1745
     198.000      316920.7701
     199.000      317178.6489
     200.000      317421.6548
     201.000      317760.3982
     202.000      317768.9841
     203.000      317802.9619
     204.000      317778.5200
     205.000      317157.4281
     206.000      317048.3172
     207.000      317176.9901
     208.000      317527.1920
     209.000      317550.2129
     210.000      317357.5092
     211.000      316848.9330
     212.000      317045.5148
     213.000      317341.1347
     214.000      316925.2000
     215.000      317656.0009
     216.000      317224.9222
     217.000      317568.4051
     218.000      316494.9368
     219.000      316404.1143
     220.000      316386.8760
     221.000      316834.3054
     222.000      317571.7391
     223.000      317897.7363
     224.000      318115.7437
     225.000      317894.0724
     226.000      317485.3268
     227.000      317584.4630
     228.000      317578.7539
     229.000      317296.9290
     230.000      317791.5135
     231.000      317559.2260
     232.000      316916.8319
     233.000      316572.8295
     234.000      316697.5693
     235.000      316822.4722
     236.000      316261.5919
     237.000      316804.2755
     238.000      315851.4790
     239.000      315713.5334
     240.000      316196.3818
     241.000      316193.4670
     242.000      316934.5677
     243.000      316646.9937
     244.000      316764.0204
     245.000      317476.9651
     246.000      317050.7196
     247.000      317202.7676
     248.000      316707.7891
     249.000      317709.5663
     250.000      317359.5810
     251.000      316937.9385
     252.000      317293.9640
     253.000      317874.0335
     254.000      317636.2885
     255.000      317520.7370
     256.000      317338.9561
     257.000      316989.4141
     258.000      317071.7705
     259.000      317128.6083
     260.000      316525.3953
     261.000      316345.6723
     262.000      316381.6988
     263.000      316925.9967
     264.000      317330.3063
     265.000      317207.8594
     266.000      316916.4166
     267.000      316857.7746
     268.000      316939.1622
     269.000      316560.1680
     270.000      317657.6746
     271.000      318134.8766
     272.000      317612.9471
     273.000      317694.2912
     274.000      317326.9637
     275.000      317586.0431
     276.000      317222.6383
     277.000      316410.4821
     278.000      316436.1782
     279.000      316324.7001
     280.000      316291.3656
     281.000      316736.4809
     282.000      316406.4843
     283.000      317382.4113
     284.000      317386.3355
     285.000      317175.6334
     286.000      317137.4574
     287.000      317423.5937
     288.000      316794.3424
     289.000      316543.5506
     290.000      315941.4929
     291.000      316138.9571
     292.000      316816.5230
     293.000      316608.5631
     294.000      316794.1313
     295.000      316122.9711
     296.000      316644.8440
     297.000      316555.4658
     298.000      316868.6190
     299.000      317069.0787
     300.000      317272.3114
     301.000      317464.4572
     302.000      317042.3383
     303.000      317015.7623
     304.000      317696.4524
     305.000      318097.5995
     306.000      318069.1719
     307.000      317634.6171
     308.000      316980.7967
     309.000      315860.1068
     310.000      315647.3386
     311.000      316057.9978
     312.000      315827.2301
     313.000      316466.1271
     314.000      316335.5942
     315.000      316572.2574
     316.000      316593.3790
     317.000      315981.5840
     318.000      316294.4765
     319.000      316701.2418
     320.000      317004.1340
     321.000      317058.0222
     322.000      316774.6632
     323.000      316709.1318
     324.000      316735.1308
     325.000      317423.9639
     326.000      317408.1652
     327.000      317504.2349
     328.000      317616.5070
     329.000      317923.3923
     330.000      317095.5902
     331.000      317290.2167
     332.000      317487.3018
     333.000      317676.5299
     334.000      317553.8800
     335.000      317699.6052
     336.000      316925.6687
     337.000      317477.6794
     338.000      316868.4209
     339.000      316525.7588
     340.000      316846.4567
     341.000      317162.8696
     342.000      317138.0377
     343.000      317230.1627
     344.000      317350.1857
     345.000      318093.8539
     346.000      317507.8635
     347.000      316567.2849
     348.000      316276.5614
     349.000      315968.6867
     350.000      316060.0093
     351.000      316071.4069
     352.000      316158.8093
     353.000      316388.0518
     354.000      316686.5518
     355.000      317315.6567
     356.000      317758.2185
     357.000      317384.9140
     358.000      317184.3376
     359.000      316795.7591
     360.000      316900.8603
     361.000      316432.0876
     362.000      317125.7432
     363.000      316893.0673
     364.000      317114.2667
     365.000      317245.2560
     366.000      317608.1307
     367.000      317532.5606
     368.000      316862.4380
     369.000      316909.8998
     370.000      316989.9121
     371.000      317379.3870
     372.000      317227.6088
     373.000      317025.1958
     374.000      317126.9319
     375.000      317080.8971
     376.000      316890.5273
     377.000      317513.9561
     378.000      317667.0184
     379.000      316786.1721
     380.000      316562.3088
     381.000      316547.6323
     382.000      316522.8117
     383.000      316530.6863
     384.000      317110.5080
     385.000      317269.3138
     386.000      317498.5389
     387.000      317497.1222
     388.000      317134.7732
     389.000      317803.2629
     390.000      317783.9037
     391.000      316727.8813
     392.000      316551.4731
     393.000      316740.0422
     394.000      316570.7189
     395.000      316363.0476
     396.000      316555.6638
     397.000      317004.0306
     398.000      317274.7889
     399.000      316962.9710
     400.000      317201.4684
     401.000      316871.4783
     402.000      317141.8771
     403.000      317386.0429
     404.000      317041.8258
     405.000      316960.1151
     406.000      317955.7199
     407.000      317573.7240
     408.000      317137.9693
     409.000      316358.1222
     410.000      316281.0268
     411.000      317367.6058
     412.000      317337.7065
     413.000      317363.8755
     414.000      317015.2315
     415.000      316209.6767
     416.000      316820.1273
     417.000      316473.7561
     418.000      316668.0399
     419.000      316289.9296
     420.000      316690.0759
     421.000      316442.6807
     422.000      316728.5013
     423.000      316982.3997
     424.000      316923.1992
     425.000      316991.7192
     426.000      316922.9230
     427.000      317228.2763
     428.000      316942.0415
     429.000      316951.2558
     430.000      316274.4817
     431.000      316022.4868
     432.000      316719.7844
     433.000      317157.2903
     434.000      317062.6982
     435.000      316746.0374
     436.000      316368.7158
     437.000      316346.8078
     438.000      316687.2033
     439.000      316889.7052
     440.000      317064.8224
     441.000      317107.8114
     442.000      316978.9067
     443.000      316703.1433
     444.000      317118.8119
     445.000      317204.1614
     446.000      317090.2856
     447.000      316751.5774
     448.000      316678.0764
     449.000      316966.1226
     450.000      316740.4680
     451.000      317325.0139
     452.000      317569.1049
     453.000      316971.0444
     454.000      316517.9568
     455.000      316657.9223
     456.000      316297.8308
     457.000      316224.5994
     458.000      316454.3420
     459.000      316185.7716
     460.000      316076.3127
     461.000      315716.9717
     462.000      316116.8122
     463.000      316644.5324
     464.000      316452.5127
     465.000      316571.7604
     466.000      316949.3671
     467.000      317665.8615
     468.000      317549.3422
     469.000      317292.6650
     470.000      317251.0276
     471.000      316570.3548
     472.000      316639.7618
     473.000      317474.3190
     474.000      317334.8558
     475.000      317029.1292
     476.000      316894.2956
     477.000      316974.7810
     478.000      317102.7671
     479.000      316243.8485
     480.000      316759.0531
     481.000      316796.0150
     482.000      316500.0175
     483.000      317005.9947
     484.000      317010.0636
     485.000      316445.4847
     486.000      316666.5754
     487.000      317259.5096
     488.000      317181.6863
     489.000      316981.8877
     490.000      317215.7761
     491.000      317569.3414
     492.000      317450.3394
     493.000      316948.3847
     494.000      317438.0802
     495.000      316741.0718
     496.000      316344.8490
     497.000      316467.1182
     498.000      316904.2427
     499.000      316906.3846
     500.000      316577.7475
     501.000      316619.7393
     502.000      316811.0564
     503.000      317110.9622
     504.000      317330.3268
     505.000      317221.0915
     506.000      317228.1098
     507.000      317214.2366
     508.000      316745.8096
     509.000      316484.2818
     510.000      316900.9854
     511.000      317422.9241
     512.000      317279.4257
     513.000      316713.3517
     514.000      316451.4882
     515.000      316824.4662
     516.000      316780.5752
     517.000      316331.3405
     518.000      316932.3028
     519.000      317303.3708
     520.000      317315.8849
     521.000      317945.2640
     522.000      317344.5930
     523.000      317332.5560
     524.000      317457.0572
     525.000      318133.3299
     526.000      316944.1660
     527.000      317190.0585
     528.000      317250.6996
     529.000      317626.7381
     530.000      318014.5310
     531.000      317829.6255
     532.000      316785.2101
     533.000      317211.2438
     534.000      317186.5988
     535.000      317088.1446
     536.000      316512.3040
     537.000      316861.7891
     538.000      316436.5063
     539.000      316628.6878
     540.000      317333.5361
     541.000      316703.4556
     542.000      316671.5355
     543.000      316966.0691
     544.000      317139.3875
     545.000      316530.9776
     546.000      316859.7273
     547.000      316688.2224
     548.000      316880.1596
     549.000      317095.5736
     550.000      317035.1922
     551.000      317327.7369
     552.000      317318.6201
     553.000      317896.1266
     554.000      317732.9497
     555.000      316935.7353
     556.000      316490.3087
     557.000      316305.0627
     558.000      316662.2711
     559.000      316496.9755
     560.000      316896.9620
     561.000      317003.5713
     562.000      317231.0635
     563.000      317027.9101
     564.000      316749.6620
     565.000      317143.1366
     566.000      317217.9746
     567.000      317165.6343
     568.000      316898.8655
     569.000      316275.0946
     570.000      316197.9269
     571.000      316771.4181
     572.000      317241.2765
     573.000      317570.1974
     574.000      317103.3732
     575.000      317250.3564
     576.000      317598.1355
     577.000      317410.6132
     578.000      316686.0224
     579.000      316452.0140
     580.000      316933.0707
     581.000      316558.0034
     582.000      316622.9957
     583.000      316780.9875
     584.000      316826.0065
     585.000      316680.1932
     586.000      316819.7308
     587.000      317201.7127
     588.000      316466.3204
     589.000      316262.4626
     590.000      316037.8031
     591.000      315534.0555
     592.000      315199.2810
     593.000      315791.1976
     594.000      316059.3934
     595.000      316439.9756
     596.000      316132.2720
     597.000      316442.9856
     598.000      316254.1496
     599.000      316316.1731
     600.000      316034.7017
     601.000      317078.2699
     602.000      316785.1098
     603.000      316527.0521
     604.000      316475.6745
     605.000      316982.7211
     606.000      317401.4661
     607.000      316850.1358
     608.000      316991.4918
     609.000      317373.9389
     610.000      317345.2850
     611.000      317043.7672
     612.000      317499.1340
     613.000      317672.1819
     614.000      318024.9526
     615.000      316763.0943
     616.000      317224.8255
     617.000      316998.5020
     618.000      318380.8101
     619.000      316821.2247
     620.000      317011.8758
     621.000      317555.4963
     622.000      317296.6077
     623.000      318251.3891
     624.000      317272.8756
     625.000      317351.5047
     626.000      316810.4112
     627.000      316441.5399
     628.000      316440.4455
     629.000      316159.8497
     630.000      316506.4762
     631.000      316797.6746
     632.000      317223.8787
     633.000      317220.2603
     634.000      317111.5760
     635.000      316942.0109
     636.000      317125.8309
     637.000      316642.3695
     638.000      316843.5922
     639.000      317351.7454
     640.000      317170.1083
     641.000      316327.0934
     642.000      316661.3437
     643.000      316781.7900
     644.000      316690.1101
     645.000      315769.2602
     646.000      315603.0719
     647.000      315939.1172
     648.000      316356.0852
     649.000      315950.9623
     650.000      316385.3108
     651.000      316228.9406
     652.000      316750.3956
     653.000      316294.9707
     654.000      317390.3239
     655.000      316700.1405
     656.000      316816.1714
     657.000      316537.2922
     658.000      316793.6924
     659.000      316639.7497
     660.000      316690.6541
     661.000      316805.1089
     662.000      316350.1954
     663.000      316557.2546
     664.000      316713.8488
     665.000      317077.5606
     666.000      317125.6845
     667.000      316873.9820
     668.000      316888.2477
     669.000      316366.2577
     670.000      316614.1794
     671.000      316233.8176
     672.000      316004.9314
     673.000      316754.4297
     674.000      316783.9083
     675.000      317105.1055
     676.000      316906.7586
     677.000      317269.9618
     678.000      316879.2145
     679.000      317152.8897
     680.000      316623.8238
     681.000      316020.8135
     682.000      315676.3264
     683.000      316455.5504
     684.000      316328.5217
     685.000      316651.2859
     686.000      316227.2420
     687.000      316433.1139
     688.000      316229.9755
     689.000      316147.1719
     690.000      317042.6217
     691.000      316394.6592
     692.000      316175.4883
     693.000      316347.1602
     694.000      316543.5386
     695.000      316368.2788
     696.000      316929.1143
     697.000      316962.8338
     698.000      316248.3401
     699.000      316159.4546
     700.000      316703.2485
     701.000      316988.8294
     702.000      316721.2304
     703.000      316246.6861
     704.000      316584.1054
     705.000      316108.7510
     706.000      316296.6897
     707.000      316395.2882
     708.000      316213.9377
     709.000      316539.4956
     710.000      316411.3353
     711.000      316207.9956
     712.000      316210.1505
     713.000      315391.3898
     714.000      315823.6611
     715.000      315499.3385
     716.000      316005.0938
     717.000      315979.6552
     718.000      315651.0153
     719.000      316309.6973
     720.000      316796.0953
     721.000      316132.7853
     722.000      315984.2650
     723.000      315601.4890
     724.000      316358.4037
     725.000      316681.6788
     726.000      317466.9674
     727.000      317428.1120
     728.000      316843.8818
     729.000      316989.2355
     730.000      316704.9302
     731.000      316734.8989
     732.000      316550.4407
     733.000      316076.5114
     734.000      316634.9795
     735.000      316885.1651
     736.000      316831.2586
     737.000      316943.0341
     738.000      316910.3737
     739.000      316538.6802
     740.000      316750.4603
     741.000      316716.5816
     742.000      316227.6484
     743.000      316469.4471
     744.000      317019.6870
     745.000      317428.9576
     746.000      316805.0891
     747.000      316878.7452
     748.000      317290.2300
     749.000      316555.6176
     750.000      317092.6104
     751.000      316840.4598
     752.000      316606.7355
     753.000      315831.6467
     754.000      316044.3155
     755.000      316135.6113
     756.000      316472.4736
     757.000      317031.0978
     758.000      316259.4378
     759.000      316664.4150
     760.000      316367.3516
     761.000      317076.1064
     762.000      317288.6248
     763.000      316269.4030
     764.000      316667.6373
     765.000      317095.7460
     766.000      316726.7067
     767.000      316687.9713
     768.000      316634.1091
     769.000      316758.2227
     770.000      316638.1624
     771.000      316592.6766
     772.000      315815.7681
     773.000      315910.7057
     774.000      316196.7444
     775.000      315642.0743
     776.000      316506.9981
     777.000      316219.9408
     778.000      316917.2800
     779.000      316877.2200
     780.000      316596.7845
     781.000      316420.4125
     782.000      316509.0123
     783.000      316614.4047
     784.000      316562.5827
     785.000      316540.7002
     786.000      316372.8805
     787.000      316730.7166
     788.000      316663.1467
     789.000      316868.7123
     790.000      317398.8713
     791.000      317371.4342
     792.000      316829.8431
     793.000      316938.4998
     794.000      317064.6163
     795.000      317216.0025
     796.000      316998.8224
     797.000      316525.5574
     798.000      316395.7468
     799.000      315686.3150
     800.000      316034.0311
     801.000      316371.9259
     802.000      316695.7901
     803.000      316762.4412
     804.000      316702.7156
     805.000      317046.4090
     806.000      317029.7578
     807.000      317752.7990
     808.000      316838.5495
     809.000      316806.6048
     810.000      316361.3536
     811.000      317008.4900
     812.000      317434.5359
     813.000      316722.5337
     814.000      316574.1357
     815.000      316436.3412
     816.000      317002.9969
     817.000      317289.6334
     818.000      317485.5528
     819.000      316657.9260
     820.000      316877.7765
     821.000      316836.2908
     822.000      316798.8484
     823.000      316745.4901
     824.000      317530.1986
     825.000      316882.7337
     826.000      317310.3862
     827.000      317871.7283
     828.000      317168.8670
     829.000      316393.6319
     830.000      316779.6875
     831.000      316738.2900
     832.000      316390.1002
     833.000      316400.2099
     834.000      316379.9684
     835.000      316367.9823
     836.000      315929.6478
     837.000      316171.2500
     838.000      315686.1786
     839.000      316502.0382
     840.000      316359.5541
     841.000      318155.8478
     842.000      317923.1917
     843.000      317399.5351
     844.000      316494.7815
     845.000      316052.1681
     846.000      316530.9891
     847.000      316860.2708
     848.000      316288.5289
     849.000      316524.4754
     850.000      316486.3542
     851.000      316455.8507
     852.000      316104.6252
     853.000      316571.1077
     854.000      316560.5877
     855.000      317482.6038
     856.000      317277.4608
     857.000      316864.2794
     858.000      317093.1104
     859.000      316575.1303
     860.000      316307.3431
     861.000      317131.2862
     862.000      317230.5615
     863.000      317475.5398
     864.000      317453.3854
     865.000      317643.1040
     866.000      317102.5506
     867.000      316546.3029
     868.000      316511.4855
     869.000      317059.5760
     870.000      316430.0411
     871.000      316394.0391
     872.000      316046.0466
     873.000      316677.6562
     874.000      316037.5799
     875.000      315351.2709
     876.000      315931.1706
     877.000      316154.4072
     878.000      316435.2701
     879.000      317057.7008
     880.000      317306.7813
     881.000      316727.3810
     882.000      316582.8197
     883.000      316761.8416
     884.000      317395.0558
     885.000      317664.5309
     886.000      318024.0699
     887.000      317406.6445
     888.000      317314.2876
     889.000      317021.4573
     890.000      317198.8648
     891.000      316564.5657
     892.000      316177.6654
     893.000      316809.2300
     894.000      316642.8058
     895.000      316602.0105
     896.000      316676.1069
     897.000      316214.6229
     898.000      316378.0494
     899.000      316501.4846
     900.000      316985.7208
     901.000      316984.4515
     902.000      316103.0206
     903.000      315873.6183
     904.000      316322.9539
     905.000      316123.2335
     906.000      315795.4878
     907.000      316447.2580
     908.000      316780.6170
     909.000      316894.6720
     910.000      317306.6259
     911.000      316678.3219
     912.000      316930.1813
     913.000      316745.9669
     914.000      316664.5367
     915.000      316255.0376
     916.000      316291.9896
     917.000      316963.8928
     918.000      317062.1465
     919.000      316793.5618
     920.000      317287.5848
     921.000      316967.7818
     922.000      316360.2705
     923.000      315979.1853
     924.000      316325.8726
     925.000      316152.3938
     926.000      316584.7779
     927.000      316980.1906
     928.000      316568.5734
     929.000      316131.3950
     930.000      316678.4173
     931.000      316909.9151
     932.000      316078.1044
     933.000      315951.8357
     934.000      315944.3473
     935.000      317077.4514
     936.000      316204.3624
     937.000      316507.8598
     938.000      316380.0728
     939.000      316178.3797
     940.000      316532.4875
     941.000      316765.0599
     942.000      317520.2807
     943.000      317614.4780
     944.000      317778.5788
     945.000      317250.7307
     946.000      317002.5228
     947.000      316500.2435
     948.000      317085.5564
     949.000      317198.1412
     950.000      317302.3054
     951.000      317351.1697
     952.000      317295.1794
     953.000      316913.8818
     954.000      316220.0407
     955.000      315912.9417
     956.000      315606.0969
     957.000      316017.3834
     958.000      316089.5292
     959.000      316225.4919
     960.000      316060.2047
     961.000      315743.8741
     962.000      316031.0966
     963.000      316769.1424
     964.000      316743.3712
     965.000      317107.1124
     966.000      316569.2149
     967.000      316064.9007
     968.000      315462.3936
     969.000      316001.4439
     970.000      315849.9974
     971.000      315915.0069
     972.000      316899.1569
     973.000      316589.4570
     974.000      316746.4293
     975.000      316641.5947
     976.000      316867.0145
     977.000      316664.8580
     978.000      316419.0223
     979.000      316384.3543
     980.000      316475.0386
     981.000      316246.5301
     982.000      315614.3873
     983.000      316210.9810
     984.000      316150.9940
     985.000      316312.5326
     986.000      316721.7909
     987.000      316887.7491
     988.000      317207.5484
     989.000      316458.0895
     990.000      316767.0119
     991.000      316965.0652
     992.000      316251.2808
     993.000      315630.2872
     994.000      315843.7946
     995.000      316325.3807
     996.000      316061.2998
     997.000      315958.5803
     998.000      316005.8344
     999.000      316409.1416
    1000.000      315886.2447
    1001.000      315807.4001
    1002.000      316167.2127
    1003.000      316054.0293
    1004.000      315636.7213
    1005.000      316100.9512
    1006.000      316445.3752
    1007.000      316221.5597
    1008.000      316899.6695
    1009.000      316256.1363
    1010.000      316344.2290
    1011.000      316896.6241
    1012.000      316671.1704
    1013.000      316797.8429
    1014.000      316886.2552
    1015.000      317018.4722
    1016.000      316965.9301
    1017.000      316784.5577
    1018.000      316587.2362
    1019.000      316707.4336
    1020.000      317267.3897
    1021.000      317016.7653
    1022.000      316715.3600
    1023.000      316302.9543
    1024.000      316500.7102
    1025.000      316322.3514
    1026.000      316741.7870
    1027.000      316712.6049
    1028.000      316268.2034
    1029.000      316540.6938
    1030.000      316618.6200
    1031.000      316350.2833
    1032.000      316196.1380
    1033.000      316588.9485
    1034.000      316681.0774
    1035.000      315890.2706
    1036.000      315851.3581
    1037.000      315991.4242
    1038.000      316533.4378
    1039.000      316460.4679
    1040.000      316342.9194
    1041.000      316741.2075
    1042.000      317294.6189
    1043.000      316812.6725
    1044.000      317046.4457
    1045.000      316595.6520
    1046.000      317372.0417
    1047.000      317221.8210
    1048.000      317430.1015
    1049.000      317379.7960
    1050.000      316639.7799
    1051.000      316380.8833
    1052.000      315839.8333
    1053.000      317234.5181
    1054.000      316904.8709
    1055.000      316980.8095
    1056.000      317741.2289
    1057.000      317821.8641
    1058.000      318027.3743
    1059.000      317751.3889
    1060.000      317027.2152
    1061.000      316823.2112
    1062.000      316794.7246
    1063.000      316528.1559
    1064.000      316706.4537
    1065.000      316834.2655
    1066.000      316566.0856
    1067.000      316166.3952
    1068.000      316170.3276
    1069.000      316846.2947
    1070.000      316692.7658
    1071.000      316571.8595
    1072.000      316546.4462
    1073.000      316837.7175
    1074.000      316801.8666
    1075.000      316595.1138
    1076.000      316931.6788
    1077.000      316420.8007
    1078.000      316428.1458
    1079.000      316308.8730
    1080.000      316646.5046
    1081.000      316507.1520
    1082.000      316333.5806
    1083.000      316658.7453
    1084.000      316325.3780
    1085.000      316790.0218
    1086.000      316990.3811
    1087.000      317042.9841
    1088.000      316204.6689
    1089.000      315874.8843
    1090.000      316560.6290
    1091.000      316520.7261
    1092.000      316310.4115
    1093.000      316006.5181
    1094.000      316559.0309
    1095.000      317308.6632
    1096.000      317136.2994
    1097.000      317213.8242
    1098.000      317259.4932
    1099.000      317396.4332
    1100.000      316338.4027
    1101.000      316784.5089
    1102.000      316794.3473
    1103.000      316617.3786
    1104.000      316591.3623
    1105.000      316350.2549
    1106.000      316205.6895
    1107.000      316445.7734
    1108.000      316582.2597
    1109.000      317159.5107
    1110.000      317269.3368
    1111.000      317015.2586
    1112.000      316831.1053
    1113.000      317360.8888
    1114.000      316711.4266
    1115.000      317259.2684
    1116.000      317370.4647
    1117.000      316253.0304
    1118.000      316983.1654
    1119.000      316896.4659
    1120.000      316892.9580
    1121.000      316469.2243
    1122.000      316191.8168
    1123.000      316285.1103
    1124.000      316327.0519
    1125.000      316069.5363
    1126.000      316011.1813
    1127.000      316613.5631
    1128.000      316778.0688
    1129.000      316583.5649
    1130.000      316508.3576
    1131.000      316816.6032
    1132.000      316995.7858
    1133.000      316222.1011
    1134.000      316639.9778
    1135.000      317259.7981
    1136.000      317854.3537
    1137.000      317496.1390
    1138.000      318215.1826
    1139.000      317821.5661
    1140.000      316875.2889
    1141.000      317520.1489
    1142.000      316632.0235
    1143.000      316230.0904
    1144.000      316948.0724
    1145.000      316818.6226
    1146.000      317521.4313
    1147.000      316797.1029
    1148.000      316257.5586
    1149.000      316001.2571
    1150.000      316104.7113
    1151.000      316443.8798
    1152.000      315766.2363
    1153.000      316601.4266
    1154.000      316868.3675
    1155.000      316877.0165
    1156.000      316497.8193
    1157.000      316454.1865
    1158.000      317082.9000
    1159.000      317213.2322
    1160.000      316898.3455
    1161.000      316114.3849
    1162.000      316843.1003
    1163.000      317223.0250
    1164.000      317051.9281
    1165.000      317495.6349
    1166.000      317463.4977
    1167.000      317356.0603
    1168.000      316819.6495
    1169.000      316853.1488
    1170.000      316704.8250
    1171.000      316531.4405
    1172.000      316277.2071
    1173.000      315909.3651
    1174.000      316344.1659
    1175.000      316158.9543
    1176.000      316896.5015
    1177.000      316776.7639
    1178.000      316680.5188
    1179.000      316357.4645
    1180.000      316910.6601
    1181.000      317030.4519
    1182.000      316917.2349
    1183.000      316913.4607
    1184.000      316858.5117
    1185.000      316784.6680
    1186.000      317110.6590
    1187.000      315957.1514
    1188.000      316581.1789
    1189.000      316903.9569
    1190.000      316851.6880
    1191.000      316621.4425
    1192.000      316819.3335
    1193.000      316582.1669
    1194.000      316490.2938
    1195.000      316856.2866
    1196.000      316980.4111
    1197.000      316318.4290
    1198.000      316528.8245
    1199.000      315728.3072
    1200.000      315717.8336
    1201.000      316358.9187
    1202.000      316752.5991
    1203.000      316716.0863
    1204.000      316830.2432
    1205.000      317214.0778
    1206.000      317062.8013
    1207.000      317216.0523
    1208.000      317653.0522
    1209.000      317306.3685
    1210.000      316122.8864
    1211.000      316337.7882
    1212.000      316696.6517
    1213.000      316875.1361
    1214.000      316053.1586
    1215.000      316603.8474
    1216.000      316069.8611
    1217.000      316316.5458
    1218.000      316457.7276
    1219.000      316863.6525
    1220.000      317293.5783
    1221.000      316871.1052
    1222.000      316941.2241
    1223.000      317204.3158
    1224.000      316713.4771
    1225.000      316767.7645
    1226.000      316555.6701
    1227.000      316666.2139
    1228.000      316353.0647
    1229.000      316682.9799
    1230.000      316740.3288
    1231.000      316545.0537
    1232.000      316333.1188
    1233.000      316944.7605
    1234.000      316470.1219
    1235.000      316124.8113
    1236.000      316181.5191
    1237.000      317325.9621
    1238.000      317190.6118
    1239.000      316772.0489
    1240.000      316783.3770
    1241.000      316614.9296
    1242.000      316772.6906
    1243.000      317087.5654
    1244.000      316962.6649
    1245.000      317224.5804
    1246.000      315820.3708
    1247.000      315748.8503
    1248.000      316947.6995
    1249.000      317024.0108
    1250.000      316569.0368
    1251.000      316714.2592
    1252.000      317018.2818
    1253.000      316677.0281
    1254.000      316512.3799
    1255.000      316377.3512
    1256.000      316084.3371
    1257.000      316668.9553
    1258.000      316883.0622
    1259.000      316901.9054
    1260.000      317005.3256
    1261.000      316761.2669
    1262.000      317356.9525
    1263.000      317583.0908
    1264.000      317078.9917
    1265.000      316815.1822
    1266.000      316831.1500
    1267.000      316911.8760
    1268.000      316967.5464
    1269.000      316602.9659
    1270.000      316553.8417
    1271.000      316286.0596
    1272.000      316554.3970
    1273.000      316838.4837
    1274.000      316727.1968
    1275.000      317064.8668
    1276.000      317264.6992
    1277.000      317512.9808
    1278.000      316471.1314
    1279.000      316792.9655
    1280.000      316724.7697
    1281.000      316714.0087
    1282.000      316531.6488
    1283.000      316614.1851
    1284.000      317355.5637
    1285.000      316726.3157
    1286.000      316522.3824
    1287.000      316160.3522
    1288.000      316505.9142
    1289.000      316267.3626
    1290.000      316739.3520
    1291.000      316631.5048
    1292.000      315953.7303
    1293.000      316638.3797
    1294.000      317281.7536
    1295.000      316519.1290
    1296.000      316766.7535
    1297.000      316951.7345
    1298.000      316408.3513
    1299.000      316583.5409
    1300.000      316649.6390
    1301.000      316973.5549
    1302.000      317038.6544
    1303.000      316793.5135
    1304.000      316630.0885
    1305.000      317225.5832
    1306.000      316982.4201
    1307.000      317201.3107
    1308.000      317282.8931
    1309.000      317174.6890
    1310.000      316387.5705
    1311.000      315920.8432
    1312.000      316502.2284
    1313.000      316225.3870
    1314.000      316471.5018
    1315.000      316555.8750
    1316.000      316308.7163
    1317.000      316371.3631
    1318.000      316293.6862
    1319.000      316090.4097
    1320.000      315948.0552
    1321.000      316218.7173
    1322.000      316482.8707
    1323.000      316644.0386
    1324.000      316300.5642
    1325.000      316448.0456
    1326.000      316533.0764
    1327.000      316445.7992
    1328.000      317060.0091
    1329.000      317279.8405
    1330.000      316709.5184
    1331.000      316515.9575
    1332.000      316828.3745
    1333.000      317338.7024
    1334.000      316393.4666
    1335.000      316864.7440
    1336.000      315970.7617
    1337.000      316597.5845
    1338.000      317598.5474
    1339.000      317664.3840
    1340.000      317501.9248
    1341.000      316930.3501
    1342.000      316538.0662
    1343.000      317088.4105
    1344.000      317223.1150
    1345.000      317298.3539
    1346.000      316690.0667
    1347.000      315883.6217
    1348.000      316079.1254
    1349.000      316427.2580
    1350.000      316244.8991
    1351.000      316085.5742
    1352.000      316356.3939
    1353.000      316143.7814
    1354.000      316372.9527
    1355.000      316807.6706
    1356.000      317220.2928
    1357.000      317490.4134
    1358.000      317288.0717
    1359.000      316912.0111
    1360.000      316920.1952
    1361.000      317218.9212
    1362.000      316997.6201
    1363.000      316605.5749
    1364.000      316384.0272
    1365.000      317257.6401
    1366.000      317782.1182
    1367.000      317262.6631
    1368.000      317426.2662
    1369.000      317586.2213
    1370.000      317040.0178
    1371.000      316774.5870
    1372.000      316233.5050
    1373.000      316832.8819
    1374.000      316956.6970
    1375.000      316937.4065
    1376.000      316427.3327
    1377.000      316202.2926
    1378.000      316631.2738
    1379.000      317299.3882
    1380.000      316857.5524
    1381.000      316626.5497
    1382.000      316778.8270
    1383.000      316667.3937
    1384.000      316223.4659
    1385.000      316448.8292
    1386.000      316660.7141
    1387.000      317014.1319
    1388.000      317039.7417
    1389.000      317139.6014
    1390.000      316705.2511
    1391.000      317315.6783
    1392.000      317347.5699
    1393.000      316088.5048
    1394.000      315802.1752
    1395.000      315995.3538
    1396.000      316748.7829
    1397.000      316414.8384
    1398.000      316597.9279
    1399.000      316771.8240
    1400.000      317172.0362
    1401.000      316881.4978
    1402.000      316788.9894
    1403.000      317300.9552
    1404.000      317351.0943
    1405.000      317303.2339
    1406.000      316349.5521
    1407.000      316880.4506
    1408.000      317705.3800
    1409.000      317493.2735
    1410.000      316689.8225
    1411.000      316725.0905
    1412.000      316249.4903
    1413.000      316668.8337
    1414.000      316185.9034
    1415.000      316298.2485
    1416.000      316223.4480
    1417.000      317113.8687
    1418.000      316759.1478
    1419.000      316472.1051
    1420.000      315928.0958
    1421.000      316193.8743
    1422.000      316692.4906
    1423.000      316605.3497
    1424.000      316727.3447
    1425.000      316781.6014
    1426.000      316747.1246
    1427.000      316373.2566
    1428.000      316951.5722
    1429.000      316283.0412
    1430.000      316406.9984
    1431.000      316294.3103
    1432.000      315608.9892
    1433.000      315352.3867
    1434.000      315580.1477
    1435.000      315972.9666
    1436.000      315904.0541
    1437.000      316240.2639
    1438.000      316467.8300
    1439.000      317008.9930
    1440.000      316320.1668
    1441.000      315861.6678
    1442.000      316280.2215
    1443.000      315990.8994
    1444.000      315833.8691
    1445.000      316396.3512
    1446.000      316240.3413
    1447.000      316604.3246
    1448.000      317292.0741
    1449.000      317488.1794
    1450.000      316981.2552
    1451.000      317418.0985
    1452.000      317188.3078
    1453.000      316161.6617
    1454.000      316532.2174
    1455.000      315365.9750
    1456.000      316114.9348
    1457.000      316519.1575
    1458.000      317204.4084
    1459.000      315857.2000
    1460.000      316256.0678
    1461.000      316360.5809
    1462.000      316570.9403
    1463.000      316653.5483
    1464.000      316453.1264
    1465.000      316677.8895
    1466.000      316985.8958
    1467.000      316454.6379
    1468.000      317125.8699
    1469.000      317103.2072
    1470.000      316717.2920
    1471.000      316151.1082
    1472.000      316690.3764
    1473.000      317080.8096
    1474.000      316234.5000
    1475.000      315576.9736
    1476.000      315760.1500
    1477.000      315593.2925
    1478.000      315765.2214
    1479.000      316288.1073
    1480.000      316577.2749
    1481.000      316858.6952
    1482.000      316408.1015
    1483.000      316112.3752
    1484.000      316643.5793
    1485.000      316232.8423
    1486.000      316294.8178
    1487.000      316295.9606
    1488.000      315221.5489
    1489.000      315397.8853
    1490.000      315948.3803
    1491.000      315944.3152
    1492.000      316282.1083
    1493.000      316367.2969
    1494.000      315848.1341
    1495.000      315814.2637
    1496.000      315794.7093
    1497.000      316789.5428
    1498.000      316557.3848
    1499.000      316759.4254
    1500.000      316564.3960
    1501.000      317177.3674
    1502.000      316500.4821
    1503.000      315878.2393
    1504.000      315496.5899
    1505.000      315449.4288
    1506.000      316184.1033
    1507.000      316105.9070
    1508.000      316574.4552
    1509.000      316219.0412
    1510.000      316583.4775
    1511.000      316484.5603
    1512.000      316129.4569
    1513.000      316680.1081
    1514.000      316113.1762
    1515.000      316599.9672
    1516.000      316387.9168
    1517.000      316672.5541
    1518.000      316693.4931
    1519.000      316878.1412
    1520.000      317453.6362
    1521.000      317549.5517
    1522.000      316726.6497
    1523.000      316841.0316
    1524.000      317191.3454
    1525.000      317593.9357
    1526.000      317566.7932
    1527.000      316855.7944
    1528.000      316355.0153
    1529.000      316542.6564
    1530.000      316551.3290
    1531.000      316505.8590
    1532.000      316711.1718
    1533.000      316599.8472
    1534.000      316598.3056
    1535.000      316714.1739
    1536.000      317003.2231
    1537.000      317648.8889
    1538.000      316295.7797
    1539.000      316739.1315
    1540.000      317174.5487
    1541.000      316691.9838
    1542.000      316142.1352
    1543.000      316203.3215
    1544.000      316421.8277
    1545.000      316635.3751
    1546.000      316563.3407
    1547.000      317254.9088
    1548.000      317577.8756
    1549.000      316472.7386
    1550.000      316054.1220
    1551.000      316560.7722
    1552.000      317325.0422
    1553.000      317448.6446
    1554.000      317403.5116
    1555.000      317199.6902
    1556.000      317333.2717
    1557.000      317310.8250
    1558.000      316874.9867
    1559.000      316463.9662
    1560.000      315916.8026
    1561.000      315772.3510
    1562.000      315696.9780
    1563.000      316189.3533
    1564.000      315877.0203
    1565.000      316501.9671
    1566.000      316236.2938
    1567.000      316497.7952
    1568.000      315845.9850
    1569.000      315733.9029
    1570.000      316203.1334
    1571.000      316156.9761
    1572.000      316298.5153
    1573.000      315791.9933
    1574.000      316429.1692
    1575.000      316717.3513
    1576.000      316419.5007
    1577.000      316201.8698
    1578.000      315919.9625
    1579.000      316248.4707
    1580.000      315859.8081
    1581.000      315658.0855
    1582.000      316472.2735
    1583.000      316700.9644
    1584.000      316090.5631
    1585.000      316290.8081
    1586.000      315849.2501
    1587.000      316188.4006
    1588.000      315998.2518
    1589.000      315439.8871
    1590.000      315861.1053
    1591.000      315267.9376
    1592.000      315572.7448
    1593.000      316182.0082
    1594.000      316729.1135
    1595.000      316257.3105
    1596.000      317027.3406
    1597.000      316473.8983
    1598.000      316457.7592
    1599.000      316349.2993
    1600.000      316181.2839
    1601.000      316574.9757
    1602.000      317742.8985
    1603.000      317089.6202
    1604.000      316581.1507
    1605.000      316711.3100
    1606.000      316457.2663
    1607.000      316978.0706
    1608.000      316543.4465
    1609.000      316671.5703
    1610.000      316441.0796
    1611.000      316702.7038
    1612.000      315560.4315
    1613.000      315237.1808
    1614.000      316080.6272
    1615.000      316590.7635
    1616.000      316560.4972
    1617.000      315841.1251
    1618.000      315754.8741
    1619.000      315606.6996
    1620.000      315647.7929
    1621.000      316486.0147
    1622.000      317499.7200
    1623.000      317288.9180
    1624.000      316905.9738
    1625.000      316379.8406
    1626.000      316294.5229
    1627.000      316442.1190
    1628.000      316698.6188
    1629.000      316657.5388
    1630.000      316209.4231
    1631.000      315465.9053
    1632.000      315725.0525
    1633.000      316294.3861
    1634.000      316530.7374
    1635.000      316523.2484
    1636.000      316271.4057
    1637.000      315655.6693
    1638.000      316195.0228
    1639.000      316195.4765
    1640.000      316522.5071
    1641.000      316344.8764
    1642.000      316508.4350
    1643.000      316147.1452
    1644.000      316662.0556
    1645.000      317010.2920
    1646.000      317411.1426
    1647.000      316486.3825
    1648.000      316143.3701
    1649.000      316527.6202
    1650.000      317077.4690
    1651.000      316617.4026
    1652.000      316532.7223
    1653.000      316614.3956
    1654.000      316514.9522
    1655.000      316331.4837
    1656.000      316335.5318
    1657.000      316383.5358
    1658.000      316185.3502
    1659.000      316097.8257
    1660.000      316465.9662
    1661.000      316395.4342
    1662.000      316824.3678
    1663.000      316988.2167
    1664.000      316479.3265
    1665.000      315787.7405
    1666.000      316151.4389
    1667.000      316303.5655
    1668.000      316667.2457
    1669.000      316809.1772
    1670.000      316638.7194
    1671.000      316621.6709
    1672.000      316637.0948
    1673.000      316755.8239
    1674.000      316713.8951
    1675.000      316593.6176
    1676.000      316573.7238
    1677.000      315899.4939
    1678.000      316030.1766
    1679.000      316707.4231
    1680.000      317040.8572
    1681.000      317052.3708
    1682.000      317110.0411
    1683.000      317554.4079
    1684.000      318103.6621
    1685.000      317958.7172
    1686.000      317577.9698
    1687.000      317751.4782
    1688.000      317340.5364
    1689.000      317263.1111
    1690.000      317108.8246
    1691.000      316297.0172
    1692.000      315995.4850
    1693.000      316850.6283
    1694.000      315928.7303
    1695.000      316507.2972
    1696.000      317073.2112
    1697.000      317112.8243
    1698.000      317149.2097
    1699.000      316521.8135
    1700.000      316527.6230
    1701.000      316781.5094
    1702.000      316887.5368
    1703.000      317049.8666
    1704.000      316766.7002
    1705.000      316777.2977
    1706.000      316807.2467
    1707.000      316582.8839
    1708.000      316982.5557
    1709.000      317227.6648
    1710.000      316743.0192
    1711.000      316421.5277
    1712.000      316759.2066
    1713.000      316157.3327
    1714.000      315976.6929
    1715.000      316545.4929
    1716.000      317032.5045
    1717.000      317076.4375
    1718.000      316315.9645
    1719.000      316722.4953
    1720.000      316684.5932
    1721.000      316647.5534
    1722.000      316648.8087
    1723.000      316884.3883
    1724.000      316966.7234
    1725.000      317437.5436
    1726.000      316557.7744
    1727.000      317000.0293
    1728.000      316105.3237
    1729.000      316665.1540
    1730.000      315747.6332
    1731.000      315670.9333
    1732.000      316284.5253
    1733.000      316328.4421
    1734.000      316668.9585
    1735.000      316848.2405
    1736.000      317240.5370
    1737.000      317053.8833
    1738.000      316446.3851
    1739.000      317044.5734
    1740.000      316922.9789
    1741.000      316472.6089
    1742.000      316804.2005
    1743.000      316273.1368
    1744.000      316624.7442
    1745.000      316910.6283
    1746.000      316609.4926
    1747.000      316109.4023
    1748.000      316394.0405
    1749.000      316125.7328
    1750.000      316151.6644
    1751.000      316460.0028
    1752.000      316763.2042
    1753.000      317018.8247
    1754.000      316683.8005
    1755.000      317198.3894
    1756.000      316986.2668
    1757.000      316482.5341
    1758.000      316184.2098
    1759.000      316660.5684
    1760.000      316135.5085
    1761.000      315996.9864
    1762.000      315903.3068
    1763.000      316351.6120
    1764.000      316634.6916
    1765.000      316746.1244
    1766.000      317245.7538
    1767.000      317531.5133
    1768.000      317746.5385
    1769.000      317712.9602
    1770.000      317687.2535
    1771.000      317610.6569
    1772.000      317764.8310
    1773.000      317622.0380
    1774.000      316915.7748
    1775.000      317060.7140
    1776.000      317447.0822
    1777.000      317839.5175
    1778.000      317664.6395
    1779.000      316923.9412
    1780.000      316772.8865
    1781.000      317095.9171
    1782.000      317403.8396
    1783.000      316763.9131
    1784.000      316921.9185
    1785.000      316329.9059
    1786.000      316784.7473
    1787.000      316407.5137
    1788.000      316298.1203
    1789.000      316202.4400
    1790.000      316554.5110
    1791.000      317005.9816
    1792.000      316664.2084
    1793.000      316426.2431
    1794.000      317415.8766
    1795.000      316393.4750
    1796.000      315869.5084
    1797.000      316940.5873
    1798.000      317183.2344
    1799.000      317095.1142
    1800.000      316846.4438
    1801.000      316887.6205
    1802.000      317006.4742
    1803.000      317347.2881
    1804.000      316905.9431
    1805.000      316759.3924
    1806.000      316623.7585
    1807.000      316332.6779
    1808.000      316724.9216
    1809.000      317157.7119
    1810.000      317775.9705
    1811.000      317325.2162
    1812.000      317545.4587
    1813.000      317438.8326
    1814.000      317133.1513
    1815.000      316855.4572
    1816.000      316633.7835
    1817.000      316269.8984
    1818.000      316765.6462
    1819.000      316478.8870
    1820.000      316627.3360
    1821.000      316391.9364
    1822.000      315907.0220
    1823.000      316071.8817
    1824.000      316605.2594
    1825.000      316498.8101
    1826.000      316563.5847
    1827.000      316546.1777
    1828.000      316241.2883
    1829.000      315955.3935
    1830.000      316496.1769
    1831.000      316368.5069
    1832.000      316230.3469
    1833.000      316299.1556
    1834.000      315702.6123
    1835.000      315876.5047
    1836.000      316669.4586
    1837.000      316561.4202
    1838.000      317012.3158
    1839.000      317112.3118
    1840.000      316367.4603
    1841.000      316316.8006
    1842.000      316546.3672
    1843.000      317068.5748
    1844.000      317315.9785
    1845.000      317064.6590
    1846.000      316935.9516
    1847.000      316780.8247
    1848.000      316245.4066
    1849.000      316514.0198
    1850.000      316244.8830
    1851.000      316537.3607
    1852.000      316758.5274
    1853.000      316685.9795
    1854.000      316539.0853
    1855.000      317223.3881
    1856.000      316996.0894
    1857.000      316614.6434
    1858.000      316307.8718
    1859.000      316250.6115
    1860.000      315968.5845
    1861.000      315931.8777
    1862.000      316483.8332
    1863.000      317058.6903
    1864.000      316195.0827
    1865.000      316199.7868
    1866.000      316065.5889
    1867.000      316378.1063
    1868.000      316331.0529
    1869.000      316574.7444
    1870.000      316054.4706
    1871.000      315910.5314
    1872.000      316551.0271
    1873.000      316465.0424
    1874.000      316753.3568
    1875.000      316476.8619
    1876.000      316266.6777
    1877.000      316137.3785
    1878.000      316444.8764
    1879.000      316463.1800
    1880.000      316139.5009
    1881.000      315208.2866
    1882.000      315598.8357
    1883.000      315467.0071
    1884.000      315966.5605
    1885.000      315615.9196
    1886.000      315151.8509
    1887.000      315026.3345
    1888.000      315953.6047
    1889.000      316432.1783
    1890.000      316932.6614
    1891.000      316962.4675
    1892.000      316757.3745
    1893.000      316487.2971
    1894.000      316547.4157
    1895.000      316533.5395
    1896.000      316896.1498
    1897.000      316925.7596
    1898.000      317110.8677
    1899.000      317392.9225
    1900.000      316508.2051
    1901.000      317024.9146
    1902.000      317190.6156
    1903.000      317272.8869
    1904.000      316921.6433
    1905.000      316591.3541
    1906.000      316091.9225
    1907.000      316541.3784
    1908.000      316446.8218
    1909.000      317137.6319
    1910.000      318087.7822
    1911.000      317460.5468
    1912.000      316951.5906
    1913.000      316559.6194
    1914.000      316404.7065
    1915.000      316599.4068
    1916.000      316617.0220
    1917.000      317199.9627
    1918.000      317497.5670
    1919.000      317392.5154
    1920.000      317918.8736
    1921.000      317433.7915
    1922.000      317419.5659
    1923.000      317905.9846
    1924.000      316859.0777
    1925.000      316537.6097
    1926.000      316401.4963
    1927.000      316256.5400
    1928.000      316572.7221
    1929.000      316908.1896
    1930.000      317365.1512
    1931.000      317285.1025
    1932.000      317333.4972
    1933.000      317046.7258
    1934.000      317502.9076
    1935.000      316952.7281
    1936.000      317172.2086
    1937.000      316912.3173
    1938.000      316332.9179
    1939.000      315972.6978
    1940.000      316546.5866
    1941.000      316678.7824
    1942.000      316931.6934
    1943.000      317579.8428
    1944.000      317328.3267
    1945.000      317673.0670
    1946.000      317557.5735
    1947.000      317188.4046
    1948.000      317614.1895
    1949.000      317083.4050
    1950.000      317153.3631
    1951.000      317638.8877
    1952.000      317103.7095
    1953.000      316931.9792
    1954.000      316822.2491
    1955.000      316942.0511
    1956.000      317472.8540
    1957.000      317236.3125
    1958.000      317009.1112
    1959.000      317257.6111
    1960.000      317334.6759
    1961.000      317447.1510
    1962.000      316464.4575
    1963.000      316954.5659
    1964.000      316945.1953
    1965.000      317059.9746
    1966.000      316975.3478
    1967.000      317549.3090
    1968.000      317510.9054
    1969.000      317881.1176
    1970.000      318074.7480
    1971.000      318236.5132
    1972.000      317310.6053
    1973.000      317008.0805
    1974.000      316999.5473
    1975.000      317425.2638
    1976.000      317051.9205
    1977.000      316902.8454
    1978.000      316828.9454
    1979.000      317164.8141
    1980.000      317152.0900
    1981.000      316918.4323
    1982.000      316893.7934
    1983.000      316760.4167
    1984.000      317767.8325
    1985.000      317315.4364
    1986.000      316949.9663
    1987.000      316867.6696
    1988.000      316525.9618
    1989.000      316584.1118
    1990.000      317014.6461
    1991.000      316925.2509
    1992.000      316943.6339
    1993.000      316851.9925
    1994.000      317685.6789
    1995.000      316525.3657
    1996.000      316925.0200
    1997.000      316442.9814
    1998.000      316824.1762
    1999.000      317255.5231
    2000.000      317245.4020
    2001.000      317303.1627
    2002.000      317128.0941
    2003.000      317254.5200
    2004.000      318197.3218
    2005.000      318011.1883
    2006.000      317499.4539
    2007.000      316955.3849
    2008.000      317007.5520
    2009.000      317315.9481
    2010.000      316801.8753
    2011.000      317548.3809
    2012.000      317316.4464
    2013.000      317004.3981
    2014.000      316544.0051
    2015.000      316776.3886
    2016.000      316729.8631
    2017.000      316674.0145
    2018.000      317020.1785
    2019.000      317482.9063
    2020.000      316960.4221
    2021.000      316588.3032
    2022.000      316980.9168
    2023.000      316640.6400
    2024.000      316854.2239
    2025.000      316776.7495
    2026.000      316765.2879
    2027.000      316391.3814
    2028.000      316182.7616
    2029.000      316399.3446
    2030.000      316744.9343
    2031.000      316914.2922
    2032.000      317199.6404
    2033.000      317090.2605
    2034.000      317033.9716
    2035.000      316523.1766
    2036.000      316881.4113
    2037.000      316697.0224
    2038.000      316531.5871
    2039.000      316640.9246
    2040.000      317113.5556
    2041.000      316842.7632
    2042.000      316803.4087
    2043.000      317170.2306
    2044.000      317354.2140
    2045.000      317214.3407
    2046.000      316874.9050
    2047.000      317167.1627
    2048.000      316574.4058
    2049.000      316995.3602
    2050.000      316035.6479
    2051.000      316346.1977
    2052.000      316450.1089
    2053.000      316092.9246
    2054.000      316407.0395
    2055.000      316510.3918
    2056.000      316900.2495
    2057.000      317357.9641
    2058.000      316815.2777
    2059.000      316024.5121
    2060.000      316291.9786
    2061.000      315785.8296
    2062.000      315572.2398
    2063.000      316034.0215
    2064.000      315876.2675
    2065.000      316004.7375
    2066.000      316280.6797
    2067.000      316111.4296
    2068.000      317289.4458
    2069.000      317119.7215
    2070.000      317767.1289
    2071.000      317492.8749
    2072.000      317439.3986
    2073.000      316873.4057
    2074.000      316526.0289
    2075.000      316890.6626
    2076.000      317039.4670
    2077.000      316639.7215
    2078.000      316701.8437
    2079.000      316048.8634
    2080.000      316605.8480
    2081.000      316343.8641
    2082.000      316447.8428
    2083.000      317637.9661
    2084.000      317299.8818
    2085.000      317055.4245
    2086.000      316704.5588
    2087.000      315962.4021
    2088.000      316240.5517
    2089.000      317000.1766
    2090.000      316925.9978
    2091.000      317021.6658
    2092.000      316786.8551
    2093.000      316788.2161
    2094.000      317310.8720
    2095.000      317375.2899
    2096.000      317765.5269
    2097.000      316900.6529
    2098.000      316644.5976
    2099.000      317233.0680
    2100.000      317209.2557
    2101.000      317700.3644
    2102.000      317639.9171
    2103.000      317802.8903
    2104.000      317174.7244
    2105.000      316869.6124
    2106.000      317225.5214
    2107.000      316856.8242
    2108.000      317485.2293
    2109.000      316471.1150
    2110.000      316575.2693
    2111.000      316240.6061
    2112.000      316311.2281
    2113.000      316744.1870
    2114.000      316207.8668
    2115.000      315959.2972
    2116.000      315959.6471
    2117.000      316746.7893
    2118.000      316598.2100
    2119.000      317072.0411
    2120.000      316579.8983
    2121.000      316616.4904
    2122.000      317224.8494
    2123.000      316822.1980
    2124.000      317233.1429
    2125.000      317374.2172
    2126.000      317548.3608
    2127.000      317445.2565
    2128.000      317074.4816
    2129.000      317176.6653
    2130.000      316752.7900
    2131.000      317136.5427
    2132.000      316646.1444
    2133.000      317096.8296
    2134.000      316937.9040
    2135.000      317222.3971
    2136.000      316687.0043
    2137.000      317015.2480
    2138.000      316644.6496
    2139.000      316700.0078
    2140.000      316708.6669
    2141.000      317119.3796
    2142.000      317091.5880
    2143.000      317237.5708
    2144.000      316316.9331
    2145.000      316452.4632
    2146.000      316465.0087
    2147.000      317038.7165
    2148.000      316610.2954
    2149.000      316027.4518
    2150.000      315793.7204
    2151.000      315966.1713
    2152.000      316483.0839
    2153.000      316616.5903
    2154.000      316503.5693
    2155.000      317056.8483
    2156.000      317811.9904
    2157.000      317328.1259
    2158.000      316728.2114
    2159.000      316764.5749
    2160.000      315985.5795
    2161.000      315460.5670
    2162.000      316104.7487
    2163.000      316130.4634
    2164.000      317081.6604
    2165.000      316616.5638
    2166.000      316740.3809
    2167.000      316967.7857
    2168.000      316904.9684
    2169.000      317158.3052
    2170.000      317648.5641
    2171.000      317443.8437
    2172.000      317155.0634
    2173.000      317330.7075
    2174.000      317257.4200
    2175.000      317700.9199
    2176.000      317423.7067
    2177.000      316938.4708
    2178.000      316919.3820
    2179.000      316967.3874
    2180.000      317203.7844
    2181.000      317466.9693
    2182.000      317489.7687
    2183.000      317268.0797
    2184.000      317368.9395
    2185.000      317408.4901
    2186.000      317512.7078
    2187.000      317016.2247
    2188.000      317348.5456
    2189.000      316481.4958
    2190.000      317004.1238
    2191.000      316820.1812
    2192.000      317052.1341
    2193.000      316851.8338
    2194.000      316926.1758
    2195.000      317152.8667
    2196.000      317053.8616
    2197.000      316985.7301
    2198.000      317037.3371
    2199.000      317285.0192
    2200.000      317098.2738
    2201.000      317826.2771
    2202.000      317860.5874
    2203.000      316711.2625
    2204.000      316445.1088
    2205.000      316891.6406
    2206.000      316669.6571
    2207.000      317317.5221
    2208.000      317364.1223
    2209.000      317689.5417
    2210.000      317351.4725
    2211.000      316795.0615
    2212.000      317555.8696
    2213.000      317482.9343
    2214.000      316450.3921
    2215.000      316478.9273
    2216.000      316640.7550
    2217.000      316109.4862
    2218.000      316528.0756
    2219.000      316664.1265
    2220.000      316869.2586
    2221.000      316430.6245
    2222.000      316091.1001
    2223.000      315835.4890
    2224.000      315927.7400
    2225.000      316050.2949
    2226.000      315586.2952
    2227.000      316607.4409
    2228.000      316779.3014
    2229.000      317064.5149
    2230.000      316632.1893
    2231.000      316500.4154
    2232.000      316627.4882
    2233.000      316741.1349
    2234.000      316703.8123
    2235.000      316898.4087
    2236.000      316505.9119
    2237.000      316664.9673
    2238.000      316797.6940
    2239.000      317525.8057
    2240.000      317726.5771
    2241.000      317532.4186
    2242.000      317790.8462
    2243.000      317420.0400
    2244.000      316802.5483
    2245.000      316007.7875
    2246.000      316103.2327
    2247.000      316307.4892
    2248.000      316578.0794
    2249.000      316261.5344
    2250.000      316047.4021
    2251.000      316593.0796
    2252.000      316711.6683
    2253.000      316471.9926
    2254.000      316407.6255
    2255.000      315922.3854
    2256.000      315592.8061
    2257.000      315944.2955
    2258.000      315626.1253
    2259.000      316643.6154
    2260.000      316990.6391
    2261.000      317072.6279
    2262.000      316972.2066
    2263.000      317040.5214
    2264.000      316507.1902
    2265.000      316348.6635
    2266.000      316645.1872
    2267.000      317098.6456
    2268.000      316652.4822
    2269.000      316996.5313
    2270.000      316871.1907
    2271.000      317042.2405
    2272.000      316334.6775
    2273.000      316342.1661
    2274.000      316231.6176
    2275.000      316589.7174
    2276.000      316661.3648
    2277.000      316139.1281
    2278.000      316448.1146
    2279.000      316190.2038
    2280.000      316952.1110
    2281.000      316699.5349
    2282.000      317235.3006
    2283.000      316983.2068
    2284.000      315890.2138
    2285.000      316205.7627
    2286.000      316423.7087
    2287.000      316482.4864
    2288.000      316655.2264
    2289.000      316574.1260
    2290.000      316413.5089
    2291.000      316535.4047
    2292.000      316389.9877
    2293.000      316106.7220
    2294.000      317410.9941
    2295.000      316747.4899
    2296.000      316743.3120
    2297.000      317401.1184
    2298.000      317095.3882
    2299.000      317585.9654
    2300.000      317013.9020
    2301.000      316772.2023
    2302.000      316520.3291
    2303.000      315570.6417
    2304.000      315666.2627
    2305.000      315874.9413
    2306.000      315873.0838
    2307.000      315721.4886
    2308.000      316241.9604
    2309.000      315963.3595
    2310.000      316281.7212
    2311.000      316605.8993
    2312.000      316913.7265
    2313.000      316922.6913
    2314.000      316547.0909
    2315.000      316554.2774
    2316.000      316149.7205
    2317.000      316056.1941
    2318.000      317106.3744
    2319.000      317253.4030
    2320.000      316829.0246
    2321.000      316720.3181
    2322.000      316119.4800
    2323.000      315951.7200
    2324.000      315504.7415
    2325.000      315254.1403
    2326.000      315639.3861
    2327.000      315945.8345
    2328.000      316684.7183
    2329.000      316000.4022
    2330.000      316015.3755
    2331.000      316260.1522
    2332.000      316215.7901
    2333.000      315966.9027
    2334.000      315703.2040
    2335.000      315557.8427
    2336.000      315491.9805
    2337.000      315459.1463
    2338.000      316113.6156
    2339.000      316309.5751
    2340.000      316192.5882
    2341.000      316417.7411
    2342.000      316297.2189
    2343.000      316118.6459
    2344.000      316389.7327
    2345.000      316747.6811
    2346.000      317165.6696
    2347.000      316794.1156
    2348.000      317414.2624
    2349.000      316931.7430
    2350.000      316767.8755
    2351.000      317002.1736
    2352.000      316605.5455
    2353.000      316880.2571
    2354.000      316907.9821
    2355.000      316791.7858
    2356.000      316554.2357
    2357.000      317119.1692
    2358.000      317352.1554
    2359.000      317288.2118
    2360.000      317271.3022
    2361.000      316754.1743
    2362.000      316223.4195
    2363.000      316433.3080
    2364.000      316350.7644
    2365.000      317011.0929
    2366.000      317008.2685
    2367.000      317328.6510
    2368.000      316737.3053
    2369.000      316313.2329
    2370.000      316327.9526
    2371.000      316884.3246
    2372.000      317009.0208
    2373.000      317092.1745
    2374.000      316601.2223
    2375.000      317299.1771
    2376.000      317001.7557
    2377.000      317154.0653
    2378.000      317067.9203
    2379.000      317257.8931
    2380.000      316993.9783
    2381.000      317246.7498
    2382.000      317883.9140
    2383.000      317699.7032
    2384.000      316752.5844
    2385.000      316216.1862
    2386.000      316045.5886
    2387.000      315918.8415
    2388.000      315990.2765
    2389.000      315887.9991
    2390.000      316461.3803
    2391.000      316864.3715
    2392.000      317318.0089
    2393.000      316070.6703
    2394.000      315873.4320
    2395.000      316321.4990
    2396.000      316203.0539
    2397.000      316901.2838
    2398.000      316773.9447
    2399.000      316704.1682
    2400.000      316806.5447
    2401.000      316563.2228
    2402.000      316062.4344
    2403.000      316081.5240
    2404.000      317399.8171
    2405.000      317282.4392
    2406.000      317388.7639
    2407.000      316821.2575
    2408.000      316976.3728
    2409.000      316680.2597
    2410.000      316959.9145
    2411.000      316683.2270
    2412.000      316722.4839
    2413.000      317400.4101
    2414.000      317143.2985
    2415.000      317259.6539
    2416.000      316753.7083
    2417.000      316387.8676
    2418.000      317124.8964
    2419.000      316999.1602
    2420.000      317099.7137
    2421.000      316953.0980
    2422.000      317807.2158
    2423.000      317924.1463
    2424.000      317143.3865
    2425.000      317374.0254
    2426.000      317044.4207
    2427.000      317385.2824
    2428.000      317300.8691
    2429.000      317473.8929
    2430.000      317603.7189
    2431.000      317079.0233
    2432.000      317065.6320
    2433.000      317080.4764
    2434.000      317595.4472
    2435.000      317529.2600
    2436.000      318225.5134
    2437.000      317448.1318
    2438.000      317729.6108
    2439.000      317690.3711
    2440.000      317044.5698
    2441.000      316877.5233
    2442.000      317245.4555
    2443.000      317309.8039
    2444.000      317011.2270
    2445.000      317125.2503
    2446.000      316870.3803
    2447.000      316861.8719
    2448.000      316806.0776
    2449.000      316444.7940
    2450.000      316051.7048
    2451.000      316254.1600
    2452.000      316576.7571
    2453.000      317050.9009
    2454.000      316671.9919
    2455.000      316784.1082
    2456.000      316445.0363
    2457.000      316443.8492
    2458.000      316016.1238
    2459.000      316087.2918
    2460.000      316140.3122
    2461.000      315954.9226
    2462.000      315736.3028
    2463.000      315617.4367
    2464.000      316204.3051
    2465.000      316374.6364
    2466.000      316610.0450
    2467.000      317266.6190
    2468.000      317060.1825
    2469.000      317019.5663
    2470.000      316717.4169
    2471.000      317234.9597
    2472.000      316627.6640
    2473.000      316587.4262
    2474.000      316159.1433
    2475.000      316611.9862
    2476.000      316776.0471
    2477.000      316364.6949
    2478.000      317369.2937
    2479.000      317516.7823
    2480.000      317738.1316
    2481.000      316946.9516
    2482.000      317171.8585
    2483.000      317080.3341
    2484.000      316934.0097
    2485.000      317264.0773
    2486.000      317356.2844
    2487.000      316820.0766
    2488.000      316347.2981
    2489.000      316251.0244
    2490.000      316748.1978
    2491.000      317116.1391
    2492.000      317216.4372
    2493.000      317220.7902
    2494.000      316587.6726
    2495.000      316546.4796
    2496.000      317032.1925
    2497.000      316706.1900
    2498.000      316922.7672
    2499.000      317530.3660
    2500.000      317721.1168
    2501.000      317643.2881
    2502.000      317086.1891
    2503.000      317115.3775
    2504.000      317462.5391
    2505.000      317123.5333
    2506.000      317620.5533
    2507.000      317085.6721
    2508.000      317421.7048
    2509.000      317295.4003
    2510.000      317258.8431
    2511.000      316979.2135
    2512.000      317522.6779
    2513.000      317818.4996
    2514.000      316804.7333
    2515.000      316123.5324
    2516.000      316890.2024
    2517.000      317446.3119
    2518.000      316701.7824
    2519.000      316744.9392
    2520.000      316275.1313
    2521.000      316208.5117
    2522.000      316869.1173
    2523.000      317303.5991
    2524.000      317643.4328
    2525.000      317656.0737
    2526.000      316929.4852
    2527.000      316768.7770
    2528.000      317024.5484
    2529.000      317352.2293
    2530.000      316747.0549
    2531.000      316611.3133
    2532.000      316973.3561
    2533.000      316437.2871
    2534.000      317209.5379
    2535.000      317342.2494
    2536.000      316993.4582
    2537.000      316913.5015
    2538.000      316362.3676
    2539.000      316508.5266
    2540.000      316501.7775
    2541.000      316380.0770
    2542.000      316436.7949
    2543.000      316370.8699
    2544.000      317061.4647
    2545.000      317481.7433
    2546.000      317353.8230
    2547.000      317748.6946
    2548.000      317659.6439
    2549.000      316994.2327
    2550.000      317177.3593
    2551.000      316628.5800
    2552.000      316844.9827
    2553.000      317007.3007
    2554.000      317165.1679
    2555.000      317017.4826
    2556.000      316373.0796
    2557.000      315981.5810
    2558.000      317013.7121
    2559.000      317223.6076
    2560.000      317483.2042
    2561.000      317277.5791
    2562.000      317310.1172
    2563.000      317307.3609
    2564.000      317340.5696
    2565.000      317170.9076
    2566.000      316909.0178
    2567.000      317689.1391
    2568.000      317348.2500
    2569.000      316834.9006
    2570.000      317054.3341
    2571.000      316947.6952
    2572.000      317097.0273
    2573.000      316996.7850
    2574.000      317155.6800
    2575.000      316622.7500
    2576.000      317085.3329
    2577.000      317335.6059
    2578.000      317205.8407
    2579.000      317360.5084
    2580.000      317650.4046
    2581.000      317361.1526
    2582.000      317430.7272
    2583.000      317708.2579
    2584.000      317666.6412
    2585.000      317751.2783
    2586.000      317638.4440
    2587.000      317099.0168
    2588.000      316950.0408
    2589.000      316530.1649
    2590.000      317140.2758
    2591.000      317209.8558
    2592.000      316925.4254
    2593.000      316648.2494
    2594.000      316967.3791
    2595.000      316977.3890
    2596.000      317446.7484
    2597.000      316696.1737
    2598.000      316788.2899
    2599.000      317369.5971
    2600.000      317327.0587
    2601.000      316771.4329
    2602.000      316854.0848
    2603.000      317404.7373
    2604.000      317621.7458
    2605.000      316853.3894
    2606.000      316834.9428
    2607.000      316989.8141
    2608.000      317623.3612
    2609.000      317823.1152
    2610.000      317168.9663
    2611.000      317607.0194
    2612.000      317016.0594
    2613.000      316318.8450
    2614.000      316477.3469
    2615.000      316756.6318
    2616.000      317083.5323
    2617.000      317064.7390
    2618.000      316833.2969
    2619.000      316665.2123
    2620.000      316793.4324
    2621.000      317317.7258
    2622.000      316795.1593
    2623.000      316701.9903
    2624.000      316577.1239
    2625.000      316946.4943
    2626.000      316751.7115
    2627.000      316948.3967
    2628.000      316853.9325
    2629.000      316732.1539
    2630.000      316478.1248
    2631.000      316818.0192
    2632.000      316392.9505
    2633.000      316517.5962
    2634.000      316687.5628
    2635.000      316224.5330
    2636.000      315845.0626
    2637.000      315930.6408
    2638.000      316197.8705
    2639.000      316619.6578
    2640.000      317538.3410
    2641.000      317631.0926
    2642.000      317302.7649
    2643.000      317282.6928
    2644.000      316577.4896
    2645.000      316138.2551
    2646.000      316016.0372
    2647.000      315890.9586
    2648.000      316224.1398
    2649.000      316904.9743
    2650.000      316933.4290
    2651.000      316677.9567
    2652.000      316748.2800
    2653.000      317596.3572
    2654.000      317210.1857
    2655.000      316874.7167
    2656.000      317623.0555
    2657.000      317467.3247
    2658.000      316620.6371
    2659.000      316393.7840
    2660.000      316794.6969
    2661.000      316655.8731
    2662.000      317010.6622
    2663.000      316435.1320
    2664.000      316547.7138
    2665.000      316056.1243
    2666.000      316268.3340
    2667.000      316435.4600
    2668.000      316662.6520
    2669.000      316149.7745
    2670.000      315289.3082
    2671.000      315850.3621
    2672.000      316112.0035
    2673.000      316350.3446
    2674.000      316356.5920
    2675.000      316002.1781
    2676.000      316459.9047
    2677.000      316841.0775
    2678.000      316661.1314
    2679.000      317094.9467
    2680.000      316810.4714
    2681.000      317180.9974
    2682.000      316573.6367
    2683.000      316297.2423
    2684.000      316593.1697
    2685.000      316674.6635
    2686.000      316141.3626
    2687.000      316580.6084
    2688.000      316576.2096
    2689.000      315811.4004
    2690.000      316375.2354
    2691.000      316457.3661
    2692.000      316759.3579
    2693.000      316989.9331
    2694.000      316448.7472
    2695.000      317404.8803
    2696.000      316778.1979
    2697.000      316738.6759
    2698.000      317047.8604
    2699.000      316550.7021
    2700.000      316893.2615
    2701.000      316772.8998
    2702.000      317259.8571
    2703.000      317248.3593
    2704.000      317273.5635
    2705.000      317319.9413
    2706.000      316994.3333
    2707.000      317383.8159
    2708.000      317199.3303
    2709.000      316626.4283
    2710.000      317126.6448
    2711.000      316858.3660
    2712.000      316964.3503
    2713.000      316257.8097
    2714.000      316528.4453
    2715.000      317039.3302
    2716.000      316992.4978
    2717.000      316564.5690
    2718.000      316836.0680
    2719.000      316386.7183
    2720.000      315844.1810
    2721.000      315910.3269
    2722.000      315582.9678
    2723.000      316134.3173
    2724.000      316742.9546
    2725.000      316577.2143
    2726.000      316341.7606
    2727.000      316030.9299
    2728.000      316691.1666
    2729.000      316386.9282
    2730.000      316496.0440
    2731.000      316988.0448
    2732.000      317137.8453
    2733.000      316573.9848
    2734.000      316408.4003
    2735.000      316638.9121
    2736.000      316799.9305
    2737.000      316758.0215
    2738.000      316679.8168
    2739.000      316439.7491
    2740.000      316428.4389
    2741.000      316391.4897
    2742.000      317091.5680
    2743.000      317175.6166
    2744.000      317450.4969
    2745.000      316647.1046
    2746.000      316849.4926
    2747.000      316600.2398
    2748.000      316552.4531
    2749.000      316721.5437
    2750.000      316955.1618
    2751.000      317172.2530
    2752.000      316557.9655
    2753.000      316880.1863
    2754.000      317188.7797
    2755.000      317416.3446
    2756.000      316663.9812
    2757.000      317425.9095
    2758.000      317570.3376
    2759.000      316824.3654
    2760.000      316885.1860
    2761.000      317360.6268
    2762.000      316927.9488
    2763.000      316745.6236
    2764.000      317365.6500
    2765.000      317216.7909
    2766.000      317859.1517
    2767.000      317525.4207
    2768.000      317354.4300
    2769.000      316565.3295
    2770.000      316452.3975
    2771.000      316853.9277
    2772.000      317196.2002
    2773.000      317006.0156
    2774.000      316865.0196
    2775.000      316830.1416
    2776.000      316378.3426
    2777.000      316207.4291
    2778.000      316428.1999
    2779.000      317129.8464
    2780.000      316949.1262
    2781.000      317125.4506
    2782.000      316938.5873
    2783.000      317598.7968
    2784.000      317094.5502
    2785.000      317001.1167
    2786.000      317502.9328
    2787.000      316415.4659
    2788.000      316086.3757
    2789.000      316334.6181
    2790.000      316685.1629
    2791.000      316541.6718
    2792.000      316202.0256
    2793.000      316784.5709
    2794.000      316621.3579
    2795.000      316424.4025
    2796.000      316554.0760
    2797.000      316637.0205
    2798.000      316353.4423
    2799.000      316424.9643
    2800.000      316436.6664
    2801.000      316758.5487
    2802.000      316850.5136
    2803.000      316543.7002
    2804.000      316676.1096
    2805.000      316633.5470
    2806.000      316127.7826
    2807.000      315837.1817
    2808.000      315826.9615
    2809.000      316294.6609
    2810.000      316505.8096
    2811.000      315876.4888
    2812.000      316981.4393
    2813.000      317216.7907
    2814.000      317731.8520
    2815.000      318338.0203
    2816.000      317780.4928
    2817.000      317579.4827
    2818.000      317024.9087
    2819.000      317216.1818
    2820.000      316201.4516
    2821.000      316392.2270
    2822.000      316757.9449
    2823.000      317108.2730
    2824.000      316734.5138
    2825.000      317343.6170
    2826.000      317196.9385
    2827.000      316891.0227
    2828.000      316644.3105
    2829.000      316712.2628
    2830.000      316606.3615
    2831.000      316454.1267
    2832.000      316322.5528
    2833.000      316617.6268
    2834.000      316316.0285
    2835.000      316786.2743
    2836.000      316387.4446
    2837.000      316707.3275
    2838.000      316634.0304
    2839.000      316698.4665
    2840.000      315967.4129
    2940.000         465.2281
    3040.000         465.2281
    3140.000         465.2281
    3240.000         465.2281
    3340.000         465.2281
    3440.000         465.2281
    3540.000         465.2281
    3640.000         465.2281
    3740.000         465.2281
    3840.000         465.2281
    3940.000         465.2281
    4040.000         465.2281
    4140.000         465.2281
    4240.000         465.2281
    4340.000         465.2281
    4440.000         465.2281
    4540.000         465.2281
    4640.000         465.2281
    4740.000         465.2281
    4840.000         465.2281
    4940.000         465.2281
