"delta"
0.0003807583003946139
-0.03977337089959849
-0.06630112216272345
-0.04685711197329779
-0.017201849463393516
0.06382982620083878
-0.017077007988016223
-0.07851144495861062
0.06824256117809725
-0.06068865521673823
-0.02105980484809182
0.002709689332309914
0.003117142222826594
0.061861475853674776
-0.032242538944986986
0.02442491291624765
0.016072192677429143
-0.004508869315304233
0.04415202966271008
-0.012079615326978498
0.016588159817368248
-0.023974940286496035
0.040836496982552685
-0.02280810626511251
0.027003542165654683
-0.026280086512711083
0.03785348804195348
-0.021093408417828925
-0.04661734267371451
0.007343808232976119
0.01751780488085503
-0.08056832560856327
0.005776259540007032
0.017370556977530486
-0.026583319593582046
0.0358958722330489
-0.023894705787902218
0.0035660145135173447
-0.003742761107432699
-0.012733008598870792
0.021840221144867875
-0.0171011993425164
-0.00963461779239899
-0.03179854407312356
-0.007294656139530857
0.024091848070245454
-0.012726574630090918
0.006424060682943314
0.006601599076620537
0.02199747594314388
0.009428878775281348
-0.04413599873308517
-0.06006942270944448
0.028268750824415417
0.03914537755241591
-0.030824637613299104
0.020351346653699028
-0.024167167402219428
0.030436855676636
0.012418488682069082
-0.03594711245145252
-0.011008278433982763
-0.01549904180865116
0.07221491981267726
0.028722871060461935
-0.020986478228069337
-0.02703142116871729
-0.003054876740798961
-0.020644456753247598
-0.006282306110266022
0.015000762737855394
-0.00030081653205708613
0.001401559233398995
0.10351264286201124
0.03576701558910207
0.0006912793835398299
-0.049341799083086
0.04818732130881227
-0.01952723629492599
0.028952948183396606
-0.025204748173130065
0.026302322853750795
0.0398041056536731
-0.004585575685495327
0.034601411074230544
-0.006388588342846441
-0.031228990567157215
-0.01754107163633674
0.013234169796479523
-0.01636405831596349
-0.0018787686114629457
0.04361962944852749
0.043520369882638944
-0.0048348383490261475
0.05825687190680715
-0.02413638362696089
-0.016457974326288063
-0.00883004874345662
-0.04597375276765421
0.02195217072261734
-0.0051488297474577656
-0.014917351821011103
0.0036642322108005193
-0.009761402465537118
-0.041977858081538144
0.01079289448657945
0.07161477963506689
-0.03626893248203278
0.03578933871554649
0.029668123528954007
0.005951325921746831
-0.04300240306293456
0.024765822482812637
-0.005244149558186561
-0.020083705713269784
-0.02104290583431273
-0.04516149651341873
-0.01470240428211178
-0.002923279298293711
0.0061617328467723316
0.03666469381193949
0.01411687719949924
-0.047104408908715645
-0.031381989889528304
-0.023454350381523204
0.033546557739245704
0.006642987138076445
0.022819124692393545
-0.005432657818100445
0.035532620707227354
0.001058483334763901
-0.050103994585368634
-0.002647404836701048
0.021643757829753564
-0.03346413618591519
0.0007995235152287155
-0.014347953168086956
0.00040745711392967376
0.04198418689223316
0.038641610952007494
0.011355724728116736
-0.009514128520616075
-0.02300644623867562
-0.019118679499273226
0.009210591156724051
-0.009047568538753666
0.01910488119453092
0.010267023325513148
0.037222323338048535
-0.0013124515389581766
0.000994753889225569
-0.025799747042481884
-0.006373237892332837
0.021400204022456567
0.056837847722139255
0.017116546210525874
0.0634019641464128
-0.004236814134754332
0.017102565953869765
0.034608186597246945
-0.0008141135046997905
0.01540109171477147
-0.006443602354310328
-0.0008302941601075743
0.02408272470695192
-0.017201093850237954
0.026013652269073526
-0.051620484091569926
0.023872676180521
0.060659981472316146
0.009128041224755908
0.028949800014364778
-0.0036040125209891296
0.03320100828392017
0.047216132591323005
-0.005461472808608998
0.0053644396064316665
0.034443286022576805
-0.002196088881891713
-0.008421136063539754
-0.008705224063135699
-0.0024814592053266937
-0.0013137539281213822
0.010691474044553338
-0.0009306903995649313
0.006544350566855116
-0.031181341236763492
0.008490936477880434
-0.01207792200085579
-0.0050281613831962045
-0.03892161957727332
-0.031200264399814073
-0.008287589737273043
-0.031655741140597424
-0.010677307924807778
0.03775284271966694
-0.03549702488567271
0.014546004306139625
0.01060126571524375
0.02431071797764091
0.01538936962068809
-0.025588808230217044
0.027424779638928382
0.034923633758864175
-0.11037228429129511
0.007417645475265709
0.024679167014351067
0.03893645488629988
-0.03636963543666859
-0.0013324537596664104
0.012347532892813762
0.004919557916206577
0.012721239570658086
0.044578130208347944
0.011900995821457986
-0.00954215774246203
-0.005636179657842857
0.0013820437077628975
-0.014603176547947906
0.01933194064699667
-0.05967942426917663
-0.03469250604113119
0.04358399883721727
-0.02302528097296541
-0.041000010387538255
0.07190267056435104
-0.007752957374782228
-0.017782361644367112
-0.005249905841554843
0.021233098102542203
0.01583473539305123
0.030619207414852117
0.04172813772810017
-0.017278159933702693
-0.03664214487251935
0.012429329331552276
0.022660658710979584
-0.029822536051695783
-0.013749107590153355
-0.001658691497836772
0.007351208541912922
0.01256429051798006
0.01057771784800524
-0.0005063490784530826
0.005257171116271911
-0.03319180518519922
-0.029552308081141884
0.056318010012153016
-0.01527320096727509
0.027735148021825008
0.05442352155755606
0.04568807043745007
0.03583746542320102
0.04693494019402446
0.0438883260781472
-0.03173255102551998
-0.017424498126772
-0.003390110252433167
-0.06341989554665575
0.0335883305093581
-0.013518961232807127
0.07568690530256682
-0.012885177256208835
0.03436138012017302
0.01659387657812465
0.009536940971490264
-0.05614252603828894
-0.03715176045777065
-0.012067694009353692
0.006149180038354719
0.0199985296722637
0.02124229760232615
0.017938832383069248
0.022571656306087075
-0.013903955716161376
0.03033837782032723
0.045767340945879566
-0.024117789857342777
-0.009112578533311698
-0.003298417598484041
0.0033062731980343083
0.03920044867035499
-0.021558353740816674
0.08671980905096427
0.012602689799093701
0.0013885818157444796
0.0145337714911824
0.010992201934213967
-0.011795492751261932
-0.01826949405714389
-0.020362397257806933
-0.016789649866251526
-0.03167324158826265
-0.017270118931204656
-0.01284732489900451
0.03701549862412827
-0.0348116833923043
-0.015563711563652835
0.0031173294827607427
-0.053178386030129435
-0.025711578572890702
-0.02207337887864622
-0.054985683053511016
0.007377137757367348
0.010151032154095315
-0.040565402160358296
0.022383378789203583
0.059116778461012306
-0.00021453702962268977
0.008844536023439526
0.002379039161698893
0.035816096098137816
0.001957008015246825
-0.023806089817188045
0.013773425647074853
0.02434889662234097
0.028140432197414293
0.016523719063433657
0.00022110632842261193
0.008687333023609588
0.05918155646359865
-0.02802512990263169
-0.003371485176960595
-0.04219481351696388
0.05230016331772332
0.04013789889892583
-0.011149902951803318
0.06718069589107689
-0.03449174256737613
0.018990052891709065
-0.005278773517919344
0.0039154365437778435
-0.016382615964708476
0.03716657078785231
0.0006952194016325639
0.026958832808057023
0.0226407417637992
-0.021299132464014346
-0.004468082030398782
-0.027492814600440087
0.003561321889597268
0.01139995559097504
0.029361258640611922
-0.0026278025585214915
-0.0004819132753709925
-0.06350384073359981
0.010904755487671247
-0.0031657891006297277
0.010978872707808503
0.02077092849933983
0.0590638296004476
-0.038085966972836664
0.020997483442804804
0.03741201048923869
0.06256517603518505
-0.00024992554234616805
0.014526703435116573
-0.015544152226253615
0.0022661920016384947
0.021419865444869207
0.013454018533505026
-0.014511853828927427
0.0012767704603136203
0.006910031147394772
-0.028012493891313606
0.0033546071980901327
-0.03240780945457936
-0.024154464457185342
-0.011195401052531829
0.0018305703851371627
0.04166605628503575
-0.016606451358152533
-0.03359550742105102
0.015113007478023209
0.04598715706237313
-0.026883001621294856
0.006695306085465639
-0.05926063461770466
-0.04286272567049026
-0.0024345980100218146
0.04414911448809673
-0.002990464696222563
-0.019882679911269477
0.003551609039587205
0.03595382459038963
0.025054029790186418
0.02130179505545697
-0.02357622458803542
0.03697820377402064
-0.03321226047799629
0.004758480468016225
-0.018561642943794136
0.007631547809555228
0.0048186368887836615
0.04631747110180985
-0.016267602489012104
-0.004873618542650796
0.026170938126700755
-0.0198835850858744
-0.028552726500913356
0.03095334740733327
0.027581146287726534
0.015112512303253865
-0.0002914291149999534
-0.013741345185082769
0.026066297832629422
0.009706033917362997
0.012694473379699136
0.026926432056797598
0.024096314108821425
0.03017456668929793
-0.009275240747804302
0.060260494450252805
-0.02136623924399335
-0.05752934908964054
0.024451326460351232
0.07573128082968152
-0.05336500571729711
0.022616642486292925
0.021120503591390272
-0.013215178960203135
0.005863436312524958
0.057883802159256835
-0.046356586572065865
-0.04519616983943645
-0.0034409034134108792
0.00031313144887202453
-0.022333786704745322
0.024277274930506937
0.07799960986242979
0.0009496629617653552
0.04030583951008531
-0.09630052475658359
-0.016240259859534808
0.03687998832813729
0.02251172177068595
0.015146225648892809
0.005492991178552765
0.050133574046699714
0.011998322181162221
-0.030896665968970467
0.0016295575820446672
0.03825956993337506
-0.000658430424506742
0.05975700128714395
-0.01024342916505703
-0.04398701849045827
-0.024888047331290308
-0.004651976563706764
0.004992390758308183
0.01834588700728077
-0.03846137138098806
0.013746293448804988
-0.00639147346055896
0.05352110489415159
0.023952446284329285
0.0064476863957584115
0.011907134019779211
0.028270711836113096
-0.003755485777580954
0.014740613246655588
0.014079627081428016
0.07062189583087788
-0.049351950592995526
-0.028662740719688724
0.025383603976209316
0.005576881280344022
0.040845907357242896
0.003154737116108242
0.0725907327087776
-0.020033189095535593
-0.015137242512812253
-0.01730035793534546
0.028665632410814153
0.001067731872157915
0.04033536797820667
-0.021815107048337248
0.06908198849586754
-0.018322843583302897
0.032510678346882475
-0.0025306742227122025
-0.008703934294912417
0.01713079311744087
0.050763642717131664
0.011337884090195195
-0.07288752754816176
-0.01548446033174276
0.017356298912252946
-0.00998954473893089
0.04039462117996409
-0.009279162491828414
-0.015291147272717328
0.01009355539919274
-0.007876735092113002
-0.06444229684136699
0.043386271899611834
0.02230678099526128
-0.14954260251734255
-0.04072665079650087
0.057527109759887
0.050122574731599145
-0.03269015602714717
0.0003853402117032104
0.07683607125440195
-0.010439975403695368
-0.031408018067637225
-0.06804307021737516
0.04183266002950727
0.06146360422998751
-0.07010471913472395
-0.0989229484110486
0.037609786152225794
0.021815652674000357
0.027444735204883386
0.03782948067712039
0.018795610324128957
0.07565002311452618
0.040468668064640854
0.03506518896009999
-0.010890090594215793
-0.02140124229211917
-0.028717380030509693
-0.030478557585411934
0.027330896331307034
0.06407822906270373
0.016827621366457948
-0.0258784051887279
-0.005360257276115741
-0.018651150120628943
-0.03898937603996322
0.038084323473143306
-0.02138606309529113
0.004642911309338125
-0.0029589701055804268
-0.07597369298405629
-0.07024463969392891
0.03549627957633449
-0.023587519427089695
-0.004720887333125352
0.0564179336564999
0.022070153981508394
0.03082986398144581
-0.025686102018686496
0.12642210294766784
-0.08459311802794509
-0.02774403571203107
-0.05343771795380543
-0.10435231531858137
-0.01648060334624105
0.11937608652630684
-0.12973593198145217
-0.08415558218598743
0.010388748249943182
-0.11465481246319718
0.03498469512416439
0.028705148628830175
0.00689192655430381
0.056815680270404345
0.006028445972887305
0.057078262218065445
-0.07591204643761956
-0.021124527354695787
0.039176431198908505
-0.01663452854944152
-0.01864387700710967
-0.044741838169761836
-0.013025012180349975
0.04811361397347679
0.010211392153290024
0.0073282662826697
0.007453452960524122
0.07558936813369925
-0.020836805805672487
-0.0015330763488630719
0.03807403296853966
0.014231636382936964
0.019776415739126064
-0.1300552834018346
0.0
0.014799972773261274
-0.011696119449005242
-0.02986115588705453
-0.005107885489595618
-0.022330609152575197
0.029590486298564127
-0.00877181558658655
-0.027547216151118638
-0.051877477476340327
-0.02101242142844834
-0.011423156102947142
-0.006653474812026505
0.02742817825478464
0.023841528649333595
-0.11954711432170154
0.04314677781216153
0.0031584224804018686
-0.014562868135751882
-0.04296487327926274
0.03404801110836656
-0.07079008223817183
-0.031899758997581476
-0.013908301559991352
-0.001999345605357255
0.008700637188909037
-0.017533363642630903
-0.00883635078395697
0.006141422596214204
-0.030797522308695993
0.10227643193447936
-0.003445684318184731
0.031182914105210336
0.03547762161738868
0.013293707692501414
0.006312996066580984
-0.0007030612134678985
0.04316089961070111
-0.051203332779667425
-0.029213824036089544
-0.0064470159739687585
-0.011608120408970702
0.054855808040880034
-0.054948484454512336
-0.03606230567697735
0.027399069301501124
-0.0037099063638038944
-0.031373936644058985
0.011279305352872445
0.00527903916574164
0.018965939908660398
0.0343512413133865
0.023908758434209313
-0.020853596062419988
0.008533235350633378
-0.039637136016918185
0.0070692787891069924
0.014945660396236158
0.011068471320712836
-0.008711438759480931
0.0
0.04239498344491315
-0.050561940659419026
0.06686336829129498
-0.015406014900952659
0.044877412671510825
-0.027186330443855083
-0.009074486838351022
0.08048406479947919
-0.02590090203390192
0.0075297034649457455
-0.049530096846065394
0.06971626347312128
0.019414582524497143
0.0042476888837840055
0.0910176313064134
0.04773191631677773
0.036761653293357045
-0.07472365101620074
0.01985274832894427
0.04403744260392129
0.03727802928278883
0.02698658390904979
-0.03062739160259038
-0.03592278073827163
-0.05538580023524158
-0.02392934659198165
0.0
-0.01242334431003426
0.011572467365920066
-0.00803185755927532
0.0
-0.03138810983021049
0.017070958842931746
0.0027009762975146053
-0.006335064046221625
0.04625951203958008
-0.040932368302158226
-0.007333218506885573
-0.004591564683904748
-0.10431007577082
-0.012008215471206868
-0.06387194726294462
0.0
-0.06996098254830056
-0.056988716586815556
-0.010298693672629108
0.05156392748221408
0.017864738580700444
0.0094224824064089
0.01230800536853107
-0.0009504573744655016
0.008564718404966405
0.0009567096707041967
-0.02011314813550879
-0.0047949807410925666
0.006730643276315683
0.0067379386572390945
0.0028985988494171
0.009687169027581218
-0.005831500136817277
-0.010737272336347557
-0.002935973254183195
-0.01666210463346382
0.009806190589010035
-0.012751688545860944
-0.020680166574127835
-0.020745508887287285
-0.02175541078252291
-0.012877008762482376
-0.028777372066794323
0.007952878482849778
0.008970248787519336
0.028943594668682168
-0.004999611810429903
0.0030069953855496817
-0.005016918112516575
-0.021129949774719204
-0.009066166564665466
-0.005043051432266475
-0.00808330500433585
0.0
0.0010119897736910702
-0.0070991476118154205
0.0
-0.001015890959383906
-0.001016859863168633
0.0
0.0
-0.0010204798713693698
0.0
0.0010248634794151022
0.0
0.0
0.009255793799249328
-0.007210881088802649
0.0
-0.007225817874803396
0.0
-0.0072462415823778825
0.00725163141472758
0.0072589954713225
-0.02182290386520689
0.0
0.021859168761008897
0.0
0.0
-0.028215834469337613
0.013598948850666934
0.05131165973629049
0.06186274719992087
0.0
0.0
-0.06211362733245642
0.0
0.0
0.0
0.05188662212105197
-0.05190899255959613
0.07528078038819888
0.07115521505669745
0.0
0.0
-0.007465562918513551
0.007482596210566574
0.06314605872625165
-0.0075052092571362234
0.0718865097935058
0.029010647201610413
0.11312612240106203
-0.007547376119441278
0.06368896010630447
-0.007570307236750819
-0.1487893298729893
-0.1293670694117004
0.007622050846674961
0.0
-0.007656085681224328
0.00767872161968448
0.0
0.007754453285058537
-0.032138812288778615
0.0
-0.005569696217624627
-0.0011232835226054855
0.007889861118071564
0.0
0.0
0.014887555157880174
0.0
-0.015025956076817662
0.0
0.0
0.0
0.0
-0.13838358895464664
0.08332130102436063
