"delta"
0.08960831974297369
-0.15760200763884638
0.06120860666621953
0.15107476882652313
-0.0390208429843246
0.01312509698277207
-0.08091048808268263
-0.04799063827280508
-0.009349545179697247
-0.02760388806401756
0.0835782214664689
0.019852403153584438
0.058825846283901743
-0.0637856103920199
0.08597920526827854
-0.09385018222409097
-0.03873636348425587
-0.013447778802553894
-0.02257929169183763
-0.030114123803228164
0.0028812924536222983
0.07052815485496614
0.03225213286940687
-0.03561054994550901
0.023868635024502798
-0.03439733341833367
-0.037269301679879636
-0.025070315390583575
0.05848505031218541
-0.06607082767128457
0.04571668965446336
0.033100392892455685
0.024308712834999226
0.0013783692094795684
-0.036860564926032915
-0.016848717754086834
-0.007809267220320953
0.03433543769551299
-0.032720955943358505
-0.04953164420461175
0.0366286594966265
0.03417648948290856
-0.022076435947695195
-0.01206649780576498
0.00755274908193509
-0.07819421655327453
-0.0015239181923248997
-0.0038440332081793966
0.04406995531315698
0.03263451479881881
0.05147397850082197
0.05428722115055138
0.04323904298170203
0.01184619639824748
-0.02762502324009169
0.022894539385052926
0.11934939000791799
-0.02296023894817361
0.041384455346375804
0.0389428515124779
-0.01294515488711143
-0.05703646126912043
0.07350611042324032
-0.03798206753716376
0.030176219697985344
0.022943976558193607
-0.040132594779584765
0.0786587317571634
0.028845389587213114
-0.01502590052346842
-0.009905118663566121
-0.028806674808907036
0.047173685376009966
0.028155997421226125
0.0717469817267934
0.003681314081993017
0.012279199203635113
0.028757096670485482
-0.05526689662494937
0.003433174252874369
-0.05517493428882889
-0.02925568533682981
-0.02297372802742808
0.006517544919225637
0.04600740881434727
-0.08660998462335624
0.007107938180675625
-0.06348346273066421
-0.005441062917143577
0.027512207484361253
-0.01902345104254957
0.032500853028149354
-0.04172263642432677
0.055789210883729144
-0.010980110288548
-0.012346188019453004
0.02879502171954878
-0.016536726948901986
0.02489997362083228
-0.021139256662816387
-0.04091665936082387
-0.006477103664378566
0.011813749648974206
-0.04210103079973849
-0.0011373873116506342
0.04866121806625476
-0.010856732593018588
-0.009887907809891669
-0.004393304169334189
-0.04535996169679163
-0.006072696349385766
0.001200220703521259
0.031583766734843206
0.0012122753759843154
0.005671881795462428
-0.03688508551188389
0.017082469425219134
0.050656049057888244
-0.018338552150183134
0.0721439712300728
0.004790086894852964
0.010056624187632151
0.05425935563994078
-0.12108810371711433
0.02948579156414754
-0.04397111672027578
0.029482132447793703
-0.0773461161352103
0.02623857419208892
-0.0015731929133177525
0.06580408452102818
-0.03699768344941285
-0.008312400009798122
0.003545173958474812
-0.06113602627858595
0.05687320036266537
-0.016405728453282933
-0.15736482551540257
0.037324384838413195
-0.004292236964853162
-0.019904217697469022
0.008543784357190666
-0.027393179649421825
0.02096674299939945
0.04978201556418859
-0.0018318507253155575
-0.09521932967791126
-0.014962748874100908
0.008867575566812832
-0.042071132865479074
0.008984213280223025
0.029166045671107692
-0.005447395908600546
0.008258065696063317
0.030170861654979193
0.1021022449435483
-0.008317211039075208
-0.04207826982198459
0.02634072315458892
-0.018533921751412066
-0.05219109460787481
-0.025599615972518905
-0.06569785021779619
-0.001145096107504509
0.05044735119090783
0.004458375902317984
0.0204615047739501
-0.055303140086374554
0.012438484477307773
0.0185986886433844
0.01091140507391651
0.02389094991943352
0.017093304713144276
-0.020299011597792363
-0.06589705981214751
-0.0553606346689474
0.023203704565452024
0.05255541324510294
0.02858368900816609
-0.010237398760934147
0.01307421469013136
-0.05514144551891825
0.019611558247302784
0.017299263548009456
-0.028444619932434103
0.026644695150905336
-0.01113492964389305
0.0117504064306074
-0.0793724144930653
-0.008472291329727466
0.020830125023633593
-0.004885205945978668
0.044190691148803474
0.04194333651657515
-0.037298775141075026
-0.02236781586443891
0.03770271366763024
0.014634271654319037
0.04178185452362296
0.06751591742829552
-0.05752124119561151
-0.015608377402219577
-0.034148250051733706
-0.03377730850403406
0.0050834800117758
-0.09630044436217672
-0.05684689685885487
-0.08941203305829633
0.0017656742316819343
-0.03242523531176653
0.002892219086300084
0.0278400141665612
0.019809314928306822
-0.00428234645364897
0.023945240522053116
0.020893877670162812
-0.01553157317680071
0.02503571532589309
0.050679504999427784
-0.019108431694967783
0.02672876025610742
0.018930229451364966
0.0323921293418699
-0.09021598592215052
0.010421754594000111
0.037559273193238416
-0.038890347883483174
-0.0647701674397883
0.009620151991407113
-0.015480494583558711
0.0383200177798515
-0.0342613932311911
-0.042204684999889164
-0.0242080877703328
-0.03616919926652829
-0.05494631829523213
0.0
-0.008026720870966727
0.0760445867611735
0.10141003285734738
-0.036574564590369917
-0.0033204017371446974
-0.02159713934962138
0.019132031459186266
0.05180878196283886
0.031025946634650692
-0.013060240200339778
-0.06234266254128703
0.14436497046437005
0.019168706398923506
-0.07991764142807767
0.014765800746386056
0.07350397094422834
-0.011912622796980011
-0.08188759121712602
-0.019932479916179826
0.020131946287761826
-0.026600195101539794
-0.012152490491423069
-0.03567444753106284
-0.007539895432071687
0.012215810543313605
-0.13250321974916457
0.05605665488667841
-0.013751935270440085
0.0017115882151226723
-0.023501164844271248
-0.03562364226545692
-0.005629905213168364
-0.05645097233786418
0.020317318097088775
0.014356572109301543
-0.02404795210646448
0.021200581263203833
0.025758607947449316
0.004899220961762022
0.016265822823753735
0.04943572088119117
0.026165680483398554
-0.09263054070522937
0.026152231469262203
-0.03587085865109475
0.07939978424912782
0.012910437853183134
-0.04675195026883821
-0.001554791699768149
-0.013618942961984003
-0.04551123379446414
-0.03172685045358798
0.1003350024576971
0.09423302510713048
0.028714724660274943
-0.03697285702911579
-0.01577836564242206
-0.031351631197315474
-0.023638930185696613
-0.10501331595542532
-0.07220370716480361
0.01248845308670873
-0.04693422090331841
-0.012195641292836823
-0.03963204189860574
0.031500176071430006
0.038572286609606966
0.04915811779150054
0.01983638088800221
0.01306788423859513
0.03830553218335473
0.10493104556650551
-0.05264610184454865
0.03716228586117235
0.053488988933302
0.08504660601355069
0.018471761754519818
-0.04861323589575262
0.022853064835404103
-0.01958104000023356
-0.07279706934116802
-0.06030481506673327
0.039107255872295826
-0.015281747622429401
-0.0831046932613156
-0.012325825848091321
0.07201312330636873
0.003657757086658127
0.04882816680647681
0.0628584866206432
0.03021168005648294
-0.0037191878001915164
0.05947323906980309
0.10438757373327792
-0.0138653220564249
0.0323311499343673
-0.016718766676425037
0.06298842091233715
-0.04481593677659218
-0.0046327178232329425
0.030304233496379156
-0.02963254836878314
-0.0323890501045312
0.0017713313804202692
-0.051283202254058725
-0.08094699441507483
-0.030682125910846392
-0.06700472347072485
-0.03292876808665258
0.040346122735466776
0.03967654131298567
-0.025594112150675263
0.00429473102831955
0.028673100982797645
-0.05601687083487807
0.04255852390657788
-0.056693986014140614
-0.043828707738150806
0.01899925365065662
0.04451467097784829
0.05356742792179735
0.016689736164125633
-0.03312130233357878
0.008619629467659333
0.03032323914826715
0.01150820189139804
0.003041101635984547
0.05239688390342201
-0.00658183266850388
-0.0026508453246310263
-0.021741942140228978
-0.023553988604971803
0.024154683229361346
0.02669364291928658
0.015781977442631545
0.015170861280421824
0.08037559948277544
0.027121531267715302
-0.034282590153827695
-0.03550506995608575
0.006731063032926391
-0.016282580978537832
-0.005374729522317118
0.06469192236560789
0.037228837678461205
0.006380905640928431
0.04306659833638512
0.04004992029836643
0.04669808653582632
-0.02639156707198148
-0.05708077193093988
-0.013782892257117504
-0.01381404109955001
-0.014091002829954711
-0.04180255039678818
0.010803463968240393
0.018269076839437327
-0.006432760997564723
-0.012681825556820613
0.038076324440762296
-0.017908071408773426
0.011673757856925678
0.009661630934695025
-0.029193539493831442
-0.00230986215709374
0.04221691386137088
0.015320236870618408
0.01671477007909856
0.0281235518702185
0.002132610763480589
0.09873002881614062
-0.030245093786236656
-0.056128504782449615
-0.06898989531897026
-0.033562880127777445
0.05104110041754305
0.033143832353180115
-0.04537517138416866
0.06749568202738598
-0.0033983030010311947
0.012235243658807083
0.0017124615362418818
0.008639099350468358
0.017912055705940757
0.008720857065729844
-0.009322351538080252
0.08034828615788261
0.09399141527675643
-0.014787840756945869
-0.06386394415840577
0.0009171510918837869
0.0028171304403770236
0.005686101755772831
0.0
0.03939284246808334
-0.022944059648251126
-0.011838121188903452
0.04045269908739664
0.04917374384059026
-0.030773747816411824
-0.010259216027096304
0.0006847484228657652
0.014484761858298348
0.022809653180601956
0.012148518678756227
0.011536960509902003
-0.04407472280541218
0.04178160645176648
-0.05070429305472879
-0.0412311513063943
-0.01646504075474814
0.01522860932192496
-0.054281905098062216
0.010824391967141543
-0.05201588977131114
-0.019856090127086057
-0.03291054067292276
-0.061234562775177165
-0.025209321019639165
-0.01040680053678283
-0.050673952704109876
0.012931390268054095
0.03721246241586959
-0.022546263322476914
0.0
0.02255032824147716
-0.012894349437134975
-0.004752948461564057
0.05110449942190189
-0.017337628616859526
-0.0069863433109176
-0.05210123204413316
-0.05179369460108712
-0.06620007131089219
0.0399287697294246
-0.009818787196271012
0.020119592161335832
0.011743246737739325
0.054324923014825645
-0.021888436801056607
-0.07654630922184912
0.0027665384968836517
0.03422760607244902
-0.06893605837798134
0.09425766302066295
0.03462872809947651
-0.010356012845781056
-0.02747334471503593
-0.051303015639874085
-0.01619618238780384
-0.02111648647785768
0.0096319777540111
-0.0019398962645182562
-0.024855457615087322
0.022928326533547205
0.10745739605290375
0.06971652835463595
-0.03472280608247833
0.03231096275084979
0.007490504796728125
0.005007200852339366
0.03142360886720936
-0.00203340721143623
0.014272978363194353
-0.001025414551657946
0.0015483158483565816
0.008424052402473247
-0.012138129033292786
0.05086084256333927
0.005369843575770444
-0.04631102031683967
0.006508232197702122
0.0
0.0038356895769126407
-0.008782108817654483
-0.013206457334467016
-0.014341816001589255
0.002221010254225982
-0.0033510093318599374
-0.009644583065696566
0.019320767611334826
0.022856559266919388
0.012645946440082453
0.0
0.0
0.020840895615372685
0.011616088532267897
-0.036155062980047385
0.016361839417373847
0.025809125649610496
0.010578819357186596
-0.001184947272453639
0.008307387630799901
0.0023820110049683797
0.0
-0.03586596613966288
0.028700202900722185
0.015726237326832895
0.003639077793366183
0.01521598287156572
0.029296670164224846
-0.004898898955857267
0.0036946613766176617
-0.008642408695948773
-0.04450033719247856
-0.031607741464295395
-0.022337926307764554
-0.016834165116077444
0.0
0.0
0.0
-0.04164750600295301
0.002527244905203374
0.01647457092571908
-0.002542878983698985
0.010869034814988944
0.014126867659719967
0.027801214239658194
0.027330346370230182
0.032570981332587415
-0.008507623412302202
0.007881522406611654
0.009218920543201321
-0.006594042388443511
-0.0026496802410352297
0.0
0.0026764855214560595
-0.028809096167299042
0.023056462421963037
0.006109485861837595
-0.027266315152321485
0.03483713044534806
-0.03561983530147687
0.042586663850934924
-0.024880718729503357
-0.05893889800588153
-0.05428859200824266
-0.04742954139539631
-0.004223917878736877
0.0056499631477937165
0.015570853209142843
0.01419927985986578
0.022076695705264146
-0.03286615645603308
-0.021491714091252646
-0.048963398316341764
-0.04247857657723456
0.004428913788788045
0.01791883516939787
0.06306712685814844
-0.01804561494801794
