"delta"
-0.04725895051381787
-0.04859272611243969
-0.03135539065363468
0.004790515298407907
0.031825538994016855
-0.023613637415725034
0.002719175075356387
0.038860937067187636
-0.026833011225823603
-0.0411030244897165
-0.020672876867827702
-0.0036826123818782725
-0.03572172105028356
0.01691343583052726
-0.009279876450111954
-0.0005924443163458978
0.009293443150787478
-0.03244399754877604
0.025125139441218625
0.009146686015900036
-0.004905704580302454
0.0043534679142001285
0.029440774701141398
-0.020391386866571323
-0.008972556090415262
-0.005615244792233646
0.029455960198465025
0.00918022456748346
0.010072442706557948
-0.0019699112400079263
-0.011731441718580028
-0.005157254301730718
-0.006881108363385141
0.005047247220728163
0.038195874538691395
0.012751630260289925
0.008500155123078846
0.016723315968942002
0.03249809524970693
0.03212531798974264
-0.030042065219849232
0.004567204505650141
0.017075898097866603
-0.005715571612919619
-0.0007646147555885295
0.027556240507445522
0.023450286849291565
0.00926168082071164
-0.01076425764263089
-0.003850804447052245
-0.017956194449019473
-0.01228685591093982
-0.00885600343490259
0.02391353712309679
-0.03278284707698595
0.019529936046573233
-0.007936945349077426
0.013082076141095883
-0.02571458766289422
-0.01782282233210509
0.0066716011368295886
-0.0464013812248546
0.02641228738582928
0.008876334005559244
-0.006060710313263176
-0.01011297000284503
0.010474624401656968
0.02877414938750761
-0.03804751944981471
-0.005736620866108215
0.008195375860280749
0.03429821238991057
0.02450118743936228
-0.005838650356315751
-0.0100955951598983
0.0733596748031109
-0.033342887360456125
0.038414902252763325
0.03750798898388049
-0.04378940200771108
-0.0021974319235829732
-0.009940934161986083
0.0003288385978437518
0.029850343047406094
0.020969518264800226
-0.03600629959470528
0.03227128503715843
0.06818803764734936
0.006397755444704296
-0.02150015386202042
-0.004651303633245601
0.01735654610589218
-0.06565814229860985
-0.007506850034028879
0.06082460937019319
-0.0014454972143903974
0.001677353572981992
0.010658877431200699
0.032279883349982406
0.013826399613179802
-0.00045628045071532134
0.05363917915249994
0.03370164853442233
0.016455840911106787
-0.040172250970856416
0.003656760603207895
0.01561194105453282
-0.015814595842354333
-0.015520313508012577
0.04605658961757919
0.011720138907429565
0.06734561596224561
-0.01836200290502707
-0.057323221441280936
0.022949317111917597
-0.03806907728901779
0.03555267522707566
-0.05596011941683027
0.0271646209431728
-0.08318053197904118
0.011761080344854206
0.032547380355389635
-0.03482814285232235
-0.002142020532410542
-0.03997278644089509
-0.006141668376698194
-0.037276252545925426
0.06423559935651113
-0.014779210678866662
0.049881008927316964
0.011471824155129989
-0.041190921702377335
0.02435667552349395
-0.006061016813360889
-0.022402336462370852
-0.033729330574843494
-0.012713820419934256
0.02425105494346226
-0.0441885948402932
-0.03165940894590376
-0.026612515811827345
0.02339565064183736
-0.06058824831015735
0.0016345217565352551
0.004319107810263981
0.002679817805629813
-0.0028992737861379026
0.030053481862057
0.0036706251027985772
-0.019786616665818182
0.04974055960995634
-0.06875207880491863
-0.01504903465423055
-0.09437841619806969
0.022112649507607798
-0.0186269790409648
-0.06667107409165571
0.024240790485999898
0.08063030924882066
0.03261115929599239
-0.09062699756328878
0.023434298532891917
0.044270974737237824
0.03202350605421285
0.014375280811955781
0.06710352908457606
0.08612987630012787
0.054172927211719166
0.07847186359561947
-0.0015254731239947067
0.023754466847958365
0.0007113652253483736
0.012258316333175279
0.03177456800593903
-0.0209453967910034
-0.04158377236471107
-0.029466572929245115
-0.005819652899750645
0.07473078928586423
-0.0059026749891827315
0.001235268480244705
0.043517207217468365
0.01524843414505666
-0.02054469348083106
0.007692928704787021
-0.030972770196491105
-0.11348873267638679
0.06086562096953614
0.04262086727920022
0.019075703776410567
0.006012493406444363
-0.039507878033062244
-0.028083039096555164
0.011527557000381425
0.04213088090783581
-0.0261405345729803
-0.00040450133246402754
0.05751536036646525
0.03807689911231623
0.022998550437407648
0.06465946412254453
-0.011386989633205417
-0.008955007876711269
0.021248089904455602
0.04516392424022385
-0.02288181484361295
0.10033541594761343
0.022260426024338087
0.027407791802381738
-0.05712955382000409
-0.024953482082972725
-0.060979591345068744
-0.05040810251540565
-0.09133428537427188
0.015838557568460483
0.09558060202853104
0.08725534964160529
-0.07714241328834746
0.019145598355158985
0.029971629196505936
-0.04452254909318587
-0.06931903758327351
-0.015176852641782325
-0.020081575457473334
-0.014981012499674387
0.05246571291257717
-0.055483545447676
0.014042199088049443
-0.05629507007442514
-0.026092335884650573
0.014222646925936005
-0.017118784042446003
-0.00031882233125490775
-0.049514216235313824
0.11497545805289656
0.05632841414892738
0.10012315443891322
0.06371151484580752
-0.055768073869271136
0.02090308487336232
0.05479151289414301
-0.023841162292949518
0.06495001381276314
-0.02536517678230858
-0.031428193210326145
-0.055780534766391145
0.0385684220648333
-0.008209155256530789
0.015517249561700383
-0.1024328743210395
-0.013109624600167218
-0.06679400434993345
0.010237009442184624
-0.11960506956244894
0.08233724375408413
0.032940463677049524
-0.003953878719521091
-0.007928425924462041
-0.0209465692910633
-0.0003627783706288111
0.08957986821393188
0.023109996239493363
0.0055126783398622165
-0.043594946571558324
-0.04589087362271096
-0.001484554651165273
0.06918224796073652
0.036814139892115925
-0.019766967060013105
0.05361515101866361
-0.006822239777640402
-0.04870388817812504
0.030180765348388105
-0.009612923457188371
0.013097761372572589
0.0855413075382491
-0.053243462310551694
-0.0023392613514750388
-0.005082707628768331
-0.005487378163446961
0.003537583329494114
-0.054625882153295606
0.02219552936471336
-0.06690233661022509
-0.04463034371329844
0.03081120101200732
-0.021738207559477037
0.05118358744629062
0.03931154803823042
0.0024393847678911202
-0.04622779463988125
0.03148107606041436
-0.05496403964242853
-0.06364351212765172
0.00701625699058989
0.029677403903257828
0.033203924614405446
-0.04741030592867471
0.054668513578859566
-0.030003633175876652
-0.032413609679113296
-0.09378781497552792
0.012354333783293684
-0.03492482507028565
-0.039236834962995626
-0.005184665450356302
-0.03076153375741266
0.07075328839981493
0.07992188035244885
-0.031798963334708025
0.07168079559766305
-0.0319792427990601
0.011169885834744448
0.022627677016295984
-0.030159090765182302
0.0962761756997199
-0.003181965190946002
0.059175467542531404
0.05226512021715583
0.014988183755763449
-0.02712326429735462
0.0016292746546174544
0.010057908680467059
-0.026047052079958687
0.010138110858482517
0.033297763855899616
0.06228101834475921
-0.0671817721530059
-0.07799635656975788
-0.05759763450576056
-0.030902320951867897
0.042378367428066624
0.007084351290887011
0.002940067391347345
-0.013768686740359864
0.020942045015103158
0.030667929724077735
-0.003975223963583929
-0.023018587917576976
0.04510074059612378
-0.01759541114782523
-0.05002272118430074
-0.034709866822746446
0.0015279656424166065
-0.06230845534581576
-0.017413307599180264
-0.05130263496816916
0.024681340479174693
0.08506260829580899
0.016058343641454764
-0.05972323627063488
0.021925654538286616
0.012358459550130546
0.03816603393950775
0.00950798207163365
-0.023285671886754754
0.014622635772318362
0.007459711270294912
-0.012031081181476938
-0.03819330016887287
0.021017270430521522
-0.022502187743957958
-0.0171714177223066
-0.002735736326333631
0.038336215449111
0.01427801670712519
-0.028155435535269085
-0.044204229748038885
0.03626464406086914
-0.010599043051848986
-0.01542336072469406
0.02581784360550705
0.06812077621219939
0.013023651001768142
0.010500017277703147
-0.015444544513493003
-0.009757890182487693
0.03188090402911628
-0.018456462956445253
-0.01770850454961538
0.006506024812894741
0.041724949919580846
-0.03103670287053435
0.008394209849570518
-0.041493637453979264
-0.06602648648808716
0.032066769313711024
0.05902195648187558
0.04150803955605992
0.05091459928668632
0.010496723999337449
-0.0229137528044848
0.006220837587470282
0.03130386815121363
-0.047911188591437205
0.020637821723963775
-0.029254938470693635
0.008313001975552374
0.043439810825567284
0.04510588848195775
-0.0032393938000139836
0.0358161091191989
0.006208544147307793
0.008223138672279308
-0.025373240292581648
0.007581363597306422
-0.046936273269853564
0.0006778192909503285
0.08867110287383805
-0.02026094865534561
0.10839402237510742
0.07377729008595864
0.043464089071328524
0.013714677495175307
0.03245333847551854
-0.0007095042520680992
0.08057760285820849
0.03459322271064705
0.011730657921564813
-0.023066640820291927
0.0
-0.040611693791906864
0.01652553130714073
0.007134142370982115
-0.0007985005760203828
0.004478549122395969
-0.0028941841216310964
0.011716857167879964
-0.0034100373261116436
0.0021578362941842163
-0.0021846527615488453
-0.007014940964949764
0.0030866889108344957
-0.0008942939926544618
0.0
0.0
0.01820413270250856
0.009182647589448948
-0.01429778840569084
0.0013890500183841642
-0.009303552342987052
-0.033242749404413456
0.0014314562302251224
0.021170057497540865
-0.0029280675187704384
0.0
-0.025250170689844698
-0.056782639023726086
0.026042878136464925
-0.025076514595844656
0.006035146916645399
0.023816514567118245
0.0071324067047635106
0.0488773164091227
0.015529511825751819
0.0971853005129237
-0.018244133093846888
-0.00366419202843076
0.00997272161625676
-0.03257938257695149
0.10102859694426995
0.15596751295764066
-0.028863084865944293
-0.10370429102965614
0.04819115638796455
-0.011954559817178308
0.019058467110231757
-0.02617511371317895
-0.07031075654591414
-0.00110356180485229
0.017731639952142587
0.02449079673312628
-0.00337772806452348
-0.030476328200481382
0.019311216037956668
0.005722536802901997
0.0149304896915689
-0.019002637095519602
-0.005805192262415639
-0.0017511767043365072
0.04933774962166771
0.01887882798010597
-0.018994104462164436
-0.008393862329608856
0.022913749263746584
-0.008458903406257656
-0.014012424632935259
-0.012224939638651221
-0.022086804057070773
0.019694195641744537
-0.008658232383600488
-0.00871014979165154
-0.07389908743267891
0.055324260618677484
-0.0012624807572585162
0.030374891169173145
-0.09372217430830089
0.03997624300768139
0.0
0.08872008669006781
0.021636125020945186
0.06847627784529267
0.0554562018870246
-0.05506716888424911
-0.03923879141070714
-0.008009726711542453
-0.02222144280502801
0.02032945068074841
-0.029345695647840078
0.021879937947054305
0.020538570610507432
-0.022084433869970374
-0.01662000226955831
-0.00835632999796219
0.005604306740208419
-0.0014028303060856242
-0.00913193410870227
-0.0014134188543561072
0.04242519397882063
-0.0184929720641736
0.02143297459213232
0.022219817554642286
-0.0114807276119996
0.004317864859482429
0.0
0.0
0.01099973263850183
0.025796021353293112
-0.0378350569852585
0.0014884494913686135
-0.0022375785023557872
0.01348190982270539
0.02781310313586815
0.0474200714555488
-0.013578061055072511
0.027181192364366568
-0.09757127675129693
0.047004035179971634
0.0
0.04568814576002377
-0.0015261330704069227
-0.008443421302788114
-0.07459667576037497
-0.004627109486349813
0.020882864128493894
-0.055763256151247595
-0.008533772173618238
-0.10813270120046203
-0.041382615473550564
0.16918591119278822
-0.012575003208356259
-0.012606049831629638
0.07917917632992352
-0.04282570316345486
0.002391814536017111
-0.025545433558289123
0.04960055765643305
0.022459290863286314
0.020918802925769822
-0.03948532597386187
-0.0008062220783063156
-0.0048607882969711426
0.0
-0.03437294417334088
0.2610746510930673
-0.013224109123895853
0.06988408108444055
-0.06014057479811316
-0.08551465032887219
-0.0750138457134486
0.002536270214373116
0.012697027514080077
0.02296166152875383
-0.04000798144404671
0.004272263543254834
0.020519393806642004
0.01030973149095974
0.0227412378586832
-0.029754756676224313
0.0035245998842954366
-0.08159604836342704
-0.07442049136386224
0.02692891991740868
0.006330903592940599
-0.11856580206435059
0.05157385864112748
-0.009238293849774438
-0.03530454102746735
