"delta"
-0.04313830633070181
-0.12057421312301464
0.0973143643955976
-0.1173709250249695
0.015743081925269284
0.12578104965288558
0.08650340060834767
-0.059053543011647384
-0.1559014052623933
0.07554586479794524
-0.036076041955383754
0.09508925651101503
-0.05103692266721211
0.08417341418010439
-0.03873967460249288
-0.008610308413189376
-0.004381440177011507
-0.04412659361850208
-0.04688079390518162
0.009996711007948297
-0.005841767568402241
-0.048798927053387835
0.06712718504507546
-0.08077833914405859
0.003324932794392065
-0.03563004790107696
0.016961310225105056
0.06783226028654823
-0.036196486778830264
-0.017154920893471547
0.017030148796419217
0.0009199122176398591
0.0023253570994022647
-0.07918225908694951
0.004800128866995151
-0.02728700590429752
0.030437068731455644
0.042289387017630305
0.01598789109886042
0.017751343836959997
-0.06229590558135396
-0.024175760636732865
0.03021304184329264
0.020515839448176962
-0.035223392690106076
0.028145082642377806
-0.030824096520840113
0.060691034692611424
0.005172145186636817
-0.030084220120721036
-0.029446054464364706
-0.008777640879379652
-0.02241521131009771
0.07827899936782645
-0.02122364373080695
0.0064896809306407705
-0.058669531248587495
-0.03404261908883809
-0.00919138271289201
-0.017514172793616913
0.024795385961915113
-0.08432461459336323
0.01204043890489772
-0.007349064574347509
0.016741296284678013
0.010588697030055274
0.007210087683955001
-0.004140948654977187
-0.027411622087271766
0.015434676822654167
0.01396347770574291
-0.07063059912608351
0.057196235011063155
0.06577277123816985
0.0016416682370662778
-0.024049061363902568
0.03599181809603393
0.072644605887337
0.00013078502294235165
0.02901011603828154
0.00013503270510113074
-0.017523995983977525
0.02104892387760323
-0.0059597093682715084
0.001541000848654131
0.0353924478216209
-0.028558302638971265
-0.0008623222577921877
-0.00838289282030798
-0.04255855097256719
0.0172386396287635
0.04070754883395261
0.06378488770375702
-0.026808277303026682
0.05410483843869207
0.006851972107604844
0.05004357475142822
0.007415107102186186
-0.020240271130992336
0.005353989111271917
-0.05099649167099668
-0.03349345889714563
0.0030586767434505604
0.01574276832021726
0.032688326781261996
0.00016502156509782303
0.03375364023322506
-0.07240750674114704
0.00878748906359492
0.0003396338323917489
0.002896072843961028
0.006874700092088885
-0.04809596306386526
-0.030287231363620763
-0.02177791887985766
-0.05333581155410284
0.08157249729595716
0.02963967440275923
-0.038140659153722285
0.040010819530057445
-0.053453907155895104
0.022097520359963332
0.014326892986153719
0.027416393131801293
-0.024261068150052356
-0.013215220550982313
-0.031056420599337914
-0.01972024424153937
0.04537161397818167
0.0005805247365248099
-0.03678279877569892
-0.017810630680406038
-0.021823838232646057
-0.025109422913685824
0.04808342315326542
-0.026133296546171147
-0.07694679465879681
-0.0006069005002477063
-0.029501766381226282
0.03248513845241935
0.03611043910530045
-0.025976358575323835
-0.011484870998320853
-0.002298886741210364
0.010732177609459893
0.02126412116095818
0.0038498508866483673
0.007278693297752837
0.02674334866988048
0.003245283213691102
0.029094111013548987
-0.005043050576712739
0.024436792183116885
-0.0024381875124624866
-0.02359865362194671
0.0038010081742406794
-0.0022483446977929404
0.023315831117744865
-0.002964579320472482
-0.03349083735807621
-0.008135838121914015
0.0021039924680018632
-0.05732332788270455
-0.02400311899530434
-0.03148970818435743
-0.10063660053523776
0.022127784722367514
-0.07227648919651997
0.07288168424720393
-0.11779452404451056
-0.04879995386350597
-0.012142870497715189
-0.059724106912614774
0.00526738377795949
-0.08033298872774322
0.021856531307571363
0.026889497926342685
0.08880589531630756
-0.025221532595016912
0.10485425071917862
0.00999051916893261
-0.016669197129413126
0.0757699819053935
0.025264769642319485
-0.017964924766907225
0.06625383005169046
0.06756069973728601
-0.016963286550440614
0.0060570917320628284
-0.05922349599435841
-0.012489956238509814
-0.02623838238297729
-0.07026055919883438
-0.003141116785495178
-0.03298468127292717
0.0374311682968366
0.013551595291344483
-0.030706199361248805
0.042312291652208706
-0.0011795184770168976
0.07451443113473923
0.011638282471333028
0.045792642820961835
0.10480195836798563
-0.04616403605423665
-0.024189297602857547
0.07315842655499526
0.06524810331919909
0.009730195245491962
0.015455824561549177
0.05150687476934405
0.12265214675143726
-0.09975605188657727
0.08024333238340457
0.07166116239614764
0.12605190978736647
-0.050995958384831036
-0.056675380239819835
-0.015460179879913369
-0.011920486381688416
-0.02261585254503294
-0.02166973507844865
-0.032524864658668155
0.10222731628310404
-0.08329366147943759
-0.06014881719504308
0.09737233566687209
-0.04970471378415385
0.005878946077272671
0.007305216241952031
0.03209321102837513
-0.0038621279845477
0.0536237294027809
0.002478437248719749
-0.014589654238386507
-0.005716504411568815
-0.07371844283217821
0.04184934777137089
-0.09754238636198355
-0.030637792927216346
0.027455643046610478
0.034119093812353674
0.036805941111773675
-0.011485950293868442
0.02560152173800966
-0.07889778068506777
-0.07202241046919725
0.040015474959128286
0.021024725932311538
0.057548297362918985
-0.12802139378431573
-0.08406683095798245
-0.02099864407693223
0.016860917601523272
-0.029936081815692385
0.007326192426754683
-0.029787045944445454
-0.08327802137472715
-0.13565614706012855
-0.015216860464408311
-0.06610712620310119
-0.009053906174902735
-0.024911007573897862
0.04722851414803626
-0.04294639502686626
0.05459363941457922
-0.010041135221678613
-0.024630901806700592
-0.046148984805532936
0.03855836740046355
0.03302771298837942
0.013877216771396594
0.022078434639634534
-0.02508629546327319
0.024694765225344254
-0.03511382395058884
0.026888811726706596
0.03694083716365991
0.10246025111028759
0.08403677782806464
0.17029755422235557
-0.07102508769156339
-0.03494690090764265
-0.12907750547272534
0.07751697349635246
-0.05282665286990469
0.028825568418377797
0.009222994044861111
-0.007471902823885778
-0.018112782020926057
0.030282211939470654
0.04507748501287306
-0.001346408060725805
-0.08338090002405521
-0.03546516282156663
-0.0073304333365938334
-0.009178195224971483
0.010751750601095079
-0.05537271582561485
0.03042675711313254
0.05632492827371279
0.12925384578632443
0.024403750736354316
0.0677699339483655
-0.1409054211187602
-0.01694182230646715
0.051869619205182224
-0.054947075003833105
-0.007215802778920438
0.022577430159993476
0.0
0.03846651647455355
0.09480529847088438
0.0029022006309618225
0.05014881281441938
-0.012165161617695269
-0.028224969874266148
0.02151272857982996
0.02323980827852462
-0.0031219265971956776
-0.12003561128649286
-0.0015911212149717626
0.0032101622643905506
-0.018599279203291363
-0.0024497840766678396
-0.119700119813357
-0.007625410567699713
0.025452426676069277
-0.031921405884974864
0.07541320401180285
0.060312374750260606
0.05161056981770099
-0.05910814711885283
-0.013387958211729757
-0.001788867369720171
0.0
-0.10265283188411603
0.0736647357212674
-0.05471971494726144
-0.0614721731725046
0.06447217871604768
-0.023098331968636414
0.04760770456033577
-0.00842599401903175
-0.0009395843465598017
0.01791257456608838
-0.0066285422223412785
0.006676577252554308
0.01625497367377496
0.0
-0.01347879711262191
0.01450354732386231
-0.011655082167091173
0.020444822739947167
0.0
0.029443817337904014
0.01279825709108553
0.036561530063025934
0.012853946578855004
0.02085028122949238
0.06068064080071812
0.00697303845844525
0.057837872483868825
0.045934329022296314
-0.016987403948789247
0.06521420458808128
0.05321621446001985
-0.0592952106364298
0.005027201334915027
0.024152423009931277
0.021213722224580185
0.0010111925593889637
0.03238811027728742
-0.031385585105682644
0.06802102647102541
0.01321612448719644
-0.01937291885473631
-0.03269080398959617
-0.04598418620713626
0.023528922982720964
0.013327415422660653
-0.08829210292807313
0.011299635670095197
0.0462991307159604
-0.05149677533898425
0.06490040097937806
-0.007220307289340244
0.019630729864344276
0.0010336236349272213
0.012420265210617556
0.019674410850198564
0.015558880363861485
0.00933788241982327
-0.011436352887585235
0.029170614402044208
-0.05212722156380731
-0.013564601485788457
-0.014628516773498655
0.032413386478808114
0.03247535670058404
-0.0020971048240510715
-0.03466527929890283
0.014729194622116302
0.0210521302662896
-0.002107006616828206
0.0010553466852109724
0.033785378814279655
0.04967038708977144
0.05604465675245763
0.001059442007080474
-0.014840381391353285
0.015919183196299973
-0.03397424509153
-0.0584421822389512
0.03510799910729132
0.041564662445115315
0.022398546641550398
-0.016011728619605887
-0.018168385211985622
0.02569186292415362
0.03000070483980149
0.02363458879108182
0.06772242248167336
-0.017203069494031324
0.0
0.01939768446740753
-0.015102175761737563
-0.011883094896973437
0.00756899850425283
-0.03464005013477757
0.02601963954208095
-0.01954991457404508
0.0021753658458092333
-0.0021763455849958297
-0.01854608321762967
0.05470489145951171
0.03282931912219003
0.030726117707327864
0.06479803444435525
-0.0011004726212486564
-0.05402108180189652
0.002206362992640092
0.009947361361075515
-0.09429897339637949
-0.018918653123604443
-0.09152609853924804
-0.03706044550583702
-0.06777294940474268
0.027016083394126082
0.02707652568811598
0.0
0.0
0.0
