Frame	Volume
1	364.849
2	366.22
3	367.702
4	370.009
5	371.221
6	368.783
7	369.862
8	371.177
9	368.85
10	368.462
11	369.114
12	369.652
13	368.746
14	370.207
15	369.519
16	369.745
17	369.979
18	369.011
19	370.333
20	369.956
21	369.659
22	369.847
23	370.338
24	369.369
25	369.59
26	369.657
27	370.297
28	369.922
29	369.934
30	369.726
31	369.566
32	369.678
33	369.652
34	369.837
35	370.33
36	369.948
37	369.883
38	369.998
39	370.208
40	370.192
41	369.358
42	369.821
43	369.979
44	369.687
45	369.75
46	370.095
47	370.044
48	369.871
49	369.633
50	369.715
51	369.555
52	369.623
53	369.662
54	370.021
55	369.41
56	369.965
57	369.677
58	369.894
59	369.497
60	369.582
61	369.826
62	369.309
63	370.014
64	369.844
65	369.703
66	369.666
67	369.856
68	370.019
69	369.418
70	369.709
71	369.831
72	370.057
73	369.967
74	369.711
75	369.676
76	370.362
77	369.488
78	370.07
79	370.058
80	369.414
81	369.743
82	369.683
83	369.762
84	369.986
85	369.919
86	369.489
87	369.999
88	370.259
89	369.806
90	369.604
91	369.726
92	369.884
93	369.295
94	369.707
95	370.186
96	369.75
97	369.771
98	369.833
99	369.976
100	369.852
101	369.757
102	370.11
103	369.977
104	369.865
105	369.507
106	369.783
107	369.858
108	369.662
109	369.664
110	370.043
111	369.831
112	370.167
113	369.649
114	369.418
115	369.895
116	369.538
117	369.967
118	369.437
119	369.916
120	369.285
121	369.827
122	369.944
123	369.564
124	369.748
125	369.537
126	369.726
127	369.554
128	370.108
129	369.681
130	370.026
131	369.821
132	369.542
133	369.888
134	369.728
135	369.644
136	369.586
137	369.695
138	369.883
139	369.537
140	369.601
141	369.627
142	369.876
143	369.46
144	369.768
145	369.781
146	369.773
147	369.746
148	369.904
149	369.777
150	369.666
151	369.995
152	369.436
153	369.69
154	369.322
155	369.862
156	369.675
157	369.456
158	369.87
159	370.122
160	369.906
161	369.356
162	369.864
163	369.955
164	369.901
165	369.823
166	370.052
167	370.134
168	369.994
169	370.097
170	369.753
171	369.861
172	369.763
173	369.811
174	369.893
175	369.672
176	369.587
177	369.638
178	369.736
179	370.066
180	369.736
181	369.765
182	369.935
183	369.821
184	369.678
185	369.79
186	369.637
187	369.315
188	369.998
189	369.926
190	369.834
191	369.783
192	369.61
193	369.653
194	369.803
195	369.918
196	369.662
197	369.758
198	369.972
199	369.9
200	369.844
201	369.996
202	369.719
203	369.728
204	369.835
205	369.92
206	369.679
207	370.114
208	369.838
209	369.856
210	369.562
211	369.674
212	369.55
213	369.587
214	369.448
215	369.814
216	370.084
217	370.055
218	369.5
219	369.824
220	369.86
221	369.612
222	369.531
223	369.71
224	369.694
225	369.711
226	369.931
227	369.58
228	369.805
229	369.58
230	369.677
231	369.805
232	369.706
233	369.759
234	369.605
235	370.117
236	369.934
237	370.067
238	369.955
239	369.59
240	369.823
241	369.925
242	369.688
243	369.954
244	369.684
245	369.667
246	369.596
247	369.873
248	369.736
249	369.805
250	369.464
251	369.722
252	369.57
253	369.789
254	369.422
255	369.991
256	369.852
257	369.749
258	369.738
259	369.702
260	369.759
261	370.005
262	369.823
263	369.775
264	369.642
265	369.636
266	369.756
267	369.945
268	369.858
269	369.707
270	369.902
271	369.742
272	369.632
273	369.839
274	369.735
275	369.794
276	369.981
277	369.623
278	369.754
279	369.747
280	369.746
281	369.769
282	369.622
283	369.816
284	369.592
285	369.648
286	369.837
287	369.706
288	369.887
289	369.857
290	369.766
291	369.646
292	369.837
293	369.626
294	369.605
295	369.777
296	369.831
297	369.839
298	369.647
299	369.89
300	369.689
301	369.683
302	369.539
303	369.789
304	369.678
305	369.669
306	369.748
307	369.689
308	369.922
309	369.942
310	369.688
311	369.922
312	369.688
313	369.785
314	369.81
315	369.693
316	369.973
317	369.753
318	369.89
319	369.874
320	369.792
321	369.701
322	369.763
323	369.781
324	369.704
325	369.781
326	369.83
327	369.891
328	369.619
329	369.597
330	369.64
331	369.696
332	369.847
333	369.774
334	369.766
335	369.732
336	369.802
337	369.822
338	369.752
339	369.714
340	369.85
341	369.725
342	369.661
343	369.691
344	369.763
345	369.638
346	369.726
347	369.66
348	369.808
349	369.925
350	369.791
351	369.645
352	369.802
353	369.783
354	369.832
355	369.778
356	369.716
357	369.787
358	369.774
359	369.737
360	369.689
361	369.799
362	369.718
363	369.728
364	369.755
365	369.83
366	369.786
367	369.709
368	369.68
369	369.825
370	369.741
371	369.732
372	369.806
373	369.88
374	369.783
375	369.778
376	369.733
377	369.743
378	369.814
379	369.728
380	369.73
381	369.771
382	369.83
383	369.708
384	369.774
385	369.691
386	369.65
387	369.813
388	369.857
389	369.828
390	369.843
391	369.777
392	369.723
393	369.77
394	369.81
395	369.684
396	369.792
397	369.714
398	369.773
399	369.827
400	369.83
401	369.755
402	369.815
403	369.769
404	369.772
405	369.721
406	369.771
407	369.689
408	369.761
409	369.89
410	369.73
411	369.916
412	369.866
413	369.822
414	369.779
415	369.806
416	369.759
417	369.873
418	369.808
419	369.776
420	369.729
421	369.76
422	369.706
423	369.781
424	369.769
425	369.759
426	369.765
427	369.756
428	369.774
429	369.756
430	369.762
431	369.757
432	369.752
433	369.763
434	369.759
435	369.76
436	369.76
437	369.78
438	369.77
439	369.744
440	369.761
441	369.75
442	369.724
443	369.761
444	369.782
445	369.757
446	369.76
447	369.734
448	369.703
449	369.786
450	369.735
451	369.766
452	369.783
453	369.767
454	369.807
455	369.775
456	369.853
457	369.742
458	369.756
459	369.769
460	369.729
461	369.855
462	369.906
463	369.733
464	369.664
465	369.804
466	369.749
467	369.777
468	369.736
469	369.696
470	369.759
471	369.776
472	369.782
473	369.757
474	369.733
475	369.777
476	369.765
477	369.773
478	369.743
479	369.755
480	369.758
481	369.802
482	369.776
483	369.744
484	369.753
485	369.779
486	369.753
487	369.748
488	369.75
489	369.742
490	369.776
491	369.753
492	369.753
493	369.701
494	369.804
495	369.759
496	369.784
497	369.687
498	369.791
499	369.76
500	369.828
501	369.776
502	369.812
503	369.802
504	369.718
505	369.73
506	369.754
507	369.743
508	369.775
509	369.738
510	369.776
511	369.775
512	369.744
513	369.748
514	369.754
515	369.764
516	369.759
517	369.753
518	369.759
519	369.79
520	369.747
521	369.775
522	369.775
523	369.752
524	369.763
525	369.76
526	369.76
527	369.767
528	369.777
529	369.734
530	369.761
531	369.758
532	369.769
533	369.778
534	369.791
535	369.751
536	369.778
537	369.695
538	369.791
539	369.76
540	369.79
541	369.759
542	369.754
543	369.711
544	369.757
545	369.773
546	369.724
547	369.754
548	369.69
549	369.733
550	369.868
551	369.752
552	369.752
553	369.81
554	369.733
555	369.761
556	369.744
557	369.791
558	369.774
559	369.773
560	369.735
561	369.759
562	369.757
563	369.76
564	369.739
565	369.918
566	369.752
567	369.802
568	369.724
569	369.709
570	369.715
571	369.761
572	369.767
573	369.773
574	369.736
575	369.762
576	369.772
577	369.766
578	369.773
579	369.743
580	369.762
581	369.714
582	369.718
583	369.775
584	369.763
585	369.695
586	369.788
587	369.755
588	369.741
