Frame	Volume
1	1308.55
2	1311.42
3	1311.8
4	1318.83
5	1327.31
6	1317.34
7	1318.98
8	1323.33
9	1320.73
10	1315.69
11	1316.3
12	1318.64
13	1315.32
14	1319.31
15	1320.74
16	1322.25
17	1319.13
18	1316.75
19	1321.86
20	1319.64
21	1318.84
22	1319.89
23	1322.28
24	1317.69
25	1319.05
26	1319.69
27	1320.59
28	1320.66
29	1318.45
30	1319.2
31	1318.72
32	1318.16
33	1318.98
34	1319.21
35	1320.59
36	1318.8
37	1320.32
38	1319.1
39	1320.31
40	1320.63
41	1319.44
42	1319.36
43	1320.16
44	1318.27
45	1318.77
46	1319.9
47	1319.94
48	1319.16
49	1319.15
50	1319.69
51	1318.87
52	1320.5
53	1318.48
54	1319.05
55	1317.52
56	1320.44
57	1318.5
58	1320.74
59	1319.94
60	1318.43
61	1320.03
62	1317.89
63	1319.74
64	1318.55
65	1319.68
66	1318.96
67	1318.88
68	1320.52
69	1318.33
70	1318.94
71	1319.57
72	1320.18
73	1319.72
74	1319.93
75	1319.31
76	1321.08
77	1318.53
78	1319.56
79	1319.65
80	1318.21
81	1319.28
82	1319.07
83	1318.88
84	1319.85
85	1319.18
86	1318.92
87	1319.85
88	1320.16
89	1319.5
90	1319.19
91	1319.2
92	1319.21
93	1318.24
94	1319.82
95	1319.02
96	1319.18
97	1320.16
98	1319.57
99	1320.07
100	1318.65
101	1318.99
102	1319.8
103	1319.34
104	1319.74
105	1318.85
106	1319.62
107	1319.52
108	1319.25
109	1319.3
110	1319.52
111	1319.28
112	1320.39
113	1318.74
114	1319.2
115	1319.16
116	1318.68
117	1319.3
118	1318.86
119	1319.25
120	1318.85
121	1319.45
122	1319.43
123	1318.93
124	1319.24
125	1318.91
126	1319.11
127	1319.01
128	1319.54
129	1318.81
130	1319.89
131	1319.29
132	1319.12
133	1319.35
134	1319.17
135	1319.87
136	1319.07
137	1319.18
138	1319
139	1319.11
140	1319.22
141	1319.29
142	1319.6
143	1318.67
144	1319.23
145	1319.51
146	1319.38
147	1319.13
148	1319.75
149	1319.09
150	1319.03
151	1319.32
152	1318.59
153	1319.01
154	1318.51
155	1319.24
156	1319.12
157	1319.26
158	1319.44
159	1319.55
160	1319.15
161	1318.65
162	1319.7
163	1319.47
164	1319.44
165	1319.7
166	1319.27
167	1320.1
168	1319.62
169	1319.73
170	1318.97
171	1319.61
172	1319.15
173	1319.02
174	1319.44
175	1319.21
176	1319.27
177	1319.29
178	1319.32
179	1319.67
180	1319.28
181	1319.28
182	1319.69
183	1319.2
184	1319.26
185	1319.51
186	1319.04
187	1318.84
188	1319.81
189	1319.48
190	1319.33
191	1319.66
192	1319.08
193	1319.45
194	1319.38
195	1319.35
196	1319.27
197	1319.25
198	1319.6
199	1319.74
200	1319.22
201	1319.76
202	1319.22
203	1319.09
204	1319.48
205	1319.38
206	1319
207	1319.68
208	1319.49
209	1319.33
210	1318.93
211	1319.29
212	1318.96
213	1319.03
214	1318.95
215	1319.06
216	1319.95
217	1319.58
218	1318.89
219	1319.43
220	1319.12
221	1319.25
222	1318.88
223	1319.14
224	1319.29
225	1319.25
226	1319.27
227	1319.22
228	1319.33
229	1318.96
230	1319.24
231	1319.62
232	1319.26
233	1319.11
234	1319.21
235	1319.72
236	1319.61
237	1319.76
238	1319.49
239	1318.93
240	1319.56
241	1319.55
242	1318.99
243	1319.21
244	1319.18
245	1319.32
246	1319.35
247	1319.23
248	1319.32
249	1319.31
250	1319.06
251	1319.18
252	1319.29
253	1319.38
254	1319.37
255	1319.11
256	1319.24
257	1319.56
258	1319.33
259	1319.52
260	1319.08
261	1319.63
262	1319.21
263	1319.56
264	1319.13
265	1319.2
266	1319.18
267	1319.4
268	1319.37
269	1319.36
270	1319.48
271	1319.46
272	1319.34
273	1319.09
274	1319.42
275	1319.5
276	1319.45
277	1319.38
278	1319.4
279	1319.32
280	1319.43
281	1319.23
282	1319.37
283	1319.27
284	1319.21
285	1319.22
286	1319.45
287	1319.1
288	1319.54
289	1319.45
290	1319.11
291	1319.64
292	1319.37
293	1319.19
294	1319.33
295	1319.15
296	1319.46
297	1319.54
298	1319.27
299	1319.43
300	1319.16
301	1319.67
302	1319.12
303	1319.58
304	1319.22
305	1319.08
306	1319.28
307	1319.2
308	1319.16
309	1319.23
310	1319.37
311	1319.78
312	1319.41
313	1319.3
314	1319.06
315	1319.38
316	1319.5
317	1319.27
318	1319.32
319	1319.46
320	1319.33
321	1319.11
322	1319.24
323	1319.45
324	1319.33
325	1319.32
326	1319.17
327	1319.43
328	1319.07
329	1319.17
330	1319.14
331	1319.41
332	1319.39
333	1319.23
334	1319.16
335	1319.26
336	1319.39
337	1319.22
338	1319.38
339	1319.58
340	1319.58
341	1319.41
342	1319.44
343	1319.22
344	1319.28
345	1319.15
346	1319.34
347	1319.2
348	1319.28
349	1319.52
350	1319.23
351	1319.03
352	1319.58
353	1319.07
354	1319.14
355	1319.34
356	1319.2
357	1319.29
358	1319.19
359	1319.33
360	1319.27
361	1319.27
362	1319.14
363	1319.18
364	1319.4
365	1319.45
366	1319.42
367	1319.43
368	1319.05
369	1319.48
370	1319.39
371	1319.36
372	1319.42
373	1319.46
374	1319.31
375	1319.31
376	1319.25
377	1319.38
378	1318.99
379	1319.08
380	1319.23
381	1319.52
382	1319.23
383	1319.04
384	1319.3
385	1319.26
386	1319.1
387	1319.2
388	1319.58
389	1319.48
390	1319.6
391	1319.34
392	1319.21
393	1319.35
394	1319.41
395	1319.26
396	1319.32
397	1319.16
398	1319.42
399	1319.38
400	1319.56
401	1319.34
402	1319.71
403	1319.39
404	1319.31
405	1319.11
406	1319.19
407	1319.29
408	1319.25
409	1319.37
410	1319.34
411	1319.22
412	1319.27
413	1319.2
414	1319.31
415	1319.27
416	1319.31
417	1319.31
418	1319.2
419	1319.23
420	1319.29
421	1319.29
422	1319.18
423	1319.26
424	1319.24
425	1319.25
426	1319.32
427	1319.26
428	1319.25
429	1319.39
430	1319.31
431	1319.34
432	1319.27
433	1319.33
434	1319.29
435	1319.32
436	1319.3
437	1319.3
438	1319.28
439	1319.35
440	1319.32
441	1319.26
442	1319.24
443	1319.3
444	1319.34
445	1319.23
446	1319.28
447	1319.35
448	1319.23
449	1319.37
450	1319.27
451	1319.31
452	1319.33
453	1319.32
454	1319.27
455	1319.26
456	1319.32
457	1319.23
458	1319.27
459	1319.27
460	1319.21
461	1319.29
462	1319.3
463	1319.34
464	1319.31
465	1319.32
466	1319.34
467	1319.36
468	1319.21
469	1319.24
470	1319.23
471	1319.28
472	1319.27
473	1319.36
474	1319.19
475	1319.2
476	1319.31
477	1319.29
478	1319.32
479	1319.29
480	1319.3
481	1319.24
482	1319.29
483	1319.26
484	1319.29
485	1319.34
486	1319.33
487	1319.3
488	1319.26
489	1319.25
490	1319.32
491	1319.27
492	1319.3
493	1319.17
494	1319.38
495	1319.33
496	1319.36
497	1319.16
498	1319.34
499	1319.29
500	1319.36
501	1319.3
502	1319.33
503	1319.33
504	1319.15
505	1319.23
506	1319.27
507	1319.35
508	1319.29
509	1319.28
510	1319.29
511	1319.31
512	1319.3
513	1319.25
514	1319.29
515	1319.32
516	1319.3
517	1319.28
518	1319.35
519	1319.29
520	1319.32
521	1319.24
522	1319.21
523	1319.29
524	1319.27
525	1319.25
526	1319.29
527	1319.29
528	1319.34
529	1319.31
530	1319.33
531	1319.29
532	1319.29
533	1319.32
534	1319.29
535	1319.31
536	1319.32
537	1319.29
538	1319.34
539	1319.31
540	1319.37
541	1319.35
542	1319.28
543	1319.26
544	1319.3
545	1319.24
546	1319.2
547	1319.32
548	1319.32
549	1319.32
550	1319.43
551	1319.31
552	1319.26
553	1319.35
554	1319.24
555	1319.3
556	1319.32
557	1319.3
558	1319.28
559	1319.29
560	1319.31
561	1319.29
562	1319.26
563	1319.3
564	1319.26
565	1319.41
566	1319.3
567	1319.2
568	1319.24
569	1319.31
570	1319.29
571	1319.35
572	1319.29
573	1319.33
574	1319.27
575	1319.29
576	1319.31
577	1319.37
578	1319.29
579	1319.28
580	1319.29
581	1319.29
582	1319.27
583	1319.31
584	1319.24
585	1319.26
586	1319.29
587	1319.26
588	1319.22
