1	4480.24
2	4594.14
3	5769.16
4	4099.21
5	4866.1
6	4580.2
7	4675.99
8	4984.98
9	4468.22
10	5205.04
11	4768.56
12	4979.67
13	5180.26
14	5528.45
15	5930.63
16	4887.23
17	4747.34
18	4400.69
19	5037.86
20	4583.48
21	5360.35
22	4269.29
23	5061.24
24	4997.03
25	4183.51
26	4670.45
27	4716.35
28	5160.58
29	4606.81
30	4976.37
31	4677.45
32	4780.74
33	5264.79
34	4718.46
35	4795.99
36	4706.16
37	5188.09
38	5108.06
39	4967.69
40	5280.52
41	5178.51
42	5150.18
43	5101.49
44	4640.28
45	4739.07
46	5093.14
47	5265.72
48	4851.09
49	5191.15
50	5498.32
51	4806.82
52	4907.5
53	4727.8
54	5100.56
55	5397.97
56	4784.24
57	4925.69
58	4870.55
59	4735.18
60	4549.02
61	4736.26
62	5675.15
63	5138.22
64	5640.82
65	5122.21
66	5268.17
67	4806.78
68	4824.75
69	4788.08
70	4913.2
71	4424.1
72	4519.36
73	4917.95
74	4692.37
75	4456.51
76	5164.64
77	4805.91
78	4728.65
79	4846.68
80	5173.32
81	4567.08
82	4574.83
83	4648.51
84	4672.6
85	4541.6
86	5355.23
87	4910.14
88	4840.04
89	4643.87
90	4918.19
91	4749.12
92	4876.01
93	5217.5
94	4666.68
95	4777.92
96	5403.83
97	4239.53
98	5107.73
99	4764.55
100	5362.99
101	4980.04
102	5039.48
103	4918.71
104	4880.75
105	4842.6
106	4656.05
107	5165.11
108	5959.22
109	4466.4
110	4987.54
111	4769.78
112	4821.87
113	4184.91
114	4786.02
115	4607.42
116	4370.76
117	4541.43
118	4915.5
119	5351.15
120	5195.65
121	5071.2
122	5050.67
123	4697.69
124	4795.79
125	5044.59
126	5069.96
127	5097.07
128	4214.91
129	5154.72
130	4434.45
131	5047.92
132	4525.63
133	4988.65
134	5327.76
135	4956.04
136	4868.55
137	5324.5
138	5219.71
139	4786.21
140	5021.09
141	4931.07
142	5718.16
143	5112.33
144	4570.61
145	5141.17
146	5046.71
147	5080.38
148	4707.08
149	4758.96
150	4800.82
151	5060.72
152	5149.35
153	4846.92
154	5197.9
155	4854.01
156	5425.53
157	4600.49
158	4833.18
159	5390.89
160	5317.37
161	4757.07
162	4355.29
163	4710.99
164	5715
165	4342.9
166	4384.1
167	4858.9
168	5238.23
169	4726.54
170	5277.29
171	4865.97
172	5477.94
173	4899.54
174	5117.16
175	4710.48
176	5050.72
177	4918.36
178	4989.92
179	4878.85
180	5403.22
181	4685.17
182	4963.58
183	4885.7
184	5386.18
185	5154.76
186	5149.93
187	5690.76
188	4675.13
189	4854.23
190	5169.14
191	5429.46
192	4834.18
193	4770.85
194	5289.81
195	4390.52
196	4942.97
197	5217.62
198	5071.29
199	5097.06
200	5027.02
201	5064.79
202	5246.45
203	4909.68
204	4976.71
205	4621.51
206	4726.09
207	4285.56
208	4457.76
209	4688.21
210	4281.26
211	5104.14
212	4875.86
213	4711.5
214	5415.99
215	5626.35
216	4732.38
217	5448.9
218	5168.08
219	5178.08
220	4832.75
221	4669.19
222	4899.3
223	4923.02
224	4815.87
225	4392.59
226	4653.76
227	4781.55
228	5082.76
229	4952.93
230	5114.24
231	4967.2
232	4669.42
233	4996.59
234	4819.69
235	5339.55
236	4947.94
237	5323
238	5633.44
239	5411.55
240	5030.93
241	4869.83
242	5002.45
243	4872.29
244	4677.47
245	5017.39
246	5021.95
247	5241.25
248	4658.14
249	5627.73
250	5086.85
251	5172.8
252	5508.3
253	5539.89
254	5012.48
255	4775
256	5699.52
257	4792.21
258	4551.21
259	5022.74
260	5083.93
261	5100.62
262	5114.18
263	4912.08
264	5211.25
265	5268.02
266	5088.73
267	5314.33
268	5180.49
269	4916.82
270	4844.84
271	5229.88
272	5217.19
273	5492.22
274	4370.13
275	5498.96
276	5110.05
277	5467.81
278	4672.41
279	5127.67
280	4888.85
281	4760.9
282	5278.1
283	5175.04
284	5455.16
285	5507.81
286	4714.49
287	4886.1
288	5050.94
289	4552.77
290	4482.99
291	4281.05
292	4259.7
293	4536.37
294	4518.06
295	4912.38
296	5101.21
297	4346.69
298	4615.52
299	5390.62
300	5714.96
301	5316.3
302	5133.22
303	5390.49
304	4785.31
305	4932.5
306	4850.49
307	4355.31
308	5316.63
309	4264.05
310	4539.38
311	4985.67
312	5141.4
313	5042.07
314	4801.07
315	5127.83
316	5314.73
317	4564.63
318	4878.86
319	5080.73
320	5231.31
321	4675.38
322	5599.88
323	5248.14
324	5074.44
325	5046.54
326	4780.83
327	4973.06
328	5473.71
329	5499.72
330	5305.28
331	4739.34
332	4914.46
333	4633.4
334	5104.76
335	4105.85
336	5152.8
337	4896.35
338	5308.96
339	4958.01
340	4753.48
341	4772.82
342	4828.53
343	4545.53
344	5369.08
345	4741.79
346	4885.42
347	5502.1
348	5243.44
349	5076.25
350	4661.51
351	4815.95
352	4741.89
353	5548.34
354	4786.69
355	5233.84
356	5008.53
357	4871.46
358	5574.29
359	4426.89
360	4884.16
361	4723.34
362	5743.95
363	5763.65
364	5278.18
365	5092.56
366	5543.61
367	5451.07
368	5325.78
369	5351.1
370	5245.86
371	5155.63
372	5129.25
373	4999.71
374	5948.91
375	5014.82
376	5042.72
377	5084.31
378	5026.28
379	4443.56
380	5201.99
381	5083.61
382	4773.07
383	4895.84
384	4406.31
385	4935.27
386	4794.61
387	5698.1
388	4957.81
389	5056.59
390	5408.31
391	5046.84
392	4286.9
393	4414.69
394	5070.49
395	5693.04
396	4420.98
397	4642.61
398	4655.48
399	5250.17
400	4471.56
401	4534.7
402	5198.59
403	5011.26
404	4327.65
405	4670.48
406	5176.72
407	5227.54
408	4578.16
409	4455.13
410	4771.37
411	4940.45
412	5125.87
413	4960.16
414	4825.98
415	5241.41
416	5586.53
417	4381.08
418	4592.78
419	5133.5
420	4849.11
421	5523.34
422	5234.69
423	5095.26
424	5508.53
425	4617.21
426	4861.74
427	5242.34
428	6025.01
429	4889.65
430	4833.72
431	5698.61
432	5793.97
433	4474.1
434	4955.97
435	5097.49
436	4744.57
437	4713.22
438	5066.3
439	4850.39
440	5486.18
441	5567.6
442	5068.59
443	5240.89
444	4792.1
445	4539.18
446	5479.15
447	4841.66
448	5318.09
449	5201.06
450	4740.26
451	5207.48
452	5115.64
453	4946.45
454	4517.03
455	4883.84
456	4552.97
457	4656.91
458	4878.5
459	4053.08
460	4891.31
461	5141.35
462	5241.11
463	3747.13
464	4755.19
465	4802.9
466	4767.31
467	4559.51
468	5318.47
469	5713.26
470	4554.32
471	4876.29
472	4263.5
473	4556.47
474	4441.75
475	4700.64
476	5028.22
477	4626.83
478	4380.44
479	5479.02
480	4751.44
481	4640.57
482	4421.46
483	4834.28
484	4879.89
485	4524.63
486	5192.85
487	5255.28
488	5541.9
489	5326.65
490	4998.05
491	4463.69
492	5099.88
493	5074.01
494	5309.6
495	4463.48
496	4797.7
497	4081.29
498	4318.12
499	4689.15
500	4282.92
501	4892.15
502	5149.3
503	4513.76
504	4815.27
505	4746.86
506	4517.61
507	3785.05
508	5360.71
509	4940.87
510	5442.55
511	5616.08
512	4942.05
513	5389.52
514	5021.7
515	5045.51
516	5100.48
517	4953.91
518	4815.53
519	5617.27
520	5094.08
521	5276.98
522	5171.84
523	4687.23
524	5113.97
525	5046.38
526	4806.57
527	5219.3
528	5354.56
529	5314.78
530	5145.73
531	5040.23
532	4648.61
533	4948.28
534	4359.41
535	4111.16
536	4438.52
537	4616
538	4774.03
539	4257.62
540	5229.27
541	4370.67
542	4569.23
543	4497.8
544	5051.83
545	4986.6
546	5868.12
547	5620.72
548	5451.54
549	4840.15
550	4872.62
551	4956.29
552	4718.43
553	5031.53
554	5188.59
555	4560.73
556	5302.15
557	4702.29
558	4636.01
559	5702.16
560	5023.98
561	4544.69
562	5061.67
563	5186.09
564	5775.71
565	5222.57
566	4994.22
567	5423.82
568	4639.05
569	4566.35
570	4968.5
571	5608.72
572	5176.76
573	4888.57
574	5236.59
575	4723.77
576	5072.15
577	4665.03
578	5094.06
579	4545.5
580	4775.79
581	4935.63
582	4892.24
583	5057.17
584	4107.23
585	5058.67
586	4604.07
587	4567.66
588	4646.06
589	5336.52
590	3897.09
591	4773.49
592	4864.02
593	5070.69
594	5050.59
595	5233.08
596	5025.84
597	5190.63
598	5093.25
599	4981.53
600	5553.66
