#Frame           RMSF
       1       0.5265
       2       0.4830
       3       0.5451
       4       0.3888
       5       0.5354
       6       0.6705
       7       0.6430
       8       0.5309
       9       0.5698
      10       0.6785
      11       0.6238
      12       0.5608
      13       0.4501
      14       0.5818
      15       0.5704
      16       0.6142
      17       0.6299
      18       0.6090
      19       0.5983
      20       0.8174
      21       0.5555
      22       0.7102
      23       0.4014
      24       0.5570
      25       0.5581
      26       0.4957
      27       0.4392
      28       0.6466
      29       0.5321
      30       0.6175
      31       0.5301
      32       0.6618
      33       0.7120
      34       0.7013
      35       0.6792
      36       0.5741
      37       0.6721
      38       0.7150
      39       0.5927
      40       0.6046
      41       0.7425
      42       0.7113
      43       0.7292
      44       0.4468
      45       0.7005
      46       0.5058
      47       0.4742
      48       0.6601
      49       0.6966
      50       0.5713
      51       0.7724
      52       0.7243
      53       0.5422
      54       0.3952
      55       0.7136
      56       0.6241
      57       0.5024
      58       0.5822
      59       0.6892
      60       0.6416
      61       0.7395
      62       0.5439
      63       0.6596
      64       0.7542
      65       0.5802
      66       0.7107
      67       0.5534
      68       0.6182
      69       0.6425
      70       0.5229
      71       0.4962
      72       0.6660
      73       0.7306
      74       0.7630
      75       0.6507
      76       0.5966
      77       0.7810
      78       0.6390
      79       0.8055
      80       0.6234
      81       0.5465
      82       0.5321
      83       0.4205
      84       0.5905
      85       0.5114
      86       0.5232
      87       0.4968
      88       0.8028
      89       0.5781
      90       0.5226
      91       0.5088
      92       0.5118
      93       0.8998
      94       0.6860
      95       0.4759
      96       0.5931
      97       0.8325
      98       0.4219
      99       0.8053
     100       0.7317
     101       0.4594
     102       0.5624
     103       0.6640
     104       0.7019
     105       0.6307
     106       0.6248
     107       0.6369
     108       0.5918
     109       0.5460
     110       0.5712
     111       0.4956
     112       0.7350
     113       0.6951
     114       0.6980
     115       0.5103
     116       0.6850
     117       0.6378
     118       0.7103
     119       0.6579
     120       0.7014
     121       0.7817
     122       0.6694
     123       0.5052
     124       0.6525
     125       0.5306
     126       0.5702
     127       0.4827
     128       0.5827
     129       0.6339
     130       0.5054
     131       0.5727
     132       0.5108
     133       0.6645
     134       0.5816
     135       0.6744
     136       0.7601
     137       0.7669
     138       0.5781
     139       0.8019
     140       0.7831
     141       0.8297
     142       0.7829
     143       0.8209
     144       0.8247
     145       0.8345
     146       0.7971
     147       0.6895
     148       0.6797
     149       0.5302
     150       0.4731
     151       0.7684
     152       0.5733
     153       0.6074
     154       0.6312
     155       0.4572
     156       0.7107
     157       0.6409
     158       0.4566
     159       0.5235
     160       0.5448
     161       0.5761
     162       0.4570
     163       0.6323
     164       0.4065
     165       0.6767
     166       0.7434
     167       0.5220
     168       0.6339
     169       0.7712
     170       0.5233
     171       0.5978
     172       0.7923
     173       0.6465
     174       0.5256
     175       0.6119
     176       0.5388
     177       0.4753
     178       0.5612
     179       0.5276
     180       0.5949
     181       0.7742
     182       0.6351
     183       0.7323
     184       0.4561
     185       0.6138
     186       0.7196
     187       0.8293
     188       0.5710
     189       0.6107
     190       0.7391
     191       0.7150
     192       0.5942
     193       0.7775
     194       0.6168
     195       0.6784
     196       0.5778
     197       0.7419
     198       0.7322
     199       0.5666
     200       0.7600
     201       0.5011
     202       0.5898
     203       0.4609
     204       0.6455
     205       0.6811
     206       0.8210
     207       0.8698
     208       0.8728
     209       0.6474
     210       0.6227
     211       1.0461
     212       0.6862
     213       0.7742
     214       0.6752
     215       0.8162
     216       0.6879
     217       0.7082
     218       0.7700
     219       0.7243
     220       0.7058
     221       0.9422
     222       0.7375
     223       0.7734
     224       0.5812
     225       0.8577
     226       0.6538
     227       0.7756
     228       1.0148
     229       0.7642
     230       0.7426
     231       0.7226
     232       0.5838
     233       0.7728
     234       0.6864
     235       0.5317
     236       0.7194
     237       0.7028
     238       0.5538
     239       0.5935
     240       0.8161
     241       0.6588
     242       0.8332
     243       1.0651
     244       0.8470
     245       0.9362
     246       0.5803
     247       1.0141
     248       0.9552
     249       0.8325
     250       0.8753
     251       1.0833
     252       0.7638
     253       1.0291
     254       0.9472
     255       0.6784
     256       0.7853
     257       0.8450
     258       1.1160
     259       0.9549
     260       0.8105
     261       1.1148
     262       1.2420
     263       0.9768
     264       0.7298
     265       1.0343
     266       0.9290
     267       1.0944
     268       1.0519
     269       1.1899
     270       1.1358
     271       1.3258
     272       1.0861
     273       1.0497
     274       1.0576
     275       0.9928
     276       0.9531
     277       1.1752
     278       1.0717
     279       1.0865
     280       1.0737
     281       1.2748
     282       1.2711
     283       1.2655
     284       1.0788
     285       1.0573
     286       1.1116
     287       0.8355
     288       0.9031
     289       0.9974
     290       1.0111
     291       0.9122
     292       0.9287
     293       1.1216
     294       0.9054
     295       1.0924
     296       1.1808
     297       1.1393
     298       1.2629
     299       1.1960
     300       1.3693
     301       0.9820
     302       1.0637
     303       1.2013
     304       1.2039
     305       1.1496
     306       1.1499
     307       0.9080
     308       0.9947
     309       0.9509
     310       0.9993
     311       0.7347
     312       0.8291
     313       0.8174
     314       0.5423
     315       0.8390
     316       0.9884
     317       0.7459
     318       0.7009
     319       0.8732
     320       0.9434
     321       1.0015
     322       0.8309
     323       0.7374
     324       0.7101
     325       0.7828
     326       0.6331
     327       0.5851
     328       0.6919
     329       0.7515
     330       0.7070
     331       0.6510
     332       0.5670
     333       0.5704
     334       0.4815
     335       0.5545
     336       0.5452
     337       0.4947
     338       0.4930
     339       0.5736
     340       0.4914
     341       0.5738
     342       0.5990
     343       0.7292
     344       0.4993
     345       0.4813
     346       0.5164
     347       0.5927
     348       0.7592
     349       0.7340
     350       0.6847
     351       0.6624
     352       0.6612
     353       0.6668
     354       0.6156
     355       0.6911
     356       0.7464
     357       0.4625
     358       0.6691
     359       0.6942
     360       0.5399
     361       0.6368
     362       0.5064
     363       0.5971
     364       0.5664
     365       0.7716
     366       0.7026
     367       0.5983
     368       0.6174
     369       0.7201
     370       0.6561
     371       0.7499
     372       0.5229
     373       0.7130
     374       0.5350
     375       0.5513
     376       0.5519
     377       0.6652
     378       0.4006
     379       0.5704
     380       0.5003
     381       0.5685
     382       0.6018
     383       0.5778
     384       0.6681
     385       0.5424
     386       0.6954
     387       0.6041
     388       0.5105
     389       0.4725
     390       0.5407
     391       0.6867
     392       0.5848
     393       0.7267
     394       0.4206
     395       0.5948
     396       0.4012
     397       0.4786
     398       0.6377
     399       0.6478
     400       0.7230
     401       0.7070
     402       0.8747
     403       0.4039
     404       0.5302
     405       0.6610
     406       0.8031
     407       0.6281
     408       0.6553
     409       0.5489
     410       0.4598
     411       0.5229
     412       0.5330
     413       0.4896
     414       0.6556
     415       0.5756
     416       0.6273
     417       0.6326
     418       0.5469
     419       0.4477
     420       0.7273
     421       0.5253
     422       0.5559
     423       0.4567
     424       0.5985
     425       0.5405
     426       0.7161
     427       0.4471
     428       0.6613
     429       0.6151
     430       0.6618
     431       0.6808
     432       0.8847
     433       0.7352
     434       0.5312
     435       0.5695
     436       0.6328
     437       0.4391
     438       0.5915
     439       0.6983
     440       0.7211
     441       0.5643
     442       0.6581
     443       0.5660
     444       0.6913
     445       0.5544
     446       0.5031
     447       0.5565
     448       0.5256
     449       0.5494
     450       0.6202
     451       0.5870
     452       0.3993
     453       0.4818
     454       0.5068
     455       0.5579
     456       0.5247
     457       0.4463
     458       0.5238
     459       0.5207
     460       0.4559
     461       0.6445
     462       0.6288
     463       0.5213
     464       0.4951
     465       0.4409
     466       0.5179
     467       0.4426
     468       0.6586
     469       0.6104
     470       0.5440
     471       0.7665
     472       0.5489
     473       0.7427
     474       0.4587
     475       0.4789
     476       0.5454
     477       0.5607
     478       0.6622
     479       0.5385
     480       0.6796
     481       0.6889
     482       0.5700
     483       0.6972
     484       0.6554
     485       0.7484
     486       0.8337
     487       0.6863
     488       0.7377
     489       0.7381
     490       0.6741
     491       0.6067
     492       0.7063
     493       0.7228
     494       0.7753
     495       0.7352
     496       0.5781
     497       0.5595
     498       0.7080
     499       0.6612
     500       0.5984
     501       0.5400
     502       0.7059
     503       0.6626
     504       0.8006
     505       0.5780
     506       0.8739
     507       0.6012
     508       0.4578
     509       0.4359
     510       0.4922
     511       0.5935
     512       0.6861
     513       0.5349
     514       0.6124
     515       0.5691
     516       0.4808
     517       0.5007
     518       0.4365
     519       0.5880
     520       0.6106
     521       0.6802
     522       0.4999
     523       0.5295
     524       0.6583
     525       0.7377
     526       0.5171
     527       0.5015
     528       0.4826
     529       0.4806
     530       0.5383
     531       0.6043
     532       0.5630
     533       0.5847
     534       0.6441
     535       0.3957
     536       0.5901
     537       0.5932
     538       0.6143
     539       0.6356
     540       0.6969
     541       0.4817
     542       0.4691
     543       0.6199
     544       0.7440
     545       0.6566
     546       0.6465
     547       0.5785
     548       0.5724
     549       0.5526
     550       0.5221
     551       0.8305
     552       0.6529
     553       0.6846
     554       0.5938
     555       0.5498
     556       0.6374
     557       0.5293
     558       0.4609
     559       0.5019
     560       0.5095
     561       0.6357
     562       0.5167
     563       0.3624
     564       0.5491
     565       0.6640
     566       0.6295
     567       0.4191
     568       0.5996
     569       0.5463
     570       0.6813
     571       0.5051
     572       0.7252
     573       0.4570
     574       0.5899
     575       0.5192
     576       0.4112
     577       0.4503
     578       0.9311
     579       0.6512
     580       0.5246
     581       0.4366
     582       0.5815
     583       0.5624
     584       0.7578
     585       0.5017
     586       0.6280
     587       0.6133
     588       0.4789
     589       0.6052
     590       1.0801
     591       0.4845
     592       0.6130
     593       0.6188
     594       0.6862
     595       0.5372
     596       0.9979
     597       1.1755
     598       0.7777
     599       0.8295
     600       0.9194
