#Frame           RMSD
       1       0.0000
       2       0.1108
       3       0.1076
       4       0.1061
       5       0.1089
       6       0.1067
       7       0.1140
       8       0.1073
       9       0.1073
      10       0.1094
      11       0.1085
      12       0.1122
      13       0.1153
      14       0.1077
      15       0.1082
      16       0.1080
      17       0.1077
      18       0.1091
      19       0.1083
      20       0.1098
      21       0.1101
      22       0.1103
      23       0.1086
      24       0.1066
      25       0.1127
      26       0.1093
      27       0.1137
      28       0.1089
      29       0.1079
      30       0.1073
      31       0.1083
      32       0.1067
      33       0.1103
      34       0.1141
      35       0.1114
      36       0.1126
      37       0.1106
      38       0.1084
      39       0.1098
      40       0.1087
      41       0.1115
      42       0.1107
      43       0.1092
      44       0.1125
      45       0.1113
      46       0.1092
      47       0.1108
      48       0.1136
      49       0.1089
      50       0.1062
      51       0.1087
      52       0.1100
      53       0.1062
      54       0.1122
      55       0.1104
      56       0.1103
      57       0.1119
      58       0.1104
      59       0.1141
      60       0.1092
      61       0.1097
      62       0.1099
      63       0.1119
      64       0.1044
      65       0.1119
      66       0.1084
      67       0.1098
      68       0.1093
      69       0.1133
      70       0.1074
      71       0.1101
      72       0.1120
      73       0.1111
      74       0.1135
      75       0.1075
      76       0.1082
      77       0.1057
      78       0.1060
      79       0.1126
      80       0.1120
      81       0.1074
      82       0.1148
      83       0.1087
      84       0.1074
      85       0.1098
      86       0.1061
      87       0.1079
      88       0.1110
      89       0.1099
      90       0.1062
      91       0.1098
      92       0.1125
      93       0.1147
      94       0.1108
      95       0.1078
      96       0.1086
      97       0.1096
      98       0.1125
      99       0.1114
     100       0.1116
     101       0.1264
     102       0.1229
     103       0.1255
     104       0.1284
     105       0.1318
     106       0.1258
     107       0.1272
     108       0.1255
     109       0.1272
     110       0.1266
     111       0.1266
     112       0.1273
     113       0.1289
     114       0.1252
     115       0.1251
     116       0.1273
     117       0.1276
     118       0.1243
     119       0.1227
     120       0.1242
     121       0.1257
     122       0.1261
     123       0.1205
     124       0.1231
     125       0.1248
     126       0.1272
     127       0.1267
     128       0.1275
     129       0.1261
     130       0.1330
     131       0.1275
     132       0.1280
     133       0.1280
     134       0.1240
     135       0.1229
     136       0.1264
     137       0.1287
     138       0.1308
     139       0.1301
     140       0.1218
     141       0.1283
     142       0.1208
     143       0.1257
     144       0.1241
     145       0.1303
     146       0.1314
     147       0.1317
     148       0.1283
     149       0.1309
     150       0.1280
     151       0.1206
     152       0.1264
     153       0.1260
     154       0.1262
     155       0.1242
     156       0.1277
     157       0.1219
     158       0.1257
     159       0.1262
     160       0.1277
     161       0.1222
     162       0.1215
     163       0.1234
     164       0.1249
     165       0.1242
     166       0.1271
     167       0.1253
     168       0.1245
     169       0.1306
     170       0.1255
     171       0.1288
     172       0.1236
     173       0.1276
     174       0.1299
     175       0.1211
     176       0.1237
     177       0.1220
     178       0.1282
     179       0.1205
     180       0.1256
     181       0.1265
     182       0.1275
     183       0.1287
     184       0.1268
     185       0.1268
     186       0.1270
     187       0.1226
     188       0.1237
     189       0.1294
     190       0.1264
     191       0.1254
     192       0.1276
     193       0.1244
     194       0.1251
     195       0.1217
     196       0.1264
     197       0.1247
     198       0.1236
     199       0.1252
     200       0.1209
     201       0.1371
     202       0.1360
     203       0.1360
     204       0.1383
     205       0.1414
     206       0.1454
     207       0.1367
     208       0.1418
     209       0.1425
     210       0.1461
     211       0.1350
     212       0.1444
     213       0.1382
     214       0.1381
     215       0.1353
     216       0.1372
     217       0.1411
     218       0.1437
     219       0.1412
     220       0.1375
     221       0.1379
     222       0.1418
     223       0.1348
     224       0.1377
     225       0.1351
     226       0.1370
     227       0.1403
     228       0.1310
     229       0.1412
     230       0.1359
     231       0.1441
     232       0.1383
     233       0.1361
     234       0.1350
     235       0.1368
     236       0.1432
     237       0.1345
     238       0.1314
     239       0.1404
     240       0.1347
     241       0.1364
     242       0.1404
     243       0.1395
     244       0.1343
     245       0.1327
     246       0.1385
     247       0.1404
     248       0.1384
     249       0.1356
     250       0.1409
     251       0.1413
     252       0.1393
     253       0.1397
     254       0.1395
     255       0.1400
     256       0.1411
     257       0.1354
     258       0.1369
     259       0.1367
     260       0.1403
     261       0.1325
     262       0.1348
     263       0.1384
     264       0.1377
     265       0.1382
     266       0.1361
     267       0.1335
     268       0.1357
     269       0.1401
     270       0.1376
     271       0.1392
     272       0.1433
     273       0.1390
     274       0.1368
     275       0.1386
     276       0.1359
     277       0.1320
     278       0.1387
     279       0.1376
     280       0.1425
     281       0.1372
     282       0.1471
     283       0.1402
     284       0.1437
     285       0.1367
     286       0.1429
     287       0.1399
     288       0.1394
     289       0.1407
     290       0.1450
     291       0.1424
     292       0.1420
     293       0.1329
     294       0.1441
     295       0.1372
     296       0.1391
     297       0.1378
     298       0.1377
     299       0.1373
     300       0.1439
     301       0.1502
     302       0.1536
     303       0.1519
     304       0.1502
     305       0.1503
     306       0.1565
     307       0.1557
     308       0.1541
     309       0.1549
     310       0.1514
     311       0.1542
     312       0.1521
     313       0.1520
     314       0.1555
     315       0.1547
     316       0.1612
     317       0.1539
     318       0.1494
     319       0.1549
     320       0.1554
     321       0.1527
     322       0.1497
     323       0.1544
     324       0.1548
     325       0.1480
     326       0.1560
     327       0.1558
     328       0.1535
     329       0.1545
     330       0.1492
     331       0.1548
     332       0.1550
     333       0.1499
     334       0.1504
     335       0.1539
     336       0.1563
     337       0.1518
     338       0.1560
     339       0.1516
     340       0.1485
     341       0.1607
     342       0.1554
     343       0.1530
     344       0.1555
     345       0.1521
     346       0.1543
     347       0.1545
     348       0.1484
     349       0.1512
     350       0.1494
     351       0.1567
     352       0.1508
     353       0.1548
     354       0.1552
     355       0.1521
     356       0.1519
     357       0.1516
     358       0.1506
     359       0.1474
     360       0.1537
     361       0.1508
     362       0.1558
     363       0.1549
     364       0.1560
     365       0.1542
     366       0.1518
     367       0.1569
     368       0.1542
     369       0.1500
     370       0.1560
     371       0.1500
     372       0.1504
     373       0.1570
     374       0.1569
     375       0.1556
     376       0.1562
     377       0.1505
     378       0.1578
     379       0.1601
     380       0.1556
     381       0.1573
     382       0.1531
     383       0.1506
     384       0.1565
     385       0.1571
     386       0.1498
     387       0.1530
     388       0.1557
     389       0.1521
     390       0.1550
     391       0.1546
     392       0.1484
     393       0.1554
     394       0.1564
     395       0.1538
     396       0.1494
     397       0.1507
     398       0.1612
     399       0.1567
     400       0.1572
     401       0.1607
     402       0.1683
     403       0.1657
     404       0.1654
     405       0.1684
     406       0.1638
     407       0.1689
     408       0.1687
     409       0.1675
     410       0.1697
     411       0.1683
     412       0.1703
     413       0.1595
     414       0.1658
     415       0.1679
     416       0.1701
     417       0.1653
     418       0.1634
     419       0.1701
     420       0.1654
     421       0.1656
     422       0.1668
     423       0.1681
     424       0.1725
     425       0.1689
     426       0.1640
     427       0.1680
     428       0.1633
     429       0.1714
     430       0.1717
     431       0.1632
     432       0.1620
     433       0.1663
     434       0.1649
     435       0.1752
     436       0.1609
     437       0.1680
     438       0.1636
     439       0.1635
     440       0.1677
     441       0.1643
     442       0.1721
     443       0.1656
     444       0.1615
     445       0.1727
     446       0.1689
     447       0.1646
     448       0.1651
     449       0.1620
     450       0.1624
     451       0.1615
     452       0.1638
     453       0.1676
     454       0.1619
     455       0.1662
     456       0.1721
     457       0.1733
     458       0.1664
     459       0.1694
     460       0.1729
     461       0.1714
     462       0.1682
     463       0.1687
     464       0.1629
     465       0.1633
     466       0.1685
     467       0.1609
     468       0.1643
     469       0.1664
     470       0.1665
     471       0.1655
     472       0.1661
     473       0.1706
     474       0.1637
     475       0.1649
     476       0.1617
     477       0.1730
     478       0.1643
     479       0.1655
     480       0.1675
     481       0.1625
     482       0.1625
     483       0.1647
     484       0.1711
     485       0.1698
     486       0.1597
     487       0.1694
     488       0.1701
     489       0.1729
     490       0.1681
     491       0.1663
     492       0.1655
     493       0.1675
     494       0.1668
     495       0.1676
     496       0.1596
     497       0.1644
     498       0.1740
     499       0.1637
     500       0.1704
     501       0.1721
     502       0.1784
     503       0.1810
     504       0.1806
     505       0.1805
     506       0.1858
     507       0.1771
     508       0.1804
     509       0.1791
     510       0.1783
     511       0.1776
     512       0.1768
     513       0.1767
     514       0.1753
     515       0.1824
     516       0.1777
     517       0.1823
     518       0.1670
     519       0.1821
     520       0.1796
     521       0.1830
     522       0.1840
     523       0.1875
     524       0.1767
     525       0.1826
     526       0.1767
     527       0.1825
     528       0.1778
     529       0.1794
     530       0.1812
     531       0.1756
     532       0.1815
     533       0.1831
     534       0.1793
     535       0.1807
     536       0.1758
     537       0.1791
     538       0.1771
     539       0.1800
     540       0.1740
     541       0.1799
     542       0.1807
     543       0.1824
     544       0.1819
     545       0.1793
     546       0.1812
     547       0.1812
     548       0.1810
     549       0.1780
     550       0.1875
     551       0.1752
     552       0.1875
     553       0.1770
     554       0.1756
     555       0.1705
     556       0.1783
     557       0.1751
     558       0.1752
     559       0.1822
     560       0.1790
     561       0.1798
     562       0.1774
     563       0.1804
     564       0.1739
     565       0.1804
     566       0.1765
     567       0.1756
     568       0.1796
     569       0.1798
     570       0.1814
     571       0.1748
     572       0.1796
     573       0.1815
     574       0.1788
     575       0.1796
     576       0.1846
     577       0.1772
     578       0.1799
     579       0.1732
     580       0.1809
     581       0.1831
     582       0.1816
     583       0.1787
     584       0.1728
     585       0.1745
     586       0.1845
     587       0.1784
     588       0.1776
     589       0.1766
     590       0.1768
     591       0.1750
     592       0.1809
     593       0.1806
     594       0.1788
     595       0.1805
     596       0.1784
     597       0.1806
     598       0.1791
     599       0.1788
     600       0.1778
     601       0.1908
     602       0.1879
     603       0.1876
     604       0.1902
     605       0.1890
     606       0.1848
     607       0.1889
     608       0.1853
     609       0.1918
     610       0.1863
     611       0.1817
     612       0.1844
     613       0.1857
     614       0.1892
     615       0.1898
     616       0.1833
     617       0.1875
     618       0.1923
     619       0.1885
     620       0.1868
     621       0.1884
     622       0.1929
     623       0.1817
     624       0.1853
     625       0.1834
     626       0.1847
     627       0.1879
     628       0.1886
     629       0.1865
     630       0.1897
     631       0.1970
     632       0.1882
     633       0.1892
     634       0.1883
     635       0.1888
     636       0.1862
     637       0.1881
     638       0.1858
     639       0.1884
     640       0.1794
     641       0.1846
     642       0.1907
     643       0.1939
     644       0.1847
     645       0.1873
     646       0.1895
     647       0.1860
     648       0.1894
     649       0.1874
     650       0.1884
     651       0.1945
     652       0.1955
     653       0.1892
     654       0.1928
     655       0.1858
     656       0.1838
     657       0.1814
     658       0.1906
     659       0.1849
     660       0.1882
     661       0.1866
     662       0.1896
     663       0.1866
     664       0.1871
     665       0.1880
     666       0.1862
     667       0.1870
     668       0.1894
     669       0.1901
     670       0.1930
     671       0.1846
     672       0.1847
     673       0.1878
     674       0.1830
     675       0.1919
     676       0.1925
     677       0.1888
     678       0.1880
     679       0.1914
     680       0.1872
     681       0.1907
     682       0.1930
     683       0.1886
     684       0.1918
     685       0.1850
     686       0.1927
     687       0.1885
     688       0.1899
     689       0.1859
     690       0.1864
     691       0.1924
     692       0.1923
     693       0.1900
     694       0.1898
     695       0.1848
     696       0.1874
     697       0.1899
     698       0.1876
     699       0.1899
     700       0.1894
     701       0.2032
     702       0.2056
     703       0.2090
     704       0.2066
     705       0.2159
     706       0.2019
     707       0.2105
     708       0.2038
     709       0.1977
     710       0.2023
     711       0.2064
     712       0.2091
     713       0.2153
     714       0.2038
     715       0.2089
     716       0.2082
     717       0.1992
     718       0.2039
     719       0.2063
     720       0.2088
     721       0.2011
     722       0.2056
     723       0.2052
     724       0.2028
     725       0.2064
     726       0.2137
     727       0.2090
     728       0.2076
     729       0.2045
     730       0.2029
     731       0.1985
     732       0.2025
     733       0.1997
     734       0.2011
     735       0.1998
     736       0.1973
     737       0.2033
     738       0.2058
     739       0.1971
     740       0.2059
     741       0.2089
     742       0.2022
     743       0.2039
     744       0.2074
     745       0.2067
     746       0.2032
     747       0.2033
     748       0.2040
     749       0.2008
     750       0.2011
     751       0.2100
     752       0.2028
     753       0.2057
     754       0.2033
     755       0.2039
     756       0.2013
     757       0.2078
     758       0.1999
     759       0.2033
     760       0.2044
     761       0.2013
     762       0.1941
     763       0.2050
     764       0.1952
     765       0.2112
     766       0.2108
     767       0.2031
     768       0.2033
     769       0.2045
     770       0.2063
     771       0.2080
     772       0.2125
     773       0.2098
     774       0.2031
     775       0.2091
     776       0.2079
     777       0.2105
     778       0.2037
     779       0.2055
     780       0.2070
     781       0.2058
     782       0.2046
     783       0.2088
     784       0.2037
     785       0.2010
     786       0.2032
     787       0.1979
     788       0.2025
     789       0.1990
     790       0.1957
     791       0.2052
     792       0.2127
     793       0.1966
     794       0.2004
     795       0.2032
     796       0.2099
     797       0.2040
     798       0.2006
     799       0.2056
     800       0.2018
     801       0.2187
     802       0.2241
     803       0.2171
     804       0.2160
     805       0.2153
     806       0.2171
     807       0.2153
     808       0.2164
     809       0.2076
     810       0.2193
     811       0.2138
     812       0.2142
     813       0.2083
     814       0.2136
     815       0.2167
     816       0.2159
     817       0.2203
     818       0.2204
     819       0.2209
     820       0.2164
     821       0.2180
     822       0.2117
     823       0.2173
     824       0.2055
     825       0.2173
     826       0.2185
     827       0.2157
     828       0.2148
     829       0.2151
     830       0.2169
     831       0.2097
     832       0.2158
     833       0.2171
     834       0.2134
     835       0.2149
     836       0.2208
     837       0.2219
     838       0.2167
     839       0.2189
     840       0.2217
     841       0.2225
     842       0.2096
     843       0.2195
     844       0.2182
     845       0.2232
     846       0.2140
     847       0.2131
     848       0.2218
     849       0.2170
     850       0.2063
     851       0.2160
     852       0.2167
     853       0.2123
     854       0.2187
     855       0.2258
     856       0.2233
     857       0.2162
     858       0.2227
     859       0.2210
     860       0.2185
     861       0.2203
     862       0.2238
     863       0.2223
     864       0.2190
     865       0.2142
     866       0.2155
     867       0.2135
     868       0.2173
     869       0.2154
     870       0.2286
     871       0.2282
     872       0.2213
     873       0.2229
     874       0.2170
     875       0.2286
     876       0.2264
     877       0.2277
     878       0.2164
     879       0.2131
     880       0.2087
     881       0.2250
     882       0.2119
     883       0.2211
     884       0.2194
     885       0.2257
     886       0.2167
     887       0.2219
     888       0.2180
     889       0.2217
     890       0.2190
     891       0.2204
     892       0.2250
     893       0.2179
     894       0.2255
     895       0.2246
     896       0.2183
     897       0.2194
     898       0.2272
     899       0.2228
     900       0.2236
     901       0.2391
     902       0.2460
     903       0.2413
     904       0.2424
     905       0.2323
     906       0.2352
     907       0.2349
     908       0.2446
     909       0.2360
     910       0.2371
     911       0.2331
     912       0.2360
     913       0.2437
     914       0.2449
     915       0.2390
     916       0.2449
     917       0.2388
     918       0.2332
     919       0.2375
     920       0.2481
     921       0.2415
     922       0.2413
     923       0.2270
     924       0.2366
     925       0.2379
     926       0.2360
     927       0.2308
     928       0.2418
     929       0.2340
     930       0.2302
     931       0.2399
     932       0.2377
     933       0.2314
     934       0.2423
     935       0.2457
     936       0.2440
     937       0.2414
     938       0.2395
     939       0.2450
     940       0.2387
     941       0.2411
     942       0.2312
     943       0.2403
     944       0.2359
     945       0.2406
     946       0.2423
     947       0.2447
     948       0.2355
     949       0.2426
     950       0.2361
     951       0.2382
     952       0.2411
     953       0.2346
     954       0.2384
     955       0.2396
     956       0.2304
     957       0.2279
     958       0.2387
     959       0.2345
     960       0.2454
     961       0.2341
     962       0.2299
     963       0.2419
     964       0.2384
     965       0.2420
     966       0.2388
     967       0.2451
     968       0.2428
     969       0.2435
     970       0.2305
     971       0.2472
     972       0.2449
     973       0.2423
     974       0.2367
     975       0.2395
     976       0.2389
     977       0.2391
     978       0.2452
     979       0.2454
     980       0.2422
     981       0.2481
     982       0.2458
     983       0.2492
     984       0.2353
     985       0.2463
     986       0.2475
     987       0.2447
     988       0.2391
     989       0.2293
     990       0.2354
     991       0.2406
     992       0.2335
     993       0.2346
     994       0.2405
     995       0.2449
     996       0.2343
     997       0.2332
     998       0.2496
     999       0.2458
    1000       0.2368
    1001       0.2481
    1002       0.2548
    1003       0.2546
    1004       0.2607
    1005       0.2640
    1006       0.2498
    1007       0.2489
    1008       0.2492
    1009       0.2405
    1010       0.2511
    1011       0.2492
    1012       0.2459
    1013       0.2563
    1014       0.2504
    1015       0.2548
    1016       0.2474
    1017       0.2564
    1018       0.2511
    1019       0.2584
    1020       0.2571
    1021       0.2462
    1022       0.2547
    1023       0.2492
    1024       0.2536
    1025       0.2634
    1026       0.2499
    1027       0.2556
    1028       0.2555
    1029       0.2518
    1030       0.2534
    1031       0.2468
    1032       0.2581
    1033       0.2466
    1034       0.2498
    1035       0.2532
    1036       0.2583
    1037       0.2472
    1038       0.2456
    1039       0.2489
    1040       0.2580
    1041       0.2563
    1042       0.2560
    1043       0.2549
    1044       0.2516
    1045       0.2440
    1046       0.2556
    1047       0.2560
    1048       0.2518
    1049       0.2451
    1050       0.2491
    1051       0.2609
    1052       0.2478
    1053       0.2583
    1054       0.2517
    1055       0.2484
    1056       0.2545
    1057       0.2561
    1058       0.2495
    1059       0.2430
    1060       0.2522
    1061       0.2491
    1062       0.2513
    1063       0.2516
    1064       0.2445
    1065       0.2531
    1066       0.2551
    1067       0.2538
    1068       0.2418
    1069       0.2531
    1070       0.2493
    1071       0.2538
    1072       0.2444
    1073       0.2498
    1074       0.2521
    1075       0.2484
    1076       0.2639
    1077       0.2562
    1078       0.2488
    1079       0.2503
    1080       0.2542
    1081       0.2381
    1082       0.2488
    1083       0.2586
    1084       0.2565
    1085       0.2454
    1086       0.2498
    1087       0.2531
    1088       0.2514
    1089       0.2569
    1090       0.2493
    1091       0.2542
    1092       0.2474
    1093       0.2580
    1094       0.2511
    1095       0.2570
    1096       0.2528
    1097       0.2455
    1098       0.2527
    1099       0.2518
    1100       0.2476
    1101       0.2589
    1102       0.2642
    1103       0.2567
    1104       0.2636
    1105       0.2677
    1106       0.2642
    1107       0.2650
    1108       0.2536
    1109       0.2729
    1110       0.2593
    1111       0.2658
    1112       0.2611
    1113       0.2705
    1114       0.2533
    1115       0.2574
    1116       0.2588
    1117       0.2645
    1118       0.2617
    1119       0.2618
    1120       0.2557
    1121       0.2619
    1122       0.2630
    1123       0.2597
    1124       0.2600
    1125       0.2623
    1126       0.2668
    1127       0.2684
    1128       0.2641
    1129       0.2662
    1130       0.2604
    1131       0.2642
    1132       0.2614
    1133       0.2650
    1134       0.2664
    1135       0.2582
    1136       0.2580
    1137       0.2638
    1138       0.2601
    1139       0.2607
    1140       0.2711
    1141       0.2617
    1142       0.2746
    1143       0.2628
    1144       0.2528
    1145       0.2612
    1146       0.2506
    1147       0.2580
    1148       0.2657
    1149       0.2549
    1150       0.2625
    1151       0.2638
    1152       0.2656
    1153       0.2575
    1154       0.2646
    1155       0.2678
    1156       0.2637
    1157       0.2597
    1158       0.2545
    1159       0.2667
    1160       0.2577
    1161       0.2593
    1162       0.2636
    1163       0.2570
    1164       0.2650
    1165       0.2535
    1166       0.2619
    1167       0.2624
    1168       0.2599
    1169       0.2613
    1170       0.2638
    1171       0.2528
    1172       0.2696
    1173       0.2579
    1174       0.2579
    1175       0.2657
    1176       0.2614
    1177       0.2679
    1178       0.2667
    1179       0.2621
    1180       0.2674
    1181       0.2668
    1182       0.2561
    1183       0.2644
    1184       0.2625
    1185       0.2707
    1186       0.2521
    1187       0.2595
    1188       0.2587
    1189       0.2552
    1190       0.2534
    1191       0.2678
    1192       0.2630
    1193       0.2604
    1194       0.2643
    1195       0.2590
    1196       0.2624
    1197       0.2652
    1198       0.2636
    1199       0.2578
    1200       0.2559
    1201       0.2727
    1202       0.2757
    1203       0.2694
    1204       0.2758
    1205       0.2693
    1206       0.2667
    1207       0.2725
    1208       0.2756
    1209       0.2824
    1210       0.2671
    1211       0.2779
    1212       0.2663
    1213       0.2656
    1214       0.2810
    1215       0.2781
    1216       0.2739
    1217       0.2838
    1218       0.2741
    1219       0.2714
    1220       0.2682
    1221       0.2677
    1222       0.2666
    1223       0.2757
    1224       0.2739
    1225       0.2812
    1226       0.2761
    1227       0.2750
    1228       0.2811
    1229       0.2713
    1230       0.2725
    1231       0.2718
    1232       0.2877
    1233       0.2732
    1234       0.2855
    1235       0.2746
    1236       0.2764
    1237       0.2850
    1238       0.2807
    1239       0.2745
    1240       0.2733
    1241       0.2839
    1242       0.2780
    1243       0.2720
    1244       0.2769
    1245       0.2720
    1246       0.2823
    1247       0.2720
    1248       0.2706
    1249       0.2767
    1250       0.2770
    1251       0.2728
    1252       0.2810
    1253       0.2730
    1254       0.2776
    1255       0.2743
    1256       0.2610
    1257       0.2790
    1258       0.2709
    1259       0.2872
    1260       0.2675
    1261       0.2793
    1262       0.2721
    1263       0.2735
    1264       0.2578
    1265       0.2876
    1266       0.2814
    1267       0.2649
    1268       0.2692
    1269       0.2734
    1270       0.2785
    1271       0.2810
    1272       0.2687
    1273       0.2815
    1274       0.2733
    1275       0.2764
    1276       0.2777
    1277       0.2715
    1278       0.2763
    1279       0.2843
    1280       0.2781
    1281       0.2893
    1282       0.2797
    1283       0.2794
    1284       0.2628
    1285       0.2715
    1286       0.2669
    1287       0.2775
    1288       0.2785
    1289       0.2738
    1290       0.2763
    1291       0.2668
    1292       0.2726
    1293       0.2804
    1294       0.2646
    1295       0.2720
    1296       0.2764
    1297       0.2781
    1298       0.2795
    1299       0.2617
    1300       0.2685
    1301       0.2842
    1302       0.2759
    1303       0.2820
    1304       0.2805
    1305       0.2842
    1306       0.2671
    1307       0.2947
    1308       0.2767
    1309       0.2803
    1310       0.2869
    1311       0.2888
    1312       0.2719
    1313       0.2872
    1314       0.2890
    1315       0.2928
    1316       0.2784
    1317       0.2896
    1318       0.2873
    1319       0.2869
    1320       0.2779
    1321       0.2813
    1322       0.2718
    1323       0.2885
    1324       0.2870
    1325       0.2873
    1326       0.2706
    1327       0.2932
    1328       0.2839
    1329       0.2799
    1330       0.2898
    1331       0.2803
    1332       0.2950
    1333       0.2925
    1334       0.2905
    1335       0.2863
    1336       0.2798
    1337       0.2907
    1338       0.2744
    1339       0.2744
    1340       0.2822
    1341       0.2742
    1342       0.2865
    1343       0.2766
    1344       0.2929
    1345       0.2812
    1346       0.2851
    1347       0.2786
    1348       0.2872
    1349       0.2888
    1350       0.2815
    1351       0.2895
    1352       0.3003
    1353       0.2850
    1354       0.2907
    1355       0.2845
    1356       0.2727
    1357       0.2922
    1358       0.2801
    1359       0.3010
    1360       0.2877
    1361       0.2830
    1362       0.2861
    1363       0.2900
    1364       0.2864
    1365       0.2837
    1366       0.2942
    1367       0.2781
    1368       0.2835
    1369       0.2874
    1370       0.2876
    1371       0.2892
    1372       0.2914
    1373       0.2765
    1374       0.2898
    1375       0.2738
    1376       0.2762
    1377       0.2833
    1378       0.2787
    1379       0.2825
    1380       0.2958
    1381       0.2913
    1382       0.2961
    1383       0.2923
    1384       0.2933
    1385       0.2754
    1386       0.2881
    1387       0.2895
    1388       0.2885
    1389       0.3002
    1390       0.2899
    1391       0.2895
    1392       0.2899
    1393       0.3011
    1394       0.2798
    1395       0.2897
    1396       0.2925
    1397       0.2964
    1398       0.2894
    1399       0.2886
    1400       0.2872
    1401       0.2953
    1402       0.3168
    1403       0.2965
    1404       0.2996
    1405       0.2986
    1406       0.3097
    1407       0.3032
    1408       0.3103
    1409       0.3091
    1410       0.3204
    1411       0.3067
    1412       0.3018
    1413       0.3006
    1414       0.2975
    1415       0.3004
    1416       0.2959
    1417       0.2990
    1418       0.3186
    1419       0.2996
    1420       0.3046
    1421       0.3087
    1422       0.3109
    1423       0.3150
    1424       0.3035
    1425       0.3054
    1426       0.2946
    1427       0.2958
    1428       0.3012
    1429       0.3068
    1430       0.3032
    1431       0.3106
    1432       0.3104
    1433       0.3021
    1434       0.3108
    1435       0.3115
    1436       0.3038
    1437       0.3084
    1438       0.2978
    1439       0.3100
    1440       0.2969
    1441       0.2914
    1442       0.3143
    1443       0.3134
    1444       0.3044
    1445       0.3169
    1446       0.3075
    1447       0.2991
    1448       0.3141
    1449       0.2887
    1450       0.2993
    1451       0.3152
    1452       0.3077
    1453       0.3065
    1454       0.2985
    1455       0.3153
    1456       0.3125
    1457       0.2995
    1458       0.3035
    1459       0.3018
    1460       0.2997
    1461       0.2977
    1462       0.3177
    1463       0.3107
    1464       0.3120
    1465       0.3032
    1466       0.3068
    1467       0.3056
    1468       0.3065
    1469       0.3101
    1470       0.3042
    1471       0.2989
    1472       0.2952
    1473       0.3009
    1474       0.3006
    1475       0.3166
    1476       0.3061
    1477       0.3023
    1478       0.3003
    1479       0.3154
    1480       0.3035
    1481       0.3018
    1482       0.2997
    1483       0.2900
    1484       0.3039
    1485       0.3077
    1486       0.3109
    1487       0.3123
    1488       0.2995
    1489       0.3109
    1490       0.3181
    1491       0.2961
    1492       0.3071
    1493       0.3078
    1494       0.3004
    1495       0.2990
    1496       0.2978
    1497       0.3135
    1498       0.3085
    1499       0.3096
    1500       0.2961
    1501       0.3236
    1502       0.3347
    1503       0.3242
    1504       0.3342
    1505       0.3272
    1506       0.3174
    1507       0.3210
    1508       0.3148
    1509       0.3073
    1510       0.3065
    1511       0.3201
    1512       0.3168
    1513       0.3184
    1514       0.3078
    1515       0.3210
    1516       0.3192
    1517       0.3215
    1518       0.3350
    1519       0.3267
    1520       0.3192
    1521       0.3132
    1522       0.3275
    1523       0.3078
    1524       0.3194
    1525       0.3294
    1526       0.3146
    1527       0.3148
    1528       0.3270
    1529       0.3221
    1530       0.3244
    1531       0.3039
    1532       0.3185
    1533       0.3191
    1534       0.3307
    1535       0.3155
    1536       0.3133
    1537       0.3223
    1538       0.3185
    1539       0.3166
    1540       0.3158
    1541       0.3125
    1542       0.3192
    1543       0.3319
    1544       0.3319
    1545       0.3216
    1546       0.3178
    1547       0.3141
    1548       0.3272
    1549       0.3289
    1550       0.3345
    1551       0.3309
    1552       0.3218
    1553       0.3386
    1554       0.3277
    1555       0.3228
    1556       0.3193
    1557       0.3222
    1558       0.3142
    1559       0.3212
    1560       0.3369
    1561       0.3255
    1562       0.3362
    1563       0.3216
    1564       0.3274
    1565       0.3141
    1566       0.3274
    1567       0.3110
    1568       0.3230
    1569       0.3315
    1570       0.3184
    1571       0.3236
    1572       0.3260
    1573       0.3232
    1574       0.3167
    1575       0.3335
    1576       0.3205
    1577       0.3324
    1578       0.3292
    1579       0.3279
    1580       0.3379
    1581       0.3346
    1582       0.3363
    1583       0.3150
    1584       0.3238
    1585       0.3301
    1586       0.3413
    1587       0.3259
    1588       0.3172
    1589       0.3246
    1590       0.3193
    1591       0.3274
    1592       0.3320
    1593       0.3183
    1594       0.3236
    1595       0.3258
    1596       0.3175
    1597       0.3429
    1598       0.3216
    1599       0.3183
    1600       0.3090
    1601       0.3381
    1602       0.3467
    1603       0.3464
    1604       0.3549
    1605       0.3448
    1606       0.3551
    1607       0.3376
    1608       0.3325
    1609       0.3324
    1610       0.3452
    1611       0.3475
    1612       0.3533
    1613       0.3444
    1614       0.3409
    1615       0.3467
    1616       0.3359
    1617       0.3397
    1618       0.3510
    1619       0.3441
    1620       0.3382
    1621       0.3368
    1622       0.3605
    1623       0.3435
    1624       0.3184
    1625       0.3450
    1626       0.3351
    1627       0.3408
    1628       0.3396
    1629       0.3307
    1630       0.3574
    1631       0.3471
    1632       0.3534
    1633       0.3475
    1634       0.3652
    1635       0.3574
    1636       0.3465
    1637       0.3568
    1638       0.3611
    1639       0.3512
    1640       0.3388
    1641       0.3462
    1642       0.3209
    1643       0.3343
    1644       0.3517
    1645       0.3273
    1646       0.3366
    1647       0.3404
    1648       0.3441
    1649       0.3496
    1650       0.3436
    1651       0.3448
    1652       0.3338
    1653       0.3412
    1654       0.3353
    1655       0.3490
    1656       0.3452
    1657       0.3397
    1658       0.3398
    1659       0.3584
    1660       0.3477
    1661       0.3377
    1662       0.3297
    1663       0.3393
    1664       0.3415
    1665       0.3445
    1666       0.3446
    1667       0.3263
    1668       0.3639
    1669       0.3405
    1670       0.3524
    1671       0.3476
    1672       0.3422
    1673       0.3492
    1674       0.3518
    1675       0.3538
    1676       0.3463
    1677       0.3420
    1678       0.3568
    1679       0.3427
    1680       0.3463
    1681       0.3594
    1682       0.3540
    1683       0.3552
    1684       0.3461
    1685       0.3426
    1686       0.3631
    1687       0.3363
    1688       0.3449
    1689       0.3389
    1690       0.3292
    1691       0.3482
    1692       0.3433
    1693       0.3511
    1694       0.3416
    1695       0.3465
    1696       0.3473
    1697       0.3400
    1698       0.3296
    1699       0.3539
    1700       0.3468
    1701       0.3671
    1702       0.3833
    1703       0.3735
    1704       0.4019
    1705       0.3642
    1706       0.3743
    1707       0.3915
    1708       0.3674
    1709       0.3708
    1710       0.3815
    1711       0.3793
    1712       0.3764
    1713       0.3933
    1714       0.3978
    1715       0.3760
    1716       0.3628
    1717       0.3835
    1718       0.3619
    1719       0.3794
    1720       0.3726
    1721       0.3734
    1722       0.3826
    1723       0.3648
    1724       0.3826
    1725       0.3623
    1726       0.3552
    1727       0.3767
    1728       0.3660
    1729       0.3678
    1730       0.3540
    1731       0.3644
    1732       0.3609
    1733       0.3699
    1734       0.3615
    1735       0.3753
    1736       0.3923
    1737       0.3820
    1738       0.3932
    1739       0.3737
    1740       0.3870
    1741       0.3807
    1742       0.3750
    1743       0.3801
    1744       0.3803
    1745       0.3756
    1746       0.3839
    1747       0.3710
    1748       0.3741
    1749       0.3858
    1750       0.3675
    1751       0.3829
    1752       0.3951
    1753       0.3697
    1754       0.3781
    1755       0.3725
    1756       0.3668
    1757       0.3742
    1758       0.3774
    1759       0.3809
    1760       0.3648
    1761       0.3844
    1762       0.3865
    1763       0.3643
    1764       0.3683
    1765       0.3664
    1766       0.3620
    1767       0.4009
    1768       0.3801
    1769       0.3831
    1770       0.3727
    1771       0.3811
    1772       0.3812
    1773       0.3696
    1774       0.3661
    1775       0.3643
    1776       0.3659
    1777       0.3782
    1778       0.3688
    1779       0.3770
    1780       0.3669
    1781       0.3788
    1782       0.3861
    1783       0.3725
    1784       0.3833
    1785       0.3701
    1786       0.3799
    1787       0.3709
    1788       0.3747
    1789       0.3769
    1790       0.3657
    1791       0.3607
    1792       0.3664
    1793       0.3540
    1794       0.3715
    1795       0.3578
    1796       0.3741
    1797       0.3713
    1798       0.3629
    1799       0.3737
    1800       0.3587
    1801       0.3886
    1802       0.3949
    1803       0.3822
    1804       0.3848
    1805       0.4028
    1806       0.3661
    1807       0.3893
    1808       0.3963
    1809       0.3998
    1810       0.3831
    1811       0.3685
    1812       0.3900
    1813       0.3994
    1814       0.3919
    1815       0.3972
    1816       0.3914
    1817       0.3889
    1818       0.4002
    1819       0.4085
    1820       0.3743
    1821       0.3896
    1822       0.3956
    1823       0.4018
    1824       0.4020
    1825       0.3887
    1826       0.3902
    1827       0.3897
    1828       0.3799
    1829       0.3775
    1830       0.3783
    1831       0.3876
    1832       0.3723
    1833       0.3860
    1834       0.3861
    1835       0.3925
    1836       0.3954
    1837       0.3811
    1838       0.3749
    1839       0.3926
    1840       0.3835
    1841       0.3802
    1842       0.3865
    1843       0.3992
    1844       0.3974
    1845       0.3810
    1846       0.4042
    1847       0.3855
    1848       0.3906
    1849       0.3769
    1850       0.4051
    1851       0.3947
    1852       0.3842
    1853       0.3843
    1854       0.3909
    1855       0.3845
    1856       0.3974
    1857       0.4012
    1858       0.3812
    1859       0.4066
    1860       0.3789
    1861       0.3987
    1862       0.3887
    1863       0.4033
    1864       0.3716
    1865       0.3992
    1866       0.3879
    1867       0.4024
    1868       0.3776
    1869       0.4053
    1870       0.3886
    1871       0.3740
    1872       0.3743
    1873       0.3948
    1874       0.3881
    1875       0.3999
    1876       0.3946
    1877       0.3934
    1878       0.3907
    1879       0.3748
    1880       0.4052
    1881       0.3781
    1882       0.3922
    1883       0.3821
    1884       0.3886
    1885       0.3692
    1886       0.3864
    1887       0.3999
    1888       0.3920
    1889       0.4010
    1890       0.3842
    1891       0.3786
    1892       0.4029
    1893       0.3954
    1894       0.3983
    1895       0.3981
    1896       0.3934
    1897       0.3834
    1898       0.3936
    1899       0.3745
    1900       0.3923
    1901       0.4263
    1902       0.4163
    1903       0.4422
    1904       0.4342
    1905       0.4310
    1906       0.4474
    1907       0.4259
    1908       0.4552
    1909       0.4492
    1910       0.4250
    1911       0.4461
    1912       0.4247
    1913       0.4373
    1914       0.4285
    1915       0.4061
    1916       0.4102
    1917       0.4305
    1918       0.4338
    1919       0.4070
    1920       0.4222
    1921       0.4422
    1922       0.4120
    1923       0.4327
    1924       0.4249
    1925       0.4239
    1926       0.4132
    1927       0.4392
    1928       0.4432
    1929       0.4124
    1930       0.4143
    1931       0.3999
    1932       0.4004
    1933       0.4153
    1934       0.4135
    1935       0.4203
    1936       0.4456
    1937       0.4448
    1938       0.4247
    1939       0.4064
    1940       0.4161
    1941       0.4359
    1942       0.4208
    1943       0.4404
    1944       0.4369
    1945       0.4332
    1946       0.4258
    1947       0.4535
    1948       0.4264
    1949       0.4203
    1950       0.4166
    1951       0.4398
    1952       0.4191
    1953       0.4140
    1954       0.4374
    1955       0.4106
    1956       0.4163
    1957       0.4405
    1958       0.4138
    1959       0.4309
    1960       0.4510
    1961       0.4250
    1962       0.4442
    1963       0.4509
    1964       0.4171
    1965       0.4253
    1966       0.4012
    1967       0.4434
    1968       0.4095
    1969       0.4426
    1970       0.4247
    1971       0.4111
    1972       0.4271
    1973       0.4198
    1974       0.4251
    1975       0.4253
    1976       0.4472
    1977       0.4418
    1978       0.4319
    1979       0.4089
    1980       0.4360
    1981       0.4190
    1982       0.4514
    1983       0.4338
    1984       0.4212
    1985       0.4213
    1986       0.4334
    1987       0.4421
    1988       0.4498
    1989       0.4109
    1990       0.4198
    1991       0.4627
    1992       0.4333
    1993       0.4645
    1994       0.4527
    1995       0.4274
    1996       0.4530
    1997       0.4376
    1998       0.4331
    1999       0.4381
    2000       0.4215
    2001       0.4592
    2002       0.4584
    2003       0.4580
    2004       0.4443
    2005       0.4565
    2006       0.4814
    2007       0.4519
    2008       0.4598
    2009       0.4521
    2010       0.4694
    2011       0.4593
    2012       0.4661
    2013       0.4520
    2014       0.4496
    2015       0.4588
    2016       0.4700
    2017       0.4586
    2018       0.4584
    2019       0.4868
    2020       0.4750
    2021       0.4446
    2022       0.5111
    2023       0.4588
    2024       0.4667
    2025       0.4558
    2026       0.4554
    2027       0.4593
    2028       0.4707
    2029       0.4507
    2030       0.4554
    2031       0.4948
    2032       0.4669
    2033       0.4739
    2034       0.4611
    2035       0.4703
    2036       0.4605
    2037       0.4690
    2038       0.4394
    2039       0.4440
    2040       0.4555
    2041       0.4781
    2042       0.4651
    2043       0.4654
    2044       0.4721
    2045       0.4594
    2046       0.4455
    2047       0.4917
    2048       0.4372
    2049       0.4806
    2050       0.4386
    2051       0.4709
    2052       0.4602
    2053       0.4730
    2054       0.4806
    2055       0.4550
    2056       0.4423
    2057       0.4686
    2058       0.4605
    2059       0.4706
    2060       0.4681
    2061       0.4501
    2062       0.4719
    2063       0.4372
    2064       0.4397
    2065       0.4547
    2066       0.4461
    2067       0.4588
    2068       0.4822
    2069       0.4704
    2070       0.4472
    2071       0.4597
    2072       0.4692
    2073       0.4667
    2074       0.4925
    2075       0.4609
    2076       0.4535
    2077       0.4616
    2078       0.4373
    2079       0.4525
    2080       0.4595
    2081       0.4607
    2082       0.4468
    2083       0.4524
    2084       0.4655
    2085       0.4640
    2086       0.4519
    2087       0.4704
    2088       0.4668
    2089       0.4375
    2090       0.4293
    2091       0.4411
    2092       0.4655
    2093       0.4490
    2094       0.4530
    2095       0.4584
    2096       0.4597
    2097       0.4259
    2098       0.4707
    2099       0.4518
    2100       0.4558
    2101       0.4919
    2102       0.5001
    2103       0.4908
    2104       0.5081
    2105       0.4833
    2106       0.4892
    2107       0.4802
    2108       0.4741
    2109       0.4756
    2110       0.4794
    2111       0.4919
    2112       0.4838
    2113       0.4744
    2114       0.4695
    2115       0.4878
    2116       0.5019
    2117       0.4808
    2118       0.4825
    2119       0.4751
    2120       0.4741
    2121       0.5219
    2122       0.5174
    2123       0.4962
    2124       0.5281
    2125       0.5038
    2126       0.5270
    2127       0.5091
    2128       0.5168
    2129       0.5002
    2130       0.5182
    2131       0.5049
    2132       0.4894
    2133       0.4938
    2134       0.4916
    2135       0.4973
    2136       0.4809
    2137       0.4850
    2138       0.5002
    2139       0.5167
    2140       0.4708
    2141       0.4819
    2142       0.4830
    2143       0.5134
    2144       0.4887
    2145       0.4800
    2146       0.4802
    2147       0.4713
    2148       0.4848
    2149       0.4514
    2150       0.4840
    2151       0.5403
    2152       0.4839
    2153       0.4930
    2154       0.5086
    2155       0.4957
    2156       0.5139
    2157       0.4816
    2158       0.4873
    2159       0.4645
    2160       0.4998
    2161       0.4968
    2162       0.4849
    2163       0.4752
    2164       0.4558
    2165       0.4851
    2166       0.5359
    2167       0.5004
    2168       0.4792
    2169       0.5196
    2170       0.4970
    2171       0.4962
    2172       0.4742
    2173       0.4964
    2174       0.5091
    2175       0.5066
    2176       0.4735
    2177       0.4649
    2178       0.5002
    2179       0.4957
    2180       0.5134
    2181       0.4887
    2182       0.4998
    2183       0.4849
    2184       0.5030
    2185       0.4856
    2186       0.4835
    2187       0.4859
    2188       0.4664
    2189       0.4866
    2190       0.4981
    2191       0.5011
    2192       0.4997
    2193       0.5158
    2194       0.5066
    2195       0.5099
    2196       0.5282
    2197       0.4872
    2198       0.5012
    2199       0.4674
    2200       0.4860
    2201       0.5033
    2202       0.5303
    2203       0.5094
    2204       0.5395
    2205       0.5434
    2206       0.5250
    2207       0.5244
    2208       0.5348
    2209       0.4993
    2210       0.5221
    2211       0.5279
    2212       0.5057
    2213       0.5032
    2214       0.5055
    2215       0.5141
    2216       0.4953
    2217       0.5371
    2218       0.5144
    2219       0.5051
    2220       0.5411
    2221       0.5446
    2222       0.5685
    2223       0.5325
    2224       0.5028
    2225       0.5119
    2226       0.5489
    2227       0.4913
    2228       0.5167
    2229       0.5389
    2230       0.4995
    2231       0.5146
    2232       0.4953
    2233       0.5233
    2234       0.5000
    2235       0.5384
    2236       0.5237
    2237       0.5117
    2238       0.5100
    2239       0.4969
    2240       0.5362
    2241       0.5425
    2242       0.5340
    2243       0.5545
    2244       0.5473
    2245       0.5328
    2246       0.5297
    2247       0.5605
    2248       0.5315
    2249       0.5180
    2250       0.5092
    2251       0.5034
    2252       0.5249
    2253       0.5242
    2254       0.5322
    2255       0.5086
    2256       0.5224
    2257       0.5367
    2258       0.5267
    2259       0.5187
    2260       0.5398
    2261       0.5253
    2262       0.5482
    2263       0.5527
    2264       0.5193
    2265       0.5291
    2266       0.4872
    2267       0.5213
    2268       0.5214
    2269       0.5255
    2270       0.5220
    2271       0.5432
    2272       0.5366
    2273       0.5444
    2274       0.5538
    2275       0.5418
    2276       0.5663
    2277       0.5644
    2278       0.5613
    2279       0.5202
    2280       0.5480
    2281       0.5214
    2282       0.5245
    2283       0.5224
    2284       0.5069
    2285       0.5199
    2286       0.5361
    2287       0.5445
    2288       0.5311
    2289       0.5392
    2290       0.5353
    2291       0.5738
    2292       0.5529
    2293       0.5498
    2294       0.5438
    2295       0.5276
    2296       0.5080
    2297       0.5195
    2298       0.4977
    2299       0.5287
    2300       0.5251
    2301       0.5714
    2302       0.5485
    2303       0.6240
    2304       0.5868
    2305       0.6107
    2306       0.6072
    2307       0.5846
    2308       0.6159
    2309       0.5719
    2310       0.5586
    2311       0.5883
    2312       0.6015
    2313       0.5719
    2314       0.5737
    2315       0.5886
    2316       0.5980
    2317       0.6125
    2318       0.6267
    2319       0.5798
    2320       0.6217
    2321       0.5733
    2322       0.5489
    2323       0.5660
    2324       0.5528
    2325       0.6017
    2326       0.5886
    2327       0.5614
    2328       0.5698
    2329       0.5967
    2330       0.5628
    2331       0.5920
    2332       0.5762
    2333       0.6122
    2334       0.5552
    2335       0.5755
    2336       0.5862
    2337       0.6010
    2338       0.6064
    2339       0.5863
    2340       0.5833
    2341       0.5885
    2342       0.6106
    2343       0.6434
    2344       0.6135
    2345       0.5941
    2346       0.5730
    2347       0.5644
    2348       0.5437
    2349       0.5662
    2350       0.5844
    2351       0.5958
    2352       0.5616
    2353       0.5996
    2354       0.6103
    2355       0.6074
    2356       0.5736
    2357       0.5417
    2358       0.5754
    2359       0.5690
    2360       0.5717
    2361       0.5562
    2362       0.5999
    2363       0.5777
    2364       0.5988
    2365       0.5705
    2366       0.5944
    2367       0.6147
    2368       0.6255
    2369       0.6183
    2370       0.6108
    2371       0.6131
    2372       0.6160
    2373       0.6239
    2374       0.6173
    2375       0.6196
    2376       0.5845
    2377       0.5764
    2378       0.5782
    2379       0.5644
    2380       0.5701
    2381       0.6087
    2382       0.6315
    2383       0.6336
    2384       0.6257
    2385       0.6169
    2386       0.6350
    2387       0.6288
    2388       0.5977
    2389       0.6337
    2390       0.6410
    2391       0.6106
    2392       0.5950
    2393       0.5847
    2394       0.6115
    2395       0.6249
    2396       0.6314
    2397       0.6099
    2398       0.6519
    2399       0.6548
    2400       0.6360
    2401       0.6911
    2402       0.6731
    2403       0.6722
    2404       0.7002
    2405       0.7152
    2406       0.6905
    2407       0.7048
    2408       0.7124
    2409       0.6932
    2410       0.6874
    2411       0.7133
    2412       0.7126
    2413       0.7295
    2414       0.7286
    2415       0.6667
    2416       0.6926
    2417       0.6413
    2418       0.6611
    2419       0.6847
    2420       0.6788
    2421       0.6797
    2422       0.6623
    2423       0.6967
    2424       0.6955
    2425       0.6784
    2426       0.6630
    2427       0.6874
    2428       0.6867
    2429       0.6938
    2430       0.6816
    2431       0.6916
    2432       0.6549
    2433       0.7100
    2434       0.7145
    2435       0.6654
    2436       0.6393
    2437       0.6809
    2438       0.7067
    2439       0.7366
    2440       0.6835
    2441       0.7082
    2442       0.6827
    2443       0.6981
    2444       0.7189
    2445       0.6740
    2446       0.7159
    2447       0.6918
    2448       0.7018
    2449       0.6771
    2450       0.6391
    2451       0.6607
    2452       0.6771
    2453       0.6700
    2454       0.6565
    2455       0.6676
    2456       0.6691
    2457       0.6520
    2458       0.6735
    2459       0.6896
    2460       0.6877
    2461       0.6915
    2462       0.6873
    2463       0.6794
    2464       0.6703
    2465       0.6918
    2466       0.6818
    2467       0.7121
    2468       0.7153
    2469       0.6907
    2470       0.7099
    2471       0.7293
    2472       0.7232
    2473       0.6950
    2474       0.7021
    2475       0.7087
    2476       0.6967
    2477       0.6777
    2478       0.7106
    2479       0.6801
    2480       0.6870
    2481       0.6756
    2482       0.6862
    2483       0.6885
    2484       0.6902
    2485       0.7008
    2486       0.7653
    2487       0.7034
    2488       0.6892
    2489       0.6949
    2490       0.7224
    2491       0.6763
    2492       0.6610
    2493       0.6429
    2494       0.6816
    2495       0.6750
    2496       0.6818
    2497       0.6726
    2498       0.6638
    2499       0.6595
    2500       0.6838
    2501       0.6809
    2502       0.7040
    2503       0.7703
    2504       0.7598
    2505       0.7473
    2506       0.7503
    2507       0.7772
    2508       0.7959
    2509       0.8233
    2510       0.8220
    2511       0.7697
    2512       0.7773
    2513       0.7864
    2514       0.8485
    2515       0.8180
    2516       0.7573
    2517       0.7773
    2518       0.7910
    2519       0.7552
    2520       0.8081
    2521       0.7783
    2522       0.7965
    2523       0.7867
    2524       0.7850
    2525       0.8094
    2526       0.8055
    2527       0.7933
    2528       0.7933
    2529       0.7449
    2530       0.7525
    2531       0.7937
    2532       0.7890
    2533       0.7622
    2534       0.7840
    2535       0.7439
    2536       0.7390
    2537       0.7251
    2538       0.7461
    2539       0.7069
    2540       0.7248
    2541       0.7358
    2542       0.7406
    2543       0.7592
    2544       0.7664
    2545       0.7850
    2546       0.8029
    2547       0.8030
    2548       0.7501
    2549       0.7601
    2550       0.7831
    2551       0.7640
    2552       0.7856
    2553       0.7340
    2554       0.7923
    2555       0.7625
    2556       0.7842
    2557       0.7233
    2558       0.7298
    2559       0.7554
    2560       0.7767
    2561       0.7454
    2562       0.7470
    2563       0.7467
    2564       0.7563
    2565       0.7820
    2566       0.7535
    2567       0.7855
    2568       0.7866
    2569       0.8111
    2570       0.7776
    2571       0.7552
    2572       0.7759
    2573       0.8008
    2574       0.8134
    2575       0.7690
    2576       0.8044
    2577       0.8094
    2578       0.7849
    2579       0.8007
    2580       0.8079
    2581       0.8176
    2582       0.7935
    2583       0.8137
    2584       0.8141
    2585       0.8145
    2586       0.7984
    2587       0.7934
    2588       0.8291
    2589       0.8044
    2590       0.7565
    2591       0.7979
    2592       0.8177
    2593       0.8053
    2594       0.7882
    2595       0.7877
    2596       0.7735
    2597       0.7353
    2598       0.7389
    2599       0.7739
    2600       0.7675
    2601       0.7573
    2602       0.7936
    2603       0.7765
    2604       0.7957
    2605       0.8238
    2606       0.8147
    2607       0.7848
    2608       0.7651
    2609       0.7793
    2610       0.7927
    2611       0.8460
    2612       0.8443
    2613       0.8651
    2614       0.8449
    2615       0.8577
    2616       0.8251
    2617       0.9211
    2618       0.8832
    2619       0.9500
    2620       0.9649
    2621       0.9313
    2622       0.9513
    2623       1.0106
    2624       1.0034
    2625       0.9857
    2626       1.0062
    2627       1.0039
    2628       0.9866
    2629       0.9517
    2630       0.9331
    2631       0.9035
    2632       0.9136
    2633       0.9141
    2634       0.9238
    2635       0.9495
    2636       0.9122
    2637       0.9828
    2638       1.0324
    2639       0.9981
    2640       0.9486
    2641       0.9678
    2642       0.9166
    2643       0.8909
    2644       0.8679
    2645       0.8910
    2646       0.9006
    2647       0.8602
    2648       0.8866
    2649       0.8873
    2650       0.8970
    2651       0.8745
    2652       0.9139
    2653       0.8879
    2654       0.9176
    2655       0.9284
    2656       0.9059
    2657       0.9261
    2658       0.9646
    2659       0.9948
    2660       0.9254
    2661       0.9511
    2662       0.9345
    2663       0.9258
    2664       0.9756
    2665       0.9797
    2666       0.9429
    2667       0.9792
    2668       0.9719
    2669       0.9337
    2670       0.9511
    2671       0.9724
    2672       0.9924
    2673       0.9807
    2674       0.9894
    2675       0.9785
    2676       1.0112
    2677       1.0361
    2678       0.9813
    2679       1.0129
    2680       1.0419
    2681       1.0276
    2682       0.9680
    2683       0.9590
    2684       0.9688
    2685       0.9433
    2686       0.8765
    2687       0.9349
    2688       0.9538
    2689       0.9451
    2690       0.9110
    2691       0.9774
    2692       0.9596
    2693       0.9057
    2694       0.9027
    2695       0.9743
    2696       0.9572
    2697       0.9682
    2698       0.9122
    2699       0.8871
    2700       0.8811
    2701       0.9253
    2702       0.9254
    2703       0.8957
    2704       0.9086
    2705       0.9525
    2706       0.9180
    2707       0.9036
    2708       0.8870
    2709       0.8962
    2710       0.9109
    2711       0.8502
    2712       0.8938
    2713       0.8512
    2714       0.8567
    2715       0.8560
    2716       0.8357
    2717       0.8211
    2718       0.8134
    2719       0.8028
    2720       0.7933
    2721       0.8415
    2722       0.8799
    2723       0.8601
    2724       0.8767
    2725       0.9140
    2726       0.8762
    2727       0.8890
    2728       0.8591
    2729       0.8638
    2730       0.8632
    2731       0.8529
    2732       0.8624
    2733       0.8755
    2734       0.8272
    2735       0.8333
    2736       0.8510
    2737       0.8742
    2738       0.8627
    2739       0.9013
    2740       0.9122
    2741       0.9555
    2742       0.9392
    2743       0.9202
    2744       0.9289
    2745       0.9028
    2746       0.9020
    2747       0.9318
    2748       0.9521
    2749       0.9210
    2750       0.9115
    2751       0.9498
    2752       0.9142
    2753       0.8837
    2754       0.9089
    2755       0.8977
    2756       0.9430
    2757       0.9566
    2758       0.8957
    2759       0.9009
    2760       0.9177
    2761       0.9704
    2762       0.9252
    2763       0.8964
    2764       0.8966
    2765       0.9259
    2766       0.9413
    2767       0.9662
    2768       1.0117
    2769       0.9742
    2770       0.9498
    2771       0.9236
    2772       0.9388
    2773       0.9486
    2774       0.9430
    2775       0.9133
    2776       0.9470
    2777       0.9486
    2778       0.9751
    2779       0.9420
    2780       0.9386
    2781       0.9567
    2782       0.9831
    2783       0.9705
    2784       0.9662
    2785       0.9719
    2786       1.0147
    2787       1.0342
    2788       1.0054
    2789       1.0441
    2790       1.0511
    2791       1.0377
    2792       1.0282
    2793       1.0124
    2794       0.9513
    2795       0.9262
    2796       0.9118
    2797       0.9307
    2798       0.9758
    2799       0.9293
    2800       0.9789
    2801       0.9912
    2802       0.9862
    2803       0.9866
    2804       1.0235
    2805       1.0200
    2806       1.0460
    2807       1.0701
    2808       0.9904
    2809       1.0275
    2810       1.0514
    2811       1.0053
    2812       1.0560
    2813       1.1056
    2814       1.0816
    2815       1.1065
    2816       1.0846
    2817       1.0630
    2818       1.0068
    2819       1.0056
    2820       1.0578
    2821       1.1108
    2822       1.0829
    2823       1.0915
    2824       1.0037
    2825       1.0265
    2826       1.0510
    2827       1.0511
    2828       1.0189
    2829       1.0582
    2830       1.0693
    2831       1.0468
    2832       1.0331
    2833       1.0809
    2834       1.0344
    2835       1.0247
    2836       1.0700
    2837       1.0556
    2838       1.0933
    2839       1.0972
    2840       1.1058
    2841       1.1085
    2842       1.0602
    2843       1.0893
    2844       1.1013
    2845       1.1139
    2846       1.1559
    2847       1.1545
    2848       1.1157
    2849       1.0995
    2850       1.1603
    2851       1.1813
    2852       1.1963
    2853       1.2227
    2854       1.2532
    2855       1.2557
    2856       1.2180
    2857       1.1760
    2858       1.2041
    2859       1.2268
    2860       1.1906
    2861       1.1862
    2862       1.1162
    2863       1.1530
    2864       1.1479
    2865       1.1644
    2866       1.1714
    2867       1.1545
    2868       1.1527
    2869       1.1733
    2870       1.1208
    2871       1.1490
    2872       1.1543
    2873       1.1355
    2874       1.2064
    2875       1.1973
    2876       1.2257
    2877       1.2384
    2878       1.2128
    2879       1.1659
    2880       1.1338
    2881       1.1918
    2882       1.1892
    2883       1.1811
    2884       1.1255
    2885       1.1455
    2886       1.1257
    2887       1.0678
    2888       1.1117
    2889       1.0736
    2890       1.0751
    2891       1.0374
    2892       1.0560
    2893       1.0332
    2894       1.0600
    2895       1.0780
    2896       1.0721
    2897       1.1054
    2898       1.0817
    2899       1.0409
    2900       1.0589
    2901       1.0794
    2902       1.1145
    2903       1.1958
    2904       1.2134
    2905       1.1934
    2906       1.1384
    2907       1.1911
    2908       1.2262
    2909       1.1788
    2910       1.2512
    2911       1.2279
    2912       1.2593
    2913       1.2298
    2914       1.1559
    2915       1.2693
    2916       1.1834
    2917       1.2531
    2918       1.2331
    2919       1.2856
    2920       1.2063
    2921       1.2837
    2922       1.1878
    2923       1.2777
    2924       1.2803
    2925       1.2529
    2926       1.2130
    2927       1.2575
    2928       1.1892
    2929       1.2033
    2930       1.2475
    2931       1.3022
    2932       1.2057
    2933       1.2236
    2934       1.2438
    2935       1.3257
    2936       1.3062
    2937       1.2828
    2938       1.2818
    2939       1.2677
    2940       1.3249
    2941       1.2551
    2942       1.2893
    2943       1.3353
    2944       1.3395
    2945       1.2417
    2946       1.2192
    2947       1.2589
    2948       1.2054
    2949       1.2876
    2950       1.4247
    2951       1.2273
    2952       1.2652
    2953       1.2319
    2954       1.1617
    2955       1.2645
    2956       1.3312
    2957       1.2186
    2958       1.1388
    2959       1.1100
    2960       1.1341
    2961       1.3538
    2962       1.3955
    2963       1.2209
    2964       1.1493
    2965       1.1488
    2966       1.2067
    2967       1.2538
    2968       1.4333
    2969       1.3291
    2970       1.3233
    2971       1.3424
    2972       1.4023
    2973       1.2757
    2974       1.2355
    2975       1.3156
    2976       1.2478
    2977       1.2895
    2978       1.2809
    2979       1.3862
    2980       1.3495
    2981       1.2141
    2982       1.2261
    2983       1.1650
    2984       1.2152
    2985       1.2460
    2986       1.3721
    2987       1.3735
    2988       1.3984
    2989       1.5013
    2990       1.4910
    2991       1.3952
    2992       1.4741
    2993       1.4866
    2994       1.4693
    2995       1.3790
    2996       1.3212
    2997       1.3334
    2998       1.3132
    2999       1.2837
    3000       1.2927
    3001       1.2777
    3002       1.2716
    3003       1.3351
    3004       1.2263
    3005       1.3013
    3006       1.2777
    3007       1.3133
    3008       1.3195
    3009       1.3355
    3010       1.4312
    3011       1.3606
    3012       1.2470
    3013       1.2271
    3014       1.2067
    3015       1.2388
    3016       1.1823
    3017       1.3150
    3018       1.2553
    3019       1.2302
    3020       1.2813
    3021       1.2178
    3022       1.2580
    3023       1.2506
    3024       1.2473
    3025       1.2542
    3026       1.2178
    3027       1.1674
    3028       1.1817
    3029       1.1829
    3030       1.2435
    3031       1.2673
    3032       1.0690
    3033       1.2602
    3034       1.2857
    3035       1.2161
    3036       1.2650
    3037       1.2960
    3038       1.3251
    3039       1.3870
    3040       1.4078
    3041       1.3372
    3042       1.4532
    3043       1.4428
    3044       1.4637
    3045       1.5116
    3046       1.4993
    3047       1.4701
    3048       1.6155
    3049       1.5731
    3050       1.5896
    3051       1.5958
    3052       1.7110
    3053       1.6921
    3054       1.6542
    3055       1.6571
    3056       1.7068
    3057       1.7305
    3058       1.7543
    3059       1.6775
    3060       1.6430
    3061       1.6618
    3062       1.6332
    3063       1.6886
    3064       1.6506
    3065       1.5616
    3066       1.6203
    3067       1.6155
    3068       1.6001
    3069       1.6281
    3070       1.6545
    3071       1.6605
    3072       1.5591
    3073       1.4196
    3074       1.4844
    3075       1.4519
    3076       1.4372
    3077       1.3914
    3078       1.4547
    3079       1.4919
    3080       1.5491
    3081       1.5675
    3082       1.6008
    3083       1.4986
    3084       1.5895
    3085       1.5531
    3086       1.5085
    3087       1.6094
    3088       1.5350
    3089       1.5792
    3090       1.6851
    3091       1.6906
    3092       1.6033
    3093       1.5712
    3094       1.6179
    3095       1.6460
    3096       1.6679
