Frame	Volume
1	255.807
2	255.807
3	255.807
4	255.807
5	255.807
6	255.807
7	255.807
8	255.807
9	255.807
10	255.807
11	255.807
12	255.807
13	255.807
14	255.807
15	255.807
16	255.807
17	255.807
18	255.807
19	262.416
20	261.528
21	259.11
22	255.807
23	255.807
24	255.807
25	255.807
26	255.807
27	255.807
28	255.807
29	255.807
30	255.807
31	257.414
32	260.713
33	262.335
34	258.254
35	258.262
36	252.071
37	255.807
38	255.807
39	255.807
40	258.346
41	260.197
42	235.648
43	255.807
44	255.807
45	255.807
46	255.807
47	255.807
48	255.807
49	255.807
50	255.807
51	255.807
52	255.807
53	255.807
54	255.807
55	255.807
56	255.807
57	255.807
58	255.807
59	255.807
60	255.807
61	255.807
62	255.807
63	255.807
64	255.807
65	255.807
66	255.807
67	255.807
68	255.807
69	255.807
70	255.807
71	255.807
72	255.807
73	255.807
74	255.807
75	255.807
76	255.807
77	255.807
78	255.807
79	255.807
80	255.807
81	255.807
82	255.807
83	255.807
84	255.807
85	255.807
86	255.807
87	255.807
88	255.807
89	255.807
90	255.807
91	255.807
92	255.807
93	255.807
94	255.807
95	255.807
96	255.807
97	264.332
98	255.435
99	252.654
100	255.807
101	255.807
102	255.807
103	255.807
104	255.807
105	255.807
106	255.807
107	255.807
108	255.807
109	255.807
110	255.807
111	255.807
112	255.807
113	255.807
114	255.807
115	255.807
116	255.807
117	255.807
118	255.807
119	255.807
120	255.807
121	255.807
122	255.807
123	255.807
124	255.807
125	255.807
126	255.807
127	255.807
128	255.807
129	255.807
130	255.807
131	255.807
132	255.807
133	255.807
134	255.807
135	255.807
136	255.807
137	255.807
138	255.807
139	261.858
140	247.345
141	254.68
142	255.807
143	255.807
144	255.807
145	255.807
146	255.807
147	255.807
148	256.779
149	253.123
150	263.103
151	255.807
152	255.807
153	255.807
154	255.807
155	255.807
156	255.807
157	255.807
158	255.807
159	255.807
160	256.916
161	246.173
162	257.149
163	255.807
164	255.807
165	255.807
166	255.807
167	255.807
168	255.807
169	255.807
170	255.807
171	255.807
172	255.807
173	255.807
174	255.807
175	255.807
176	255.807
177	255.807
178	255.807
179	255.807
180	255.807
181	255.807
182	255.807
183	255.807
184	255.807
185	255.807
186	255.807
187	252.607
188	253.831
189	255.977
190	255.807
191	255.807
192	255.807
193	255.807
194	255.807
195	255.807
196	255.807
197	255.807
198	255.807
199	255.807
200	255.807
201	255.807
202	255.807
203	255.807
204	255.807
205	255.807
206	255.807
207	255.807
208	255.807
209	255.807
210	255.807
211	255.807
212	255.807
213	255.807
214	255.807
215	255.807
216	255.807
217	255.807
218	255.807
219	255.807
220	255.807
221	255.807
222	255.807
223	255.807
224	255.807
225	255.807
226	255.807
227	255.807
228	255.807
229	255.807
230	255.807
231	255.807
232	252.303
233	249.283
234	243.319
235	255.807
236	255.807
237	255.807
238	255.807
239	255.807
240	255.807
241	255.807
242	255.807
243	255.807
244	255.807
245	255.807
246	255.807
247	255.807
248	255.807
249	255.807
250	255.807
251	255.807
252	255.807
253	251.66
254	262.475
255	255.809
256	255.807
257	255.807
258	255.807
259	255.807
260	255.807
261	255.807
262	255.807
263	255.807
264	255.807
265	255.807
266	255.807
267	255.807
268	255.807
269	255.807
270	255.807
271	255.807
272	255.807
273	255.807
274	255.807
275	255.807
276	255.807
277	255.807
278	255.807
279	255.807
280	255.807
281	255.807
282	255.807
283	255.807
284	255.807
285	255.807
286	255.807
287	255.807
288	255.807
289	255.807
290	255.807
291	255.807
292	255.807
293	255.807
294	255.807
295	255.807
296	255.807
297	255.807
298	255.807
299	255.807
300	255.807
301	255.807
302	255.807
303	255.807
304	255.807
305	255.807
306	255.807
307	255.807
308	255.807
309	255.807
310	255.807
311	255.807
312	255.807
313	255.807
314	255.807
315	255.807
316	255.807
317	255.807
318	255.807
319	255.807
320	255.807
321	255.807
322	255.807
323	255.807
324	255.807
325	255.807
326	255.807
327	255.807
328	255.807
329	255.807
330	255.807
331	255.807
332	255.807
333	255.807
334	255.807
335	255.807
336	255.807
337	255.807
338	255.807
339	255.807
340	255.807
341	255.807
342	255.807
343	255.807
344	255.807
345	255.807
346	255.807
347	255.807
348	255.807
349	255.807
350	255.807
351	255.807
352	255.807
353	255.807
354	255.807
355	255.807
356	255.807
357	255.807
358	255.807
359	255.807
360	255.807
361	255.807
362	255.807
363	255.807
364	255.807
365	255.807
366	255.807
367	255.807
368	255.807
369	255.807
370	255.807
371	255.807
372	255.807
373	255.807
374	255.807
375	255.807
376	255.807
377	255.807
378	255.807
379	255.807
380	255.807
381	255.807
382	255.807
383	255.807
384	255.807
385	255.807
386	255.807
387	255.807
388	255.807
389	255.807
390	255.807
391	255.807
392	255.807
393	255.807
394	236.881
395	262.322
396	251.939
397	255.807
398	255.807
399	255.807
400	255.807
401	255.807
402	255.807
403	255.807
404	255.807
405	255.807
406	255.807
407	255.807
408	255.807
409	255.807
410	255.807
411	255.807
412	255.807
413	255.807
414	255.807
415	255.807
416	255.807
417	255.807
418	255.807
419	255.807
420	255.807
421	255.807
422	255.807
423	255.807
424	250.219
425	249.966
426	257.94
427	261.215
428	261.283
429	280.292
430	255.807
431	255.807
432	255.807
433	255.807
434	255.807
435	255.807
436	255.807
437	255.807
438	255.807
439	255.807
440	255.807
441	255.807
442	255.807
443	255.807
444	255.807
445	255.807
446	255.807
447	255.807
448	255.807
449	255.807
450	255.807
451	255.807
452	255.807
453	255.807
454	255.807
455	255.807
456	255.807
457	255.807
458	255.807
459	255.807
460	255.807
461	255.807
462	255.807
463	255.807
464	255.807
465	255.807
466	255.807
467	255.807
468	255.807
469	255.807
470	255.807
471	255.807
472	255.807
473	255.807
474	255.807
475	255.807
476	255.807
477	255.807
478	255.807
479	255.807
480	255.807
481	255.807
482	255.807
483	255.807
484	255.807
485	255.807
486	255.807
487	255.807
488	255.807
489	255.807
490	255.807
491	255.807
492	255.807
493	255.807
494	255.807
495	255.807
496	255.807
497	255.807
498	255.807
499	255.807
500	255.807
501	255.807
502	255.807
503	255.807
504	255.807
505	255.807
506	255.807
507	255.807
508	255.807
509	255.807
510	255.807
511	255.807
512	255.807
513	255.807
514	255.807
515	255.807
516	255.807
517	255.807
518	255.807
519	255.807
520	255.807
521	255.807
522	255.807
523	255.807
524	255.807
525	255.807
526	255.807
527	255.807
528	255.807
529	255.807
530	255.807
531	255.807
532	255.807
533	255.807
534	255.807
535	255.807
536	255.807
537	255.807
538	255.807
539	255.807
540	255.807
541	255.807
542	255.807
543	255.807
544	255.807
545	255.807
546	255.807
547	255.807
548	255.807
549	255.807
550	255.807
551	255.807
552	255.807
553	255.807
554	255.807
555	255.807
556	255.807
557	255.807
558	255.807
559	255.807
560	255.807
561	255.807
562	255.807
563	255.807
564	255.807
565	255.807
566	255.807
567	255.807
568	255.807
569	255.807
570	255.807
571	255.807
572	255.807
573	255.807
574	255.807
575	255.807
576	255.807
577	255.807
578	255.807
579	255.807
580	255.807
581	255.807
582	255.807
583	255.807
584	255.807
585	255.807
586	255.807
587	255.807
588	255.807
589	255.807
590	255.807
591	255.807
592	255.807
593	255.807
594	255.807
595	255.807
596	255.807
597	255.807
598	255.807
599	255.807
600	255.807
601	255.807
602	255.807
603	255.807
604	255.807
605	255.807
606	255.807
607	255.807
608	255.807
609	255.807
610	255.807
611	255.807
612	255.807
613	255.807
614	255.807
615	255.807
616	255.807
617	255.807
618	255.807
619	255.807
620	255.807
621	255.807
622	255.807
623	255.807
624	255.807
625	255.807
626	255.807
627	255.807
628	255.807
629	255.807
630	255.807
631	255.807
632	255.807
633	255.807
634	255.807
635	255.807
636	255.807
637	255.807
638	255.807
639	255.807
640	255.807
641	255.807
642	255.807
643	255.807
644	255.807
645	255.807
646	255.807
647	255.807
648	255.807
649	255.807
650	255.807
651	255.807
652	255.807
653	255.807
654	255.807
655	255.807
656	255.807
657	255.807
658	255.807
659	255.807
660	255.807
661	255.807
662	255.807
663	255.807
664	255.807
665	255.807
666	255.807
667	255.807
668	255.807
669	255.807
670	255.807
671	255.807
672	255.807
673	255.807
674	255.807
675	255.807
676	255.807
677	255.807
678	255.807
679	255.807
680	255.807
681	255.807
682	255.807
683	255.807
684	255.807
685	255.807
686	255.807
687	255.807
688	255.807
689	255.807
690	255.807
691	255.807
692	255.807
693	255.807
694	255.807
695	255.807
696	255.807
697	255.807
698	255.807
699	255.807
700	255.807
701	255.807
702	255.807
703	255.807
704	255.807
705	255.807
706	255.807
707	255.807
708	255.807
709	255.807
710	255.807
711	255.807
712	255.807
713	255.807
714	255.807
715	255.807
716	255.807
717	255.807
718	255.807
719	255.807
720	255.807
721	255.807
722	255.807
723	255.807
724	255.807
725	255.807
726	255.807
727	255.807
728	255.807
729	255.807
730	255.807
731	255.807
732	255.807
733	255.807
734	255.807
735	255.807
736	255.807
737	255.807
738	255.807
739	255.807
740	255.807
741	255.807
742	255.807
743	255.807
744	255.807
745	255.807
746	255.807
747	255.807
748	255.807
749	255.807
750	255.807
751	255.807
752	255.807
753	255.807
754	255.807
755	255.807
756	255.807
757	255.807
758	255.807
759	255.807
760	255.807
761	255.807
762	255.807
763	255.807
764	255.807
765	255.807
766	255.807
767	255.807
768	255.807
769	255.807
770	255.807
771	255.807
772	255.807
773	255.807
774	255.807
775	255.807
776	255.807
777	255.807
778	255.807
779	255.807
780	255.807
781	255.807
782	255.807
783	255.807
784	255.807
785	255.807
786	255.807
787	255.807
788	255.807
789	255.807
790	255.807
791	255.807
792	255.807
793	255.807
794	255.807
795	255.807
796	255.807
797	255.807
798	255.807
799	255.807
800	255.807
801	255.807
