1	583.644
2	572.432
3	555.625
4	562.574
5	673.196
6	540.638
7	586.721
8	593.348
9	570.598
10	603.313
11	537.439
12	573.715
13	538.387
14	532.944
15	514.391
16	560.45
17	523.443
18	554.637
19	575.615
20	586.673
21	574.275
22	619.548
23	599.881
24	565.763
25	530.13
26	564.256
27	603.78
28	622.477
29	616.776
30	565.137
31	627.791
32	621.205
33	619.882
34	547.985
35	584.218
36	537.78
37	515.428
38	521.533
39	484.08
40	515.91
41	502.641
42	490
43	525.859
44	522.893
45	527.809
46	529.086
47	576.002
48	525.576
49	548.83
50	499.296
51	591.192
52	503.391
53	497.198
54	487.738
55	484.176
56	554.786
57	537.548
58	550.438
59	549.039
60	551.908
61	515.931
62	568.721
63	532.091
64	513.236
65	566.603
66	560.083
67	557.073
68	502.675
69	575.937
70	562.952
71	508.482
72	519.065
73	554.303
74	547.845
75	535.374
76	569.378
77	543.591
78	541.864
79	530.162
80	574.981
81	561.142
82	554.725
83	538.588
84	563.893
85	557.281
86	599.52
87	562.727
88	531.236
89	599.081
90	567.726
91	638.483
92	636.624
93	682.727
94	605.752
95	551.724
96	629.03
97	567.161
98	586.845
99	596.307
100	582.203
101	563.892
102	633.368
103	617.883
104	641.257
105	700.653
106	697.317
107	587.592
108	577.773
109	572.308
110	623.924
111	661.024
112	697.158
113	650.634
114	603.461
115	538.57
116	540.178
117	649.733
118	576.427
119	628.733
120	540.398
121	614.778
122	660.533
123	607.723
124	601.567
125	634.09
126	640.61
127	657.609
128	608.971
129	633.705
130	648.329
131	619.574
132	737.439
133	628.144
134	678.013
135	625.041
136	679.667
137	710.867
138	659.198
139	677.975
140	707.23
141	594.151
142	649.567
143	554.078
144	556.204
145	632.234
146	527.896
147	568.643
148	584.028
149	540.542
150	525.044
151	548.348
152	531.532
153	486.952
154	546.621
155	543.249
156	498.036
157	479.335
158	477.799
159	554.381
160	589.24
161	581.764
162	443.97
163	556.637
164	510.784
165	542.113
166	487.211
167	551.079
168	536.617
169	541.24
170	497.356
171	597.56
172	636.274
173	574.839
174	558.685
175	529.327
176	549.173
177	537.01
178	582.752
179	599.281
180	604.631
181	635.477
182	593.604
183	490.081
184	546.406
185	547.974
186	579.866
187	539.452
188	577.014
189	569.662
190	611.735
191	609.561
192	661.868
193	659.041
194	546.519
195	612.918
196	603.931
197	653.654
198	631.185
199	598.965
200	658.013
201	605.364
202	592.638
203	613.805
204	600.359
205	671.03
206	626.609
207	726.123
208	648.227
209	607.903
210	615.217
211	555.249
212	647.221
213	645.277
214	625.472
215	582.039
216	653.562
217	648.937
218	608.812
219	610.318
220	594.387
221	597.763
222	515.903
223	530.086
224	566.073
225	523.32
226	573.886
227	577.15
228	552.802
229	574.118
230	645.653
231	591.546
232	589.783
233	540.04
234	658.745
235	676.057
236	685.839
237	678.55
238	592.423
239	670.889
240	649.987
241	605.064
242	673.721
243	623.191
244	716.811
245	676.011
246	655.957
247	663.588
248	591.258
249	735.601
250	687.112
251	660.529
252	639.434
253	572.352
254	576.705
255	601.446
256	576.677
257	632.575
258	580.616
259	567.519
260	627.684
261	578.379
262	738.092
263	690.243
264	646.558
265	635.535
266	613.416
267	589.258
268	589.544
269	587.925
270	513.34
271	574.692
272	589.562
273	565.905
274	583.178
275	509.367
276	589.071
277	612.598
278	542.141
279	567.825
280	573.706
281	640.221
282	570.216
283	594.53
284	598.458
285	594.927
286	624.941
287	598.182
288	572.73
289	545.898
290	551.116
291	576.229
292	575.705
293	567.356
294	523.037
295	532.354
296	562.954
297	563.005
298	616.289
299	629.339
300	580.416
301	577.617
302	699.537
303	598.547
304	630.419
305	653.35
306	746.9
307	658.358
308	663.54
309	716.193
310	595.488
311	511.886
312	541.206
313	527.846
314	520.987
315	545.189
316	560.488
317	606.189
318	535.614
319	520.823
320	522.417
321	579.608
322	507.704
323	610.995
324	607.427
325	567.913
326	513.012
327	533.429
328	646.354
329	602.462
330	623.942
331	639.328
332	610.265
333	628.46
334	673.288
335	691.448
336	665.254
337	685.133
338	593.421
339	709.119
340	727.459
341	702.117
342	701.748
343	647.391
344	547.994
345	556.585
346	501.908
347	547.301
348	554.339
349	612.227
350	593.68
351	564.391
352	598.72
353	561.737
354	581.695
355	609.838
356	582.036
357	523.06
358	493.617
359	585.485
360	621.771
361	647.526
362	610.73
363	646.29
364	594.782
365	556.221
366	554.068
367	607.299
368	596.89
369	641.087
370	636.032
371	594.257
372	657.59
373	614.198
374	591.328
375	556.962
376	585.366
377	704.487
378	597.755
379	596.72
380	608.084
381	583.95
382	565.744
383	658.394
384	605.582
385	622.584
386	679.824
387	583.218
388	635.979
389	654.253
390	659.448
391	643.608
392	582.709
393	566.048
394	523.564
395	537.302
396	544.726
397	617.686
398	618.759
399	598.613
400	581.121
401	651.439
402	572.183
403	593.207
404	546.428
405	537.129
406	571.283
407	619.667
408	595.574
409	637.052
410	698.9
411	635.75
412	602.821
413	659.628
414	681.294
415	546.903
416	580.891
417	544.118
418	546.241
419	524.126
420	562.336
421	567.998
422	563.952
423	559.496
424	520.861
425	537.164
426	565.085
427	550.547
428	606.287
429	573.408
430	565.855
431	582.159
432	598.562
433	532.303
434	599.364
435	532.638
436	651.97
437	604.174
438	562.325
439	534.188
440	534.352
441	575.896
442	549.255
443	617.05
444	578.031
445	625.675
446	588.272
447	613.73
448	621.533
449	612.603
450	629.14
451	548.79
452	529.579
453	558.152
454	561.924
455	646.653
456	602.603
457	596.806
458	634.5
459	595.696
460	643.844
461	552.397
462	607.801
463	648.144
464	579.104
465	596.136
466	500.932
467	504.538
468	583.708
469	573.692
470	577.62
471	537.754
472	583.412
473	521.667
474	585.503
475	591.901
476	558.78
477	595.14
478	549.454
479	571.03
480	530.965
481	560.495
482	602.054
483	577.312
484	638.016
485	587.991
486	592.9
487	568.33
488	624.798
489	678.454
490	634.344
491	550.853
492	568.756
493	584.315
494	541.309
495	586.516
496	561.581
497	586.08
498	567.545
499	621.233
500	563.177
501	626.666
502	605.519
503	661.881
504	628.916
505	617.24
506	672.115
507	664.592
508	611.85
509	561.757
510	573.458
511	577.401
512	650.318
513	612.151
514	555.181
515	664.926
516	613.705
517	624.763
518	622.554
519	541.944
520	579.13
521	616.032
522	543.789
523	572.25
524	635.047
525	578.532
526	593.13
527	552.284
528	563.578
529	573.52
530	589.448
531	642.955
532	588.785
533	560.755
534	586.972
535	660.057
536	613.867
537	625.466
538	583.726
539	550.498
540	599.872
541	641.68
542	564.011
543	617.915
544	616.549
545	599.748
546	662.901
547	605.973
548	611.004
549	630.984
550	534.677
551	576.276
552	556.541
553	587.557
554	571.374
555	548.374
556	530.687
557	587.606
558	583.358
559	571.646
560	591.182
561	561.264
562	591.293
563	654.551
564	582.73
565	557.821
566	554.659
567	568.415
568	511.158
569	516.63
570	589.004
571	536.774
572	543.353
573	546.655
574	536.161
575	563.662
576	561.42
577	657.084
578	570.801
579	635.858
580	601.167
581	550.301
582	610.562
583	544.696
584	529.77
585	544.244
586	620.187
587	520.522
588	552.932
589	633.817
590	657.445
591	564.296
592	633.746
593	560.646
594	591.262
595	556.137
596	658.07
597	574.657
598	605.671
599	618.146
600	537.575
