1	597.623
2	813.27
3	955.192
4	736.303
5	741.846
6	807.204
7	879.726
8	854.468
9	779.801
10	542.488
11	475.397
12	696.467
13	667.023
14	841.997
15	923.842
16	728.504
17	877.08
18	835.782
19	1038.29
20	1378.56
21	990.399
22	929.298
23	1058.61
24	653.939
25	851.189
26	884.583
27	1221.31
28	565.816
29	816.765
30	693.125
31	713.181
32	927.943
33	539.099
34	769.068
35	1129.42
36	812.789
37	928.271
38	764.329
39	932.015
40	1038.57
41	932.573
42	863.442
43	909.967
44	809.288
45	942.923
46	477.668
47	736.25
48	921.536
49	975.185
50	671.871
51	875.401
52	657.143
53	775.319
54	747.802
55	527.568
56	962.51
57	824.103
58	689.317
59	821.133
60	715.933
61	543.283
62	571.792
63	665.987
64	702.453
65	734.549
66	897.026
67	820.737
68	728.441
69	942.607
70	807.05
71	639.241
72	875.165
73	646.691
74	610.553
75	728.318
76	847.671
77	572.649
78	855.471
79	839.486
80	756.56
81	768.764
82	700.326
83	760.36
84	849.982
85	870.012
86	816.554
87	715.979
88	899.532
89	802.658
90	967.91
91	831.175
92	1199.07
93	652.738
94	779.522
95	757.854
96	776.335
97	674.843
98	844.305
99	733.638
100	884.632
101	973.445
102	902.994
103	700.345
104	616.524
105	739.424
106	592.336
107	582.16
108	645.632
109	744.935
110	580.343
111	739.767
112	545.5
113	555.754
114	802.78
115	703.773
116	651.847
117	877.458
118	671.039
119	676.334
120	734.513
121	642.187
122	731.025
123	624.511
124	652.502
125	770.951
126	545.232
127	570.517
128	589.886
129	679.433
130	734.795
131	658.933
132	625.65
133	734.168
134	1038.51
135	1016.05
136	936.751
137	849.738
138	817.948
139	882.09
140	740.323
141	787.267
142	827.406
143	741.334
144	774.018
145	826.465
146	834.401
147	769.843
148	780.758
149	654.648
150	746.214
151	772.898
152	704.788
153	704.374
154	712.661
155	653.064
156	645.874
157	710.636
158	754.328
159	733.62
160	778.732
161	789.199
162	854.931
163	798.093
164	890.107
165	703.689
166	604.439
167	886.132
168	702.972
169	661.989
170	663.457
171	747.037
172	802.997
173	765.073
174	635.086
175	670.745
176	629.253
177	598.095
178	765.092
179	880.77
180	683.074
181	899.118
182	817.373
183	943.45
184	813.425
185	807.805
186	1049.66
187	712.239
188	685.995
189	580.173
190	736.651
191	602.836
192	886.069
193	850.378
194	654.19
195	689.643
196	826.437
197	683.812
198	862.295
199	679.54
200	811.564
201	1008.84
202	729.361
203	832.292
204	845.767
205	764.097
206	752.207
207	965.285
208	964.626
209	825.359
210	702.774
211	899.892
212	811.474
213	847.484
214	690.534
215	689.038
216	669.513
217	857.825
218	714.583
219	916.599
220	876.141
221	969.43
222	727.831
223	879.112
224	1088.02
225	849.8
226	1167.74
227	956.995
228	971.728
229	781.873
230	857.584
231	1014.18
232	856.589
233	856.915
234	888.822
235	730.832
236	926.98
237	904.515
238	716.686
239	934.056
240	820.803
241	893.266
242	843.391
243	595.863
244	916.078
245	850.632
246	656.529
247	711.953
248	839.198
249	825.878
250	720.944
251	771.621
252	716.15
253	594.829
254	645.715
255	790.823
256	803.922
257	619.093
258	698.923
259	728.373
260	922.498
261	802.858
262	871.816
263	1031.65
264	593.94
265	616.647
266	914.47
267	682.276
268	632.411
269	889.488
270	874.028
271	705.698
272	766.055
273	718.292
274	1202.99
275	1331.78
276	793.707
277	850.01
278	962.01
279	972.551
280	1006.88
281	835.772
282	744.196
283	1220.81
284	1107.24
285	731.734
286	709.71
287	1201.98
288	485.564
289	713.918
290	540.063
291	820.198
292	979.625
293	568.771
294	641.106
295	757.588
296	732.61
297	809.23
298	812.813
299	910.242
300	779.191
301	850.326
302	765.781
303	822.876
304	781.026
305	785.459
306	858.993
307	853.025
308	511.337
309	371.217
310	354.779
311	566.596
312	693.257
313	833.161
314	807.482
315	628.913
316	630.157
317	666.22
318	693.294
319	875.787
320	568.09
321	463.751
322	557.489
323	662.78
324	711.031
325	646.391
326	641.264
327	879.255
328	958.271
329	654.061
330	681.137
331	526.452
332	426.701
333	521.449
334	478.276
335	786.228
336	752.561
337	608.851
338	676.564
339	838.265
340	569.791
341	655.434
342	664.882
343	690.865
344	432.835
345	556.409
346	397.168
347	654.283
348	670.908
349	502.023
350	649.502
351	815.169
352	714.572
353	587.003
354	894.701
355	642.052
356	634.723
357	677.436
358	913.392
359	1279.97
360	687.753
361	748.899
362	635.866
363	784.085
364	780.42
365	779.016
366	743.308
367	686.019
368	835.089
369	747.396
370	877.658
371	769.994
372	766.671
373	664.723
374	783.013
375	952.066
376	690.069
377	713.517
378	630.66
379	863.059
380	892.657
381	696.971
382	826.284
383	857.217
384	809.824
385	832.494
386	781.578
387	884.028
388	966.664
389	744.745
390	790.759
391	943.514
392	1041.74
393	1025.29
394	680.066
395	690.55
396	962.858
397	847.862
398	833.161
399	952.881
400	891.988
401	664.964
402	768.209
403	895.399
404	671.406
405	895.308
406	705.847
407	781.362
408	797.829
409	984.777
410	736.342
411	908.395
412	958.023
413	972.574
414	802.589
415	842.655
416	687.05
417	872.725
418	780.196
419	809.156
420	885.341
421	790.273
422	821.835
423	897.864
424	831.8
425	825.112
426	898.292
427	836.918
428	1018.58
429	870.416
430	688.437
431	955.779
432	1068.08
433	814.018
434	869.193
435	731.12
436	717.678
437	819.701
438	912.201
439	967.699
440	922.225
441	1044.18
442	1009.95
443	686.121
444	952.192
445	671.693
446	844.873
447	875.674
448	1012.87
449	1072.32
450	883.701
451	773.904
452	861.639
453	935.344
454	943.263
455	765.245
456	701.379
457	755.888
458	849.853
459	827.109
460	714.668
461	959.251
462	958.207
463	719.477
464	779.792
465	818.091
466	711.533
467	710.413
468	840.551
469	794.263
470	758.572
471	763.337
472	757.556
473	556.559
474	840.1
475	777.021
476	737.103
477	819.016
478	945.292
479	788.871
480	692.294
481	841.581
482	703.689
483	709.756
484	1140.3
485	846.541
486	725.414
487	989.55
488	932.593
489	1111.2
490	804.836
491	823.396
492	1070.85
493	880.354
494	696.473
495	929.402
496	801.269
497	707.377
498	730.756
499	911.388
500	819.154
501	603.48
502	771.306
503	881.25
504	769.533
505	914.436
506	546.089
507	506.115
508	502.172
509	699.834
510	573.277
511	564.391
512	673.302
513	531.394
514	546.873
515	700.379
516	717.748
517	731.688
518	805.292
519	949.632
520	537.32
521	538.46
522	769.15
523	619.139
524	549.002
525	770.125
526	619.132
527	658.739
528	774.144
529	786.898
530	792.011
531	737.157
532	652.478
533	810.732
534	861.345
535	714.271
536	962.698
537	698.927
538	733.405
539	813.821
540	883.656
541	964.703
542	725.302
543	811.112
544	905.816
545	916.878
546	677.752
547	331.826
548	420.897
549	492.24
550	567.197
551	431.44
552	524.225
553	599.554
554	854.144
555	645.827
556	652.077
557	681.492
558	953.662
559	974.321
560	681.899
561	681.753
562	731.63
563	848.254
564	810.135
565	568.046
566	919.392
567	676.781
568	694.795
569	704.892
570	788.114
571	820.78
572	835.939
573	567.274
574	500.031
575	485.596
576	476.509
577	488.123
578	680.971
579	608.447
580	828.443
581	641.037
582	820.379
583	913.953
584	836.361
585	928.284
586	658.326
587	527.624
588	416.145
589	479.903
590	498.415
591	628.1
592	412.465
593	562.579
594	556.644
595	383.049
596	572.706
597	343.003
598	561.342
599	611.55
600	347.456
