1	66.8588
2	77.8951
3	73.5778
4	65.6166
5	62.5898
6	52.723
7	58.8736
8	64.6793
9	63.9831
10	60.2923
11	64.769
12	63.2337
13	67.0084
14	51.8083
15	45.385
16	47.958
17	38.7542
18	40.8195
19	57.219
20	56.325
21	52.3428
22	53.0882
23	51.4539
24	44.8541
25	55.4842
26	63.3284
27	52.5077
28	61.8734
29	50.7358
30	46.8013
31	57.6873
32	55.461
33	58.9884
34	49.5108
35	55.8558
36	56.1666
37	55.9024
38	55.5827
39	57.7461
40	55.0799
41	55.5704
42	59.635
43	50.2549
44	49.4432
45	47.9938
46	52.2649
47	47.2285
48	49.6703
49	50.498
50	53.5352
51	60.0585
52	59.0675
53	56.3701
54	55.4855
55	65.6752
56	63.1773
57	56.6016
58	60.1091
59	54.3266
60	54.7503
61	48.5239
62	52.6378
63	46.5547
64	45.8291
65	43.5153
66	65.7803
67	48.704
68	53.6359
69	58.9749
70	66.2767
71	58.1864
72	44.8514
73	43.4522
74	41.669
75	56.0632
76	38.7509
77	45.6979
78	47.9043
79	60.083
80	55.6907
81	56.4969
82	66.5677
83	65.1352
84	53.928
85	46.2708
86	59.6135
87	65.5606
88	70.3327
89	78.723
90	72.3591
91	58.0233
92	56.3608
93	53.9902
94	52.7055
95	55.8766
96	52.2182
97	57.8096
98	59.5042
99	71.7191
100	75.5622
101	65.1621
102	64.5365
103	57.592
104	61.4689
105	63.7244
106	67.0458
107	60.0256
108	66.1745
109	58.8361
110	67.6347
111	76.3122
112	53.9329
113	62.8225
114	63.7175
115	64.2768
116	62.0709
117	59.2012
118	62.268
119	54.139
120	55.6974
121	50.167
122	61.0779
123	49.5305
124	51.6513
125	45.6992
126	47.4174
127	47.1209
128	55.8311
129	52.953
130	66.6464
131	71.1797
132	53.4455
133	53.5987
134	52.7085
135	55.5921
136	52.1811
137	63.8797
138	60.4715
139	61.5527
140	54.8309
141	46.8449
142	47.8875
143	60.4438
144	50.0397
145	62.9397
146	67.1333
147	52.5461
148	56.894
149	66.0106
150	65.9653
151	60.3304
152	57.2704
153	47.1745
154	71.9214
155	42.5416
156	51.8792
157	53.285
158	59.6066
159	55.5153
160	62.5532
161	53.4166
162	51.4116
163	46.9098
164	52.3628
165	50.7056
166	58.9934
167	48.7241
168	55.3138
169	57.0856
170	53.9839
171	57.5558
172	56.8008
173	58.0056
174	49.5803
175	51.429
176	73.9668
177	61.5821
178	55.0716
179	68.3249
180	63.3793
181	71.8045
182	74.7914
183	66.7976
184	63.4831
185	62.3345
186	66.5435
187	66.814
188	68.4484
189	57.527
190	50.3369
191	54.7542
192	63.1073
193	62.1818
194	67.4127
195	72.2769
196	72.8355
197	71.9641
198	66.8176
199	77.2388
200	77.3549
201	71.4226
202	70.9289
203	75.8031
204	67.5435
205	63.2519
206	60.9622
207	55.6724
208	67.5754
209	66.5735
210	66.6666
211	62.3121
212	52.4189
213	79.6877
214	66.4189
215	52.1063
216	66.8096
217	52.4782
218	56.7388
219	54.0894
220	50.2781
221	55.5043
222	51.5091
223	51.0789
224	59.3976
225	58.0965
226	56.0304
227	46.6045
228	48.6587
229	49.2071
230	49.6626
231	43.835
232	49.6403
233	41.0935
234	55.6665
235	55.3567
236	61.7189
237	64.5447
238	61.4517
239	45.0639
240	57.5853
241	55.7433
242	44.3893
243	60.0287
244	63.1666
245	70.9863
246	70.3548
247	58.9591
248	51.8304
249	64.9112
250	73.2633
251	66.9015
252	57.7884
253	58.8064
254	69.7126
255	57.2426
256	61.2422
257	70.4057
258	69.6377
259	57.9693
260	62.4921
261	60.3832
262	72.2211
263	67.3366
264	78.1472
265	63.8516
266	67.7303
267	71.3078
268	66.1962
269	65.1539
270	69.7023
271	50.9372
272	55.0087
273	49.3016
274	75.4269
275	71.043
276	46.7795
277	59.7211
278	66.8831
279	55.7496
280	62.1285
281	62.417
282	58.1612
283	64.0287
284	70.225
285	65.2758
286	77.2506
287	74.6283
288	76.661
289	69.7459
290	71.2807
291	75.3528
292	81.8084
293	82.3765
294	89.9793
295	82.3933
296	80.5284
297	69.3107
298	72.9462
299	84.6148
300	80.5533
301	75.3203
302	72.8817
303	69.8955
304	91.5126
305	80.1754
306	93.1308
307	78.0529
308	78.2798
309	85.4917
310	88.1369
311	87.4674
312	90.2918
313	83.2356
314	65.4922
315	73.2017
316	54.6871
317	63.2418
318	71.0391
319	71.8831
320	60.0887
321	58.1049
322	57.9828
323	58.3764
324	53.2379
325	61.1246
326	61.1276
327	56.3811
328	68.9837
329	83.5702
330	62.4108
331	82.9463
332	70.2442
333	77.1318
334	79.9009
335	84.3445
336	85.672
337	69.7121
338	69.0252
339	76.2455
340	85.7933
341	95.5594
342	68.8397
343	60.9842
344	64.748
345	65.305
346	62.0676
347	71.151
348	57.9744
349	55.4923
350	53.5039
351	66.1811
352	68.5651
353	75.1222
354	74.588
355	72.189
356	81.6779
357	86.6205
358	80.6655
359	84.9205
360	74.8243
361	69.9329
362	75.9137
363	78.5535
364	73.2582
365	68.7821
366	76.6497
367	76.192
368	70.2074
369	64.1797
370	66.9304
371	72.1705
372	73.3731
373	70.6623
374	65.4595
375	65.2434
376	59.3776
377	61.5666
378	61.3871
379	56.3429
380	56.3938
381	70.8414
382	73.5113
383	73.2348
384	66.6467
385	68.1564
386	67.4129
387	70.7341
388	60.0214
389	58.3295
390	62.5023
391	75.5737
392	75.4945
393	74.2827
394	82.7619
395	64.4282
396	45.1761
397	57.9523
398	71.2451
399	65.8212
400	84.7592
401	64.2181
402	55.7073
403	52.4334
404	46.1145
405	59.2099
406	72.4128
407	62.9424
408	60.5844
409	58.5906
410	67.3571
411	75.8661
412	69.8601
413	83.7256
414	73.1515
415	86.0791
416	84.4746
417	89.7424
418	80.4077
419	79.6148
420	67.6386
421	73.4495
422	72.2872
423	70.5399
424	68.842
425	73.0676
426	70.0233
427	70.6959
428	74.5671
429	69.054
430	73.6423
431	73.2409
432	66.6057
433	63.348
434	80.1792
435	68.1239
436	59.72
437	58.0239
438	57.6045
439	64.2735
440	67.9666
441	71.8254
442	75.4881
443	75.2681
444	71.121
445	67.044
446	66.5828
447	54.6415
448	67.2269
449	59.8974
450	64.2567
451	71.8733
452	64.1618
453	74.5688
454	73.4497
455	62.4327
456	72.5878
457	71.366
458	62.4906
459	63.2963
460	74.8774
461	73.888
462	86.5365
463	80.311
464	72.1767
465	70.2724
466	88.1604
467	63.1628
468	71.4852
469	74.3602
470	75.6691
471	73.6791
472	67.1417
473	81.7394
474	73.5331
475	76.8173
476	72.1919
477	78.3208
478	88.8207
479	82.6418
480	85.9074
481	87.7702
482	93.2429
483	76.0442
484	79.6479
485	71.4589
486	77.4583
487	85.7344
488	72.9034
489	79.1205
490	57.4313
491	64.7457
492	67.2905
493	68.5057
494	65.2392
495	70.9286
496	65.2393
497	70.8817
498	67.0705
499	64.3546
500	73.8274
501	65.6863
502	73.6064
503	56.2984
504	58.0084
505	69.7477
506	65.69
507	78.3852
508	68.9126
509	82.1519
510	82.3569
511	70.2656
512	58.8715
513	62.612
514	66.0012
515	77.92
516	74.6901
517	76.313
518	49.2735
519	55.4646
520	62.0666
521	57.1797
522	57.2608
523	62.3222
524	54.9777
525	67.3278
526	47.1936
527	52.616
528	54.1511
529	63.296
530	47.8904
531	53.2704
532	52.946
533	55.399
534	51.9613
535	57.2826
536	56.2326
537	51.0486
538	43.6364
539	52.7031
540	50.1933
541	54.0991
542	54.1374
543	52.571
544	53.3063
545	55.9672
546	48.3125
547	48.1057
548	49.0934
549	53.8527
550	58.5986
551	49.2938
552	50.2333
553	54.6151
554	60.311
555	70.7993
556	62.5835
557	66.1665
558	57.6211
559	64.829
560	67.6477
561	68.4699
562	63.4844
563	65.8121
564	66.1059
565	63.1061
566	58.5677
567	62.3888
568	67.2849
569	63.1037
570	74.3976
571	61.6569
572	58.0188
573	62.0502
574	71.5279
575	54.8188
576	61.158
577	59.0155
578	65.0271
579	58.5603
580	64.7037
581	57.1111
582	64.3838
583	68.7518
584	66.5512
585	72.1668
586	64.5524
587	57.4039
588	65.6752
589	62.6825
590	65.3771
591	53.8758
592	62.8006
593	63.036
594	64.039
595	71.7281
596	68.7336
597	54.3942
598	56.9824
599	48.6463
600	46.7307
