1			7.5085E+06
5			5.3862E+06
10			2.1817E+06
15			2.7084E+05
20			-5.4812E+04
25			-7.8771E+04
30			-8.5106E+04
35			-8.6889E+04
40			-9.1013E+04
45			-9.2096E+04
50			-9.2959E+04
55			-9.4124E+04
60			-9.4727E+04
65			-9.5324E+04
70			-9.5851E+04
75			-9.6337E+04
80			-9.6684E+04
85			-9.7050E+04
90			-9.7375E+04
95			-9.7692E+04
100			-9.8089E+04
105			-9.8275E+04
110			-1.0002E+05
115			-1.0144E+05
120			-1.0201E+05
125			-1.0295E+05
130			-1.0295E+05
135			-1.0338E+05
140			-1.0375E+05
145			-1.0442E+05
150			-1.0462E+05
155			-1.0463E+05
160			-1.0482E+05
165			-1.0516E+05
170			-1.0545E+05
175			-1.0567E+05
180			-1.0568E+05
185			-1.0583E+05
190			-1.0595E+05
195			-1.0616E+05
200			-1.0647E+05
205			-1.0647E+05
210			-1.0664E+05
215			-1.0676E+05
220			-1.0693E+05
225			-1.0704E+05
230			-1.0705E+05
235			-1.0714E+05
240			-1.0723E+05
245			-1.0741E+05
250			-1.0751E+05
255			-1.0752E+05
260			-1.0763E+05
265			-1.0772E+05
270			-1.0785E+05
275			-1.0792E+05
280			-1.0792E+05
285			-1.0801E+05
290			-1.0810E+05
295			-1.0821E+05
300			-1.0828E+05
305			-1.0829E+05
310			-1.0838E+05
315			-1.0843E+05
320			-1.0856E+05
325			-1.0862E+05
330			-1.0863E+05
335			-1.0871E+05
340			-1.0879E+05
345			-1.0887E+05
350			-1.0893E+05
355			-1.0893E+05
360			-1.0901E+05
365			-1.0906E+05
370			-1.0916E+05
375			-1.0921E+05
380			-1.0921E+05
385			-1.0928E+05
390			-1.0934E+05
395			-1.0941E+05
400			-1.0947E+05
405			-1.0947E+05
410			-1.0954E+05
415			-1.0959E+05
420			-1.0966E+05
425			-1.0971E+05
430			-1.0971E+05
435			-1.0977E+05
440			-1.0982E+05
445			-1.0989E+05
450			-1.0993E+05
455			-1.0994E+05
460			-1.1000E+05
465			-1.1004E+05
470			-1.1010E+05
475			-1.1014E+05
480			-1.1015E+05
485			-1.1020E+05
490			-1.1024E+05
495			-1.1030E+05
500			-1.1034E+05
500			-1.1034E+05
