1			-1.1060E+05
5			-1.1062E+05
10			-1.1068E+05
15			-1.1080E+05
20			-1.1104E+05
25			-1.1127E+05
30			-1.1133E+05
35			-1.1138E+05
40			-1.1141E+05
45			-1.1146E+05
50			-1.1149E+05
55			-1.1153E+05
60			-1.1156E+05
65			-1.1160E+05
70			-1.1162E+05
75			-1.1165E+05
80			-1.1168E+05
85			-1.1173E+05
90			-1.1175E+05
95			-1.1178E+05
100			-1.1180E+05
105			-1.1184E+05
110			-1.1226E+05
115			-1.1246E+05
120			-1.1255E+05
125			-1.1277E+05
130			-1.1277E+05
135			-1.1285E+05
140			-1.1291E+05
145			-1.1300E+05
150			-1.1307E+05
155			-1.1308E+05
160			-1.1312E+05
165			-1.1315E+05
170			-1.1321E+05
175			-1.1326E+05
180			-1.1326E+05
185			-1.1332E+05
190			-1.1336E+05
195			-1.1339E+05
200			-1.1342E+05
205			-1.1342E+05
210			-1.1345E+05
215			-1.1346E+05
220			-1.1354E+05
225			-1.1361E+05
230			-1.1361E+05
235			-1.1368E+05
240			-1.1372E+05
245			-1.1375E+05
250			-1.1377E+05
255			-1.1377E+05
260			-1.1379E+05
265			-1.1382E+05
270			-1.1388E+05
275			-1.1405E+05
280			-1.1406E+05
285			-1.1415E+05
290			-1.1418E+05
295			-1.1422E+05
300			-1.1423E+05
305			-1.1423E+05
310			-1.1425E+05
315			-1.1427E+05
320			-1.1432E+05
325			-1.1443E+05
330			-1.1443E+05
335			-1.1449E+05
340			-1.1451E+05
345			-1.1455E+05
350			-1.1456E+05
355			-1.1456E+05
360			-1.1457E+05
365			-1.1459E+05
370			-1.1462E+05
375			-1.1467E+05
380			-1.1467E+05
385			-1.1472E+05
390			-1.1474E+05
395			-1.1476E+05
400			-1.1477E+05
405			-1.1477E+05
410			-1.1479E+05
415			-1.1481E+05
420			-1.1483E+05
425			-1.1492E+05
430			-1.1492E+05
435			-1.1496E+05
440			-1.1497E+05
445			-1.1499E+05
450			-1.1500E+05
455			-1.1501E+05
460			-1.1502E+05
465			-1.1504E+05
470			-1.1505E+05
475			-1.1512E+05
480			-1.1512E+05
485			-1.1515E+05
490			-1.1516E+05
495			-1.1518E+05
500			-1.1519E+05
500			-1.1519E+05
