     141.000           0.9278
     142.000           0.9515
     143.000           0.9677
     144.000           0.9803
     145.000           0.9874
     146.000           0.9949
     147.000           1.0000
     148.000           1.0016
     149.000           1.0041
     150.000           1.0068
     151.000           1.0073
     152.000           1.0102
     153.000           1.0123
     154.000           1.0134
     155.000           1.0128
     156.000           1.0120
     157.000           1.0138
     158.000           1.0160
     159.000           1.0174
     160.000           1.0160
     161.000           1.0156
     162.000           1.0145
     163.000           1.0154
     164.000           1.0155
     165.000           1.0167
     166.000           1.0155
     167.000           1.0161
     168.000           1.0161
     169.000           1.0154
     170.000           1.0140
     171.000           1.0143
     172.000           1.0157
     173.000           1.0144
     174.000           1.0146
     175.000           1.0154
     176.000           1.0150
     177.000           1.0157
     178.000           1.0144
     179.000           1.0143
     180.000           1.0158
     181.000           1.0158
     182.000           1.0169
     183.000           1.0157
     184.000           1.0164
     185.000           1.0153
     186.000           1.0153
     187.000           1.0154
     188.000           1.0143
     189.000           1.0153
     190.000           1.0168
     191.000           1.0170
     192.000           1.0150
     193.000           1.0152
     194.000           1.0167
     195.000           1.0181
     196.000           1.0170
     197.000           1.0170
     198.000           1.0177
     199.000           1.0181
     200.000           1.0173
     201.000           1.0171
     202.000           1.0164
     203.000           1.0157
     204.000           1.0148
     205.000           1.0152
     206.000           1.0157
     207.000           1.0168
     208.000           1.0173
     209.000           1.0163
     210.000           1.0166
     211.000           1.0157
     212.000           1.0145
     213.000           1.0144
     214.000           1.0155
     215.000           1.0150
     216.000           1.0163
     217.000           1.0170
     218.000           1.0182
     219.000           1.0168
     220.000           1.0149
     221.000           1.0156
     222.000           1.0176
     223.000           1.0172
     224.000           1.0176
     225.000           1.0163
     226.000           1.0177
     227.000           1.0171
     228.000           1.0182
     229.000           1.0181
     230.000           1.0187
     231.000           1.0190
     232.000           1.0199
     233.000           1.0177
     234.000           1.0175
     235.000           1.0169
     236.000           1.0169
     237.000           1.0165
     238.000           1.0170
     239.000           1.0180
     240.000           1.0181
     241.000           1.0151
     242.000           1.0156
     243.000           1.0163
     244.000           1.0171
     245.000           1.0174
     246.000           1.0181
     247.000           1.0163
     248.000           1.0170
     249.000           1.0179
     250.000           1.0175
     251.000           1.0169
     252.000           1.0162
     253.000           1.0170
     254.000           1.0174
     255.000           1.0187
     256.000           1.0183
     257.000           1.0185
     258.000           1.0164
     259.000           1.0182
     260.000           1.0187
     261.000           1.0179
     262.000           1.0173
     263.000           1.0177
     264.000           1.0168
     265.000           1.0180
     266.000           1.0180
     267.000           1.0182
     268.000           1.0177
     269.000           1.0179
     270.000           1.0199
     271.000           1.0198
     272.000           1.0197
     273.000           1.0184
     274.000           1.0189
     275.000           1.0187
     276.000           1.0180
     277.000           1.0151
     278.000           1.0138
     279.000           1.0150
     280.000           1.0151
     281.000           1.0153
     282.000           1.0183
     283.000           1.0189
     284.000           1.0192
     285.000           1.0198
     286.000           1.0188
     287.000           1.0184
     288.000           1.0188
     289.000           1.0201
     290.000           1.0195
     291.000           1.0193
     292.000           1.0174
     293.000           1.0170
     294.000           1.0179
     295.000           1.0176
     296.000           1.0167
     297.000           1.0173
     298.000           1.0178
     299.000           1.0171
     300.000           1.0169
     301.000           1.0174
     302.000           1.0169
     303.000           1.0166
     304.000           1.0159
     305.000           1.0168
     306.000           1.0173
     307.000           1.0172
     308.000           1.0165
     309.000           1.0179
     310.000           1.0170
     311.000           1.0167
     312.000           1.0165
     313.000           1.0153
     314.000           1.0175
     315.000           1.0167
     316.000           1.0172
     317.000           1.0164
     318.000           1.0194
     319.000           1.0184
     320.000           1.0168
     321.000           1.0159
     322.000           1.0149
     323.000           1.0161
     324.000           1.0165
     325.000           1.0174
     326.000           1.0163
     327.000           1.0160
     328.000           1.0165
     329.000           1.0158
     330.000           1.0144
     331.000           1.0161
     332.000           1.0176
     333.000           1.0148
     334.000           1.0161
     335.000           1.0160
     336.000           1.0178
     337.000           1.0188
     338.000           1.0173
     339.000           1.0151
     340.000           1.0152
     341.000           1.0151
     342.000           1.0162
     343.000           1.0155
     344.000           1.0158
     345.000           1.0156
     346.000           1.0161
     347.000           1.0154
     348.000           1.0178
     349.000           1.0171
     350.000           1.0163
     351.000           1.0162
     352.000           1.0162
     353.000           1.0164
     354.000           1.0177
     355.000           1.0173
     356.000           1.0139
     357.000           1.0151
     358.000           1.0152
     359.000           1.0155
     360.000           1.0160
     361.000           1.0128
     362.000           1.0142
     363.000           1.0146
     364.000           1.0165
     365.000           1.0180
     366.000           1.0168
     367.000           1.0180
     368.000           1.0180
     369.000           1.0168
     370.000           1.0171
     371.000           1.0163
     372.000           1.0158
     373.000           1.0146
     374.000           1.0148
     375.000           1.0149
     376.000           1.0161
     377.000           1.0156
     378.000           1.0175
     379.000           1.0182
     380.000           1.0201
     381.000           1.0196
     382.000           1.0177
     383.000           1.0161
     384.000           1.0144
     385.000           1.0163
     386.000           1.0187
     387.000           1.0193
     388.000           1.0181
     389.000           1.0190
     390.000           1.0198
     391.000           1.0194
     392.000           1.0198
     393.000           1.0181
     394.000           1.0189
     395.000           1.0196
     396.000           1.0176
     397.000           1.0169
     398.000           1.0175
     399.000           1.0171
     400.000           1.0165
     401.000           1.0159
     402.000           1.0168
     403.000           1.0168
     404.000           1.0163
     405.000           1.0170
     406.000           1.0187
     407.000           1.0175
     408.000           1.0171
     409.000           1.0152
     410.000           1.0177
     411.000           1.0178
     412.000           1.0186
     413.000           1.0184
     414.000           1.0191
     415.000           1.0176
     416.000           1.0178
     417.000           1.0188
     418.000           1.0182
     419.000           1.0172
     420.000           1.0175
     421.000           1.0172
     422.000           1.0164
     423.000           1.0179
     424.000           1.0176
     425.000           1.0181
     426.000           1.0183
     427.000           1.0185
     428.000           1.0161
     429.000           1.0167
     430.000           1.0166
     431.000           1.0166
     432.000           1.0156
     433.000           1.0171
     434.000           1.0177
     435.000           1.0170
     436.000           1.0172
     437.000           1.0156
     438.000           1.0168
     439.000           1.0176
     440.000           1.0172
     441.000           1.0162
     442.000           1.0181
     443.000           1.0192
     444.000           1.0176
     445.000           1.0181
     446.000           1.0159
     447.000           1.0176
     448.000           1.0169
     449.000           1.0165
     450.000           1.0182
     451.000           1.0170
     452.000           1.0161
     453.000           1.0168
     454.000           1.0163
     455.000           1.0179
     456.000           1.0194
     457.000           1.0193
     458.000           1.0181
     459.000           1.0178
     460.000           1.0180
     461.000           1.0177
     462.000           1.0171
     463.000           1.0163
     464.000           1.0148
     465.000           1.0168
     466.000           1.0154
     467.000           1.0163
     468.000           1.0173
     469.000           1.0163
     470.000           1.0152
     471.000           1.0165
     472.000           1.0184
     473.000           1.0165
     474.000           1.0151
     475.000           1.0145
     476.000           1.0152
     477.000           1.0164
     478.000           1.0164
     479.000           1.0163
     480.000           1.0161
     481.000           1.0145
     482.000           1.0152
     483.000           1.0148
     484.000           1.0153
     485.000           1.0158
     486.000           1.0154
     487.000           1.0150
     488.000           1.0160
     489.000           1.0159
     490.000           1.0155
     491.000           1.0159
     492.000           1.0172
     493.000           1.0166
     494.000           1.0189
     495.000           1.0187
     496.000           1.0198
     497.000           1.0192
     498.000           1.0195
     499.000           1.0185
     500.000           1.0184
     501.000           1.0168
     502.000           1.0176
     503.000           1.0193
     504.000           1.0193
     505.000           1.0182
     506.000           1.0174
     507.000           1.0177
     508.000           1.0180
     509.000           1.0165
     510.000           1.0166
     511.000           1.0173
     512.000           1.0173
     513.000           1.0194
     514.000           1.0180
     515.000           1.0169
     516.000           1.0183
     517.000           1.0183
     518.000           1.0169
     519.000           1.0194
     520.000           1.0196
     521.000           1.0191
     522.000           1.0191
     523.000           1.0196
     524.000           1.0175
     525.000           1.0171
     526.000           1.0173
     527.000           1.0159
     528.000           1.0166
     529.000           1.0181
     530.000           1.0180
     531.000           1.0183
     532.000           1.0178
     533.000           1.0186
     534.000           1.0197
     535.000           1.0191
     536.000           1.0184
     537.000           1.0193
     538.000           1.0200
     539.000           1.0195
     540.000           1.0178
     541.000           1.0167
     542.000           1.0189
     543.000           1.0189
     544.000           1.0193
     545.000           1.0195
     546.000           1.0181
     547.000           1.0192
     548.000           1.0177
     549.000           1.0186
     550.000           1.0192
     551.000           1.0188
     552.000           1.0186
     553.000           1.0163
     554.000           1.0161
     555.000           1.0185
     556.000           1.0185
     557.000           1.0174
     558.000           1.0183
     559.000           1.0179
     560.000           1.0165
     561.000           1.0160
     562.000           1.0146
     563.000           1.0149
     564.000           1.0153
     565.000           1.0168
     566.000           1.0162
     567.000           1.0181
     568.000           1.0185
     569.000           1.0188
     570.000           1.0178
     571.000           1.0170
     572.000           1.0182
     573.000           1.0189
     574.000           1.0177
     575.000           1.0177
     576.000           1.0182
     577.000           1.0196
     578.000           1.0184
     579.000           1.0166
     580.000           1.0166
     581.000           1.0162
     582.000           1.0164
     583.000           1.0166
     584.000           1.0172
     585.000           1.0164
     586.000           1.0162
     587.000           1.0161
     588.000           1.0168
     589.000           1.0174
     590.000           1.0158
     591.000           1.0171
     592.000           1.0179
     593.000           1.0157
     594.000           1.0166
     595.000           1.0160
     596.000           1.0175
     597.000           1.0170
     598.000           1.0166
     599.000           1.0173
     600.000           1.0173
     601.000           1.0164
     602.000           1.0167
     603.000           1.0151
     604.000           1.0155
     605.000           1.0154
     606.000           1.0172
     607.000           1.0183
     608.000           1.0167
     609.000           1.0165
     610.000           1.0156
     611.000           1.0147
     612.000           1.0165
     613.000           1.0161
     614.000           1.0161
     615.000           1.0149
     616.000           1.0166
     617.000           1.0160
     618.000           1.0176
     619.000           1.0189
     620.000           1.0189
     621.000           1.0202
     622.000           1.0209
     623.000           1.0190
     624.000           1.0175
     625.000           1.0171
     626.000           1.0158
     627.000           1.0159
     628.000           1.0153
     629.000           1.0155
     630.000           1.0179
     631.000           1.0187
     632.000           1.0182
     633.000           1.0168
     634.000           1.0169
     635.000           1.0157
     636.000           1.0161
     637.000           1.0158
     638.000           1.0155
     639.000           1.0174
     640.000           1.0175
     641.000           1.0180
     642.000           1.0185
     643.000           1.0175
     644.000           1.0183
     645.000           1.0180
     646.000           1.0189
     647.000           1.0178
     648.000           1.0169
     649.000           1.0152
     650.000           1.0162
     651.000           1.0187
     652.000           1.0171
     653.000           1.0192
     654.000           1.0199
     655.000           1.0177
     656.000           1.0179
     657.000           1.0183
     658.000           1.0176
     659.000           1.0159
     660.000           1.0145
     661.000           1.0161
     662.000           1.0146
     663.000           1.0168
     664.000           1.0200
     665.000           1.0199
     666.000           1.0181
     667.000           1.0154
     668.000           1.0152
     669.000           1.0156
     670.000           1.0160
     671.000           1.0168
     672.000           1.0168
     673.000           1.0182
     674.000           1.0168
     675.000           1.0165
     676.000           1.0162
     677.000           1.0150
     678.000           1.0174
     679.000           1.0191
     680.000           1.0191
     681.000           1.0181
     682.000           1.0188
     683.000           1.0187
     684.000           1.0181
     685.000           1.0175
     686.000           1.0188
     687.000           1.0170
     688.000           1.0192
     689.000           1.0182
     690.000           1.0202
     691.000           1.0195
     692.000           1.0197
     693.000           1.0210
     694.000           1.0190
     695.000           1.0180
     696.000           1.0173
     697.000           1.0191
     698.000           1.0179
     699.000           1.0157
     700.000           1.0162
     701.000           1.0182
     702.000           1.0184
     703.000           1.0196
     704.000           1.0189
     705.000           1.0178
     706.000           1.0196
     707.000           1.0202
     708.000           1.0194
     709.000           1.0185
     710.000           1.0194
     711.000           1.0187
     712.000           1.0167
     713.000           1.0151
     714.000           1.0158
     715.000           1.0171
     716.000           1.0157
     717.000           1.0182
     718.000           1.0153
     719.000           1.0173
     720.000           1.0159
     721.000           1.0172
     722.000           1.0164
     723.000           1.0174
     724.000           1.0174
     725.000           1.0185
     726.000           1.0174
     727.000           1.0164
     728.000           1.0150
     729.000           1.0167
     730.000           1.0147
     731.000           1.0145
     732.000           1.0145
     733.000           1.0140
     734.000           1.0151
     735.000           1.0163
     736.000           1.0169
     737.000           1.0179
     738.000           1.0175
     739.000           1.0156
     740.000           1.0158
     741.000           1.0169
     742.000           1.0182
     743.000           1.0184
     744.000           1.0184
     745.000           1.0190
     746.000           1.0178
     747.000           1.0184
     748.000           1.0177
     749.000           1.0173
     750.000           1.0160
     751.000           1.0162
     752.000           1.0159
     753.000           1.0154
     754.000           1.0190
     755.000           1.0177
     756.000           1.0178
     757.000           1.0179
     758.000           1.0196
     759.000           1.0201
     760.000           1.0199
     761.000           1.0184
     762.000           1.0191
     763.000           1.0181
     764.000           1.0163
     765.000           1.0180
     766.000           1.0169
     767.000           1.0158
     768.000           1.0174
     769.000           1.0165
     770.000           1.0158
     771.000           1.0141
     772.000           1.0145
     773.000           1.0165
     774.000           1.0177
     775.000           1.0184
     776.000           1.0180
     777.000           1.0173
     778.000           1.0193
     779.000           1.0192
     780.000           1.0185
     781.000           1.0190
     782.000           1.0170
     783.000           1.0169
     784.000           1.0166
     785.000           1.0172
     786.000           1.0177
     787.000           1.0174
     788.000           1.0178
     789.000           1.0167
     790.000           1.0155
     791.000           1.0163
     792.000           1.0179
     793.000           1.0168
     794.000           1.0146
     795.000           1.0138
     796.000           1.0157
     797.000           1.0149
     798.000           1.0155
     799.000           1.0138
     800.000           1.0161
     801.000           1.0162
     802.000           1.0177
     803.000           1.0186
     804.000           1.0178
     805.000           1.0170
     806.000           1.0185
     807.000           1.0186
     808.000           1.0172
     809.000           1.0159
     810.000           1.0154
     811.000           1.0157
     812.000           1.0176
     813.000           1.0156
     814.000           1.0171
     815.000           1.0176
     816.000           1.0163
     817.000           1.0173
     818.000           1.0186
     819.000           1.0183
     820.000           1.0176
     821.000           1.0184
     822.000           1.0191
     823.000           1.0173
     824.000           1.0171
     825.000           1.0172
     826.000           1.0177
     827.000           1.0185
     828.000           1.0190
     829.000           1.0203
     830.000           1.0214
     831.000           1.0211
     832.000           1.0215
     833.000           1.0201
     834.000           1.0196
     835.000           1.0198
     836.000           1.0201
     837.000           1.0184
     838.000           1.0197
     839.000           1.0189
     840.000           1.0189
     841.000           1.0183
     842.000           1.0177
     843.000           1.0167
     844.000           1.0178
     845.000           1.0185
     846.000           1.0194
     847.000           1.0199
     848.000           1.0192
     849.000           1.0198
     850.000           1.0198
     851.000           1.0210
     852.000           1.0213
     853.000           1.0199
     854.000           1.0208
     855.000           1.0219
     856.000           1.0217
     857.000           1.0211
     858.000           1.0198
     859.000           1.0178
     860.000           1.0209
     861.000           1.0198
     862.000           1.0206
     863.000           1.0189
     864.000           1.0203
     865.000           1.0198
     866.000           1.0178
     867.000           1.0169
     868.000           1.0174
     869.000           1.0187
     870.000           1.0183
     871.000           1.0189
     872.000           1.0192
     873.000           1.0190
     874.000           1.0187
     875.000           1.0178
     876.000           1.0192
     877.000           1.0175
     878.000           1.0180
     879.000           1.0162
     880.000           1.0163
     881.000           1.0174
     882.000           1.0169
     883.000           1.0187
     884.000           1.0188
     885.000           1.0180
     886.000           1.0185
     887.000           1.0163
     888.000           1.0168
     889.000           1.0175
     890.000           1.0183
     891.000           1.0188
     892.000           1.0194
     893.000           1.0188
     894.000           1.0167
     895.000           1.0176
     896.000           1.0162
     897.000           1.0183
     898.000           1.0181
     899.000           1.0176
     900.000           1.0167
     901.000           1.0166
     902.000           1.0158
     903.000           1.0177
     904.000           1.0177
     905.000           1.0183
     906.000           1.0201
     907.000           1.0191
     908.000           1.0200
     909.000           1.0181
     910.000           1.0175
     911.000           1.0190
     912.000           1.0192
     913.000           1.0203
     914.000           1.0185
     915.000           1.0175
     916.000           1.0170
     917.000           1.0170
     918.000           1.0180
     919.000           1.0183
     920.000           1.0185
     921.000           1.0178
     922.000           1.0172
     923.000           1.0162
     924.000           1.0169
     925.000           1.0162
     926.000           1.0173
     927.000           1.0182
     928.000           1.0176
     929.000           1.0191
     930.000           1.0199
     931.000           1.0169
     932.000           1.0185
     933.000           1.0193
     934.000           1.0169
     935.000           1.0159
     936.000           1.0167
     937.000           1.0178
     938.000           1.0179
     939.000           1.0168
     940.000           1.0169
     941.000           1.0163
     942.000           1.0175
     943.000           1.0174
     944.000           1.0177
     945.000           1.0170
     946.000           1.0164
     947.000           1.0162
     948.000           1.0172
     949.000           1.0173
     950.000           1.0171
     951.000           1.0180
     952.000           1.0163
     953.000           1.0165
     954.000           1.0168
     955.000           1.0179
     956.000           1.0188
     957.000           1.0184
     958.000           1.0173
     959.000           1.0175
     960.000           1.0163
     961.000           1.0185
     962.000           1.0177
     963.000           1.0191
     964.000           1.0199
     965.000           1.0203
     966.000           1.0194
     967.000           1.0189
     968.000           1.0182
     969.000           1.0189
     970.000           1.0195
     971.000           1.0185
     972.000           1.0191
     973.000           1.0168
     974.000           1.0171
     975.000           1.0171
     976.000           1.0164
     977.000           1.0164
     978.000           1.0159
     979.000           1.0173
     980.000           1.0189
     981.000           1.0185
     982.000           1.0189
     983.000           1.0188
     984.000           1.0188
     985.000           1.0197
     986.000           1.0195
     987.000           1.0181
     988.000           1.0181
     989.000           1.0184
     990.000           1.0186
     991.000           1.0206
     992.000           1.0185
     993.000           1.0190
     994.000           1.0192
     995.000           1.0183
     996.000           1.0192
     997.000           1.0185
     998.000           1.0169
     999.000           1.0164
    1000.000           1.0163
    1001.000           1.0188
    1002.000           1.0200
    1003.000           1.0188
    1004.000           1.0195
    1005.000           1.0181
    1006.000           1.0180
    1007.000           1.0163
    1008.000           1.0161
    1009.000           1.0171
    1010.000           1.0181
    1011.000           1.0166
    1012.000           1.0169
    1013.000           1.0180
    1014.000           1.0166
    1015.000           1.0151
    1016.000           1.0159
    1017.000           1.0140
    1018.000           1.0162
    1019.000           1.0157
    1020.000           1.0161
    1021.000           1.0169
    1022.000           1.0183
    1023.000           1.0182
    1024.000           1.0163
    1025.000           1.0168
    1026.000           1.0172
    1027.000           1.0173
    1028.000           1.0178
    1029.000           1.0172
    1030.000           1.0179
    1031.000           1.0172
    1032.000           1.0170
    1033.000           1.0165
    1034.000           1.0159
    1035.000           1.0157
    1036.000           1.0154
    1037.000           1.0172
    1038.000           1.0195
    1039.000           1.0208
    1040.000           1.0194
    1041.000           1.0174
    1042.000           1.0173
    1043.000           1.0168
    1044.000           1.0164
    1045.000           1.0159
    1046.000           1.0169
    1047.000           1.0174
    1048.000           1.0171
    1049.000           1.0193
    1050.000           1.0203
    1051.000           1.0184
    1052.000           1.0185
    1053.000           1.0192
    1054.000           1.0201
    1055.000           1.0197
    1056.000           1.0199
    1057.000           1.0201
    1058.000           1.0203
    1059.000           1.0191
    1060.000           1.0203
    1061.000           1.0185
    1062.000           1.0189
    1063.000           1.0177
    1064.000           1.0177
    1065.000           1.0169
    1066.000           1.0200
    1067.000           1.0182
    1068.000           1.0176
    1069.000           1.0176
    1070.000           1.0185
    1071.000           1.0190
    1072.000           1.0182
    1073.000           1.0182
    1074.000           1.0181
    1075.000           1.0194
    1076.000           1.0192
    1077.000           1.0187
    1078.000           1.0178
    1079.000           1.0177
    1080.000           1.0183
    1081.000           1.0189
    1082.000           1.0188
    1083.000           1.0170
    1084.000           1.0157
    1085.000           1.0168
    1086.000           1.0198
    1087.000           1.0207
    1088.000           1.0198
    1089.000           1.0196
    1090.000           1.0179
    1091.000           1.0173
    1092.000           1.0166
    1093.000           1.0169
    1094.000           1.0179
    1095.000           1.0169
    1096.000           1.0168
    1097.000           1.0176
    1098.000           1.0169
    1099.000           1.0169
    1100.000           1.0169
    1101.000           1.0148
    1102.000           1.0182
    1103.000           1.0173
    1104.000           1.0193
    1105.000           1.0176
    1106.000           1.0153
    1107.000           1.0153
    1108.000           1.0171
    1109.000           1.0158
    1110.000           1.0163
    1111.000           1.0175
    1112.000           1.0188
    1113.000           1.0182
    1114.000           1.0161
    1115.000           1.0162
    1116.000           1.0162
    1117.000           1.0161
    1118.000           1.0169
    1119.000           1.0184
    1120.000           1.0184
    1121.000           1.0186
    1122.000           1.0185
    1123.000           1.0183
    1124.000           1.0158
    1125.000           1.0161
    1126.000           1.0184
    1127.000           1.0165
    1128.000           1.0167
    1129.000           1.0167
    1130.000           1.0172
    1131.000           1.0149
    1132.000           1.0168
    1133.000           1.0184
    1134.000           1.0160
    1135.000           1.0173
    1136.000           1.0186
    1137.000           1.0182
    1138.000           1.0191
    1139.000           1.0182
    1140.000           1.0176
    1141.000           1.0162
    1142.000           1.0154
    1143.000           1.0178
    1144.000           1.0191
    1145.000           1.0170
    1146.000           1.0202
    1147.000           1.0202
    1148.000           1.0209
    1149.000           1.0206
    1150.000           1.0195
    1151.000           1.0189
    1152.000           1.0192
    1153.000           1.0175
    1154.000           1.0164
    1155.000           1.0148
    1156.000           1.0164
    1157.000           1.0172
    1158.000           1.0177
    1159.000           1.0194
    1160.000           1.0182
    1161.000           1.0180
    1162.000           1.0169
    1163.000           1.0157
    1164.000           1.0158
    1165.000           1.0168
    1166.000           1.0155
    1167.000           1.0153
    1168.000           1.0162
    1169.000           1.0161
    1170.000           1.0160
    1171.000           1.0165
    1172.000           1.0186
    1173.000           1.0183
    1174.000           1.0171
    1175.000           1.0171
    1176.000           1.0184
    1177.000           1.0176
    1178.000           1.0156
    1179.000           1.0177
    1180.000           1.0176
    1181.000           1.0149
    1182.000           1.0167
    1183.000           1.0196
    1184.000           1.0182
    1185.000           1.0177
    1186.000           1.0170
    1187.000           1.0183
    1188.000           1.0170
    1189.000           1.0187
    1190.000           1.0182
    1191.000           1.0176
    1192.000           1.0183
    1193.000           1.0164
    1194.000           1.0187
    1195.000           1.0184
    1196.000           1.0190
    1197.000           1.0177
    1198.000           1.0159
    1199.000           1.0154
    1200.000           1.0156
    1201.000           1.0175
    1202.000           1.0168
    1203.000           1.0191
    1204.000           1.0184
    1205.000           1.0192
    1206.000           1.0182
    1207.000           1.0168
    1208.000           1.0177
    1209.000           1.0195
    1210.000           1.0197
    1211.000           1.0185
    1212.000           1.0185
    1213.000           1.0184
    1214.000           1.0179
    1215.000           1.0175
    1216.000           1.0167
    1217.000           1.0159
    1218.000           1.0148
    1219.000           1.0145
    1220.000           1.0163
    1221.000           1.0161
    1222.000           1.0157
    1223.000           1.0157
    1224.000           1.0173
    1225.000           1.0164
    1226.000           1.0171
    1227.000           1.0166
    1228.000           1.0180
    1229.000           1.0179
    1230.000           1.0165
    1231.000           1.0171
    1232.000           1.0175
    1233.000           1.0172
    1234.000           1.0168
    1235.000           1.0183
    1236.000           1.0180
    1237.000           1.0178
    1238.000           1.0160
    1239.000           1.0171
    1240.000           1.0155
    1241.000           1.0155
    1242.000           1.0151
    1243.000           1.0180
    1244.000           1.0199
    1245.000           1.0207
    1246.000           1.0192
    1247.000           1.0191
    1248.000           1.0165
    1249.000           1.0148
    1250.000           1.0151
    1251.000           1.0156
    1252.000           1.0161
    1253.000           1.0173
    1254.000           1.0163
    1255.000           1.0159
    1256.000           1.0181
    1257.000           1.0184
    1258.000           1.0202
    1259.000           1.0200
    1260.000           1.0183
    1261.000           1.0179
    1262.000           1.0186
    1263.000           1.0187
    1264.000           1.0185
    1265.000           1.0185
    1266.000           1.0181
    1267.000           1.0178
    1268.000           1.0181
    1269.000           1.0187
    1270.000           1.0170
    1271.000           1.0175
    1272.000           1.0170
    1273.000           1.0170
    1274.000           1.0178
    1275.000           1.0179
    1276.000           1.0170
    1277.000           1.0176
    1278.000           1.0201
    1279.000           1.0192
    1280.000           1.0157
    1281.000           1.0157
    1282.000           1.0161
    1283.000           1.0162
    1284.000           1.0182
    1285.000           1.0168
    1286.000           1.0178
    1287.000           1.0180
    1288.000           1.0171
    1289.000           1.0180
    1290.000           1.0186
    1291.000           1.0192
    1292.000           1.0177
    1293.000           1.0177
    1294.000           1.0175
    1295.000           1.0197
    1296.000           1.0198
    1297.000           1.0188
    1298.000           1.0194
    1299.000           1.0182
    1300.000           1.0182
    1301.000           1.0178
    1302.000           1.0179
    1303.000           1.0176
    1304.000           1.0178
    1305.000           1.0181
    1306.000           1.0156
    1307.000           1.0187
    1308.000           1.0195
    1309.000           1.0193
    1310.000           1.0186
    1311.000           1.0176
    1312.000           1.0183
    1313.000           1.0187
    1314.000           1.0188
    1315.000           1.0178
    1316.000           1.0170
    1317.000           1.0164
    1318.000           1.0171
    1319.000           1.0184
    1320.000           1.0165
    1321.000           1.0160
    1322.000           1.0170
    1323.000           1.0186
    1324.000           1.0208
    1325.000           1.0188
    1326.000           1.0209
    1327.000           1.0197
    1328.000           1.0201
    1329.000           1.0204
    1330.000           1.0207
    1331.000           1.0201
    1332.000           1.0182
    1333.000           1.0177
    1334.000           1.0184
    1335.000           1.0177
    1336.000           1.0164
    1337.000           1.0142
    1338.000           1.0158
    1339.000           1.0176
    1340.000           1.0159
    1341.000           1.0181
    1342.000           1.0170
    1343.000           1.0179
    1344.000           1.0164
    1345.000           1.0163
    1346.000           1.0177
    1347.000           1.0183
    1348.000           1.0186
    1349.000           1.0176
    1350.000           1.0171
    1351.000           1.0175
    1352.000           1.0189
    1353.000           1.0166
    1354.000           1.0147
    1355.000           1.0162
    1356.000           1.0168
    1357.000           1.0192
    1358.000           1.0183
    1359.000           1.0176
    1360.000           1.0196
    1361.000           1.0189
    1362.000           1.0183
    1363.000           1.0183
    1364.000           1.0191
    1365.000           1.0185
    1366.000           1.0179
    1367.000           1.0201
    1368.000           1.0189
    1369.000           1.0169
    1370.000           1.0180
    1371.000           1.0190
    1372.000           1.0185
    1373.000           1.0177
    1374.000           1.0181
    1375.000           1.0192
    1376.000           1.0188
    1377.000           1.0212
    1378.000           1.0214
    1379.000           1.0200
    1380.000           1.0191
    1381.000           1.0192
    1382.000           1.0197
    1383.000           1.0185
    1384.000           1.0184
    1385.000           1.0177
    1386.000           1.0168
    1387.000           1.0176
    1388.000           1.0159
    1389.000           1.0157
    1390.000           1.0163
    1391.000           1.0179
    1392.000           1.0172
    1393.000           1.0194
    1394.000           1.0199
    1395.000           1.0165
    1396.000           1.0166
    1397.000           1.0146
    1398.000           1.0170
    1399.000           1.0156
    1400.000           1.0147
    1401.000           1.0138
    1402.000           1.0156
    1403.000           1.0160
    1404.000           1.0153
    1405.000           1.0154
    1406.000           1.0157
    1407.000           1.0178
    1408.000           1.0181
    1409.000           1.0171
    1410.000           1.0169
    1411.000           1.0166
    1412.000           1.0141
    1413.000           1.0149
    1414.000           1.0164
    1415.000           1.0175
    1416.000           1.0162
    1417.000           1.0160
    1418.000           1.0170
    1419.000           1.0163
    1420.000           1.0147
    1421.000           1.0166
    1422.000           1.0178
    1423.000           1.0153
    1424.000           1.0153
    1425.000           1.0154
    1426.000           1.0186
    1427.000           1.0199
    1428.000           1.0216
    1429.000           1.0179
    1430.000           1.0181
    1431.000           1.0168
    1432.000           1.0159
    1433.000           1.0160
    1434.000           1.0166
    1435.000           1.0169
    1436.000           1.0165
    1437.000           1.0152
    1438.000           1.0162
    1439.000           1.0167
    1440.000           1.0153
    1441.000           1.0168
    1442.000           1.0186
    1443.000           1.0189
    1444.000           1.0190
    1445.000           1.0210
    1446.000           1.0201
    1447.000           1.0183
    1448.000           1.0166
    1449.000           1.0153
    1450.000           1.0169
    1451.000           1.0164
    1452.000           1.0165
    1453.000           1.0153
    1454.000           1.0184
    1455.000           1.0183
    1456.000           1.0179
    1457.000           1.0174
    1458.000           1.0162
    1459.000           1.0161
    1460.000           1.0165
    1461.000           1.0183
    1462.000           1.0187
    1463.000           1.0153
    1464.000           1.0169
    1465.000           1.0182
    1466.000           1.0171
    1467.000           1.0193
    1468.000           1.0160
    1469.000           1.0158
    1470.000           1.0171
    1471.000           1.0179
    1472.000           1.0196
    1473.000           1.0190
    1474.000           1.0190
    1475.000           1.0179
    1476.000           1.0176
    1477.000           1.0186
    1478.000           1.0184
    1479.000           1.0203
    1480.000           1.0182
    1481.000           1.0182
    1482.000           1.0186
    1483.000           1.0173
    1484.000           1.0181
    1485.000           1.0185
    1486.000           1.0190
    1487.000           1.0169
    1488.000           1.0175
    1489.000           1.0182
    1490.000           1.0186
    1491.000           1.0181
    1492.000           1.0179
    1493.000           1.0165
    1494.000           1.0176
    1495.000           1.0193
    1496.000           1.0199
    1497.000           1.0190
    1498.000           1.0190
    1499.000           1.0185
    1500.000           1.0184
    1501.000           1.0186
    1502.000           1.0164
    1503.000           1.0142
    1504.000           1.0164
    1505.000           1.0170
    1506.000           1.0185
    1507.000           1.0181
    1508.000           1.0184
    1509.000           1.0182
    1510.000           1.0180
    1511.000           1.0170
    1512.000           1.0182
    1513.000           1.0182
    1514.000           1.0193
    1515.000           1.0179
    1516.000           1.0175
    1517.000           1.0182
    1518.000           1.0199
    1519.000           1.0186
    1520.000           1.0170
    1521.000           1.0161
    1522.000           1.0162
    1523.000           1.0168
    1524.000           1.0178
    1525.000           1.0153
    1526.000           1.0162
    1527.000           1.0174
    1528.000           1.0183
    1529.000           1.0169
    1530.000           1.0169
    1531.000           1.0170
    1532.000           1.0153
    1533.000           1.0177
    1534.000           1.0183
    1535.000           1.0176
    1536.000           1.0182
    1537.000           1.0192
    1538.000           1.0172
    1539.000           1.0180
    1540.000           1.0190
    1541.000           1.0188
    1542.000           1.0187
    1543.000           1.0179
    1544.000           1.0198
    1545.000           1.0188
    1546.000           1.0185
    1547.000           1.0202
    1548.000           1.0207
    1549.000           1.0197
    1550.000           1.0189
    1551.000           1.0188
    1552.000           1.0163
    1553.000           1.0152
    1554.000           1.0170
    1555.000           1.0160
    1556.000           1.0183
    1557.000           1.0176
    1558.000           1.0174
    1559.000           1.0188
    1560.000           1.0178
    1561.000           1.0167
    1562.000           1.0185
    1563.000           1.0162
    1564.000           1.0164
    1565.000           1.0163
    1566.000           1.0175
    1567.000           1.0172
    1568.000           1.0169
    1569.000           1.0189
    1570.000           1.0178
    1571.000           1.0195
    1572.000           1.0193
    1573.000           1.0184
    1574.000           1.0192
    1575.000           1.0179
    1576.000           1.0154
    1577.000           1.0169
    1578.000           1.0187
    1579.000           1.0199
    1580.000           1.0201
    1581.000           1.0216
    1582.000           1.0205
    1583.000           1.0197
    1584.000           1.0184
    1585.000           1.0202
    1586.000           1.0188
    1587.000           1.0192
    1588.000           1.0184
    1589.000           1.0192
    1590.000           1.0196
    1591.000           1.0189
    1592.000           1.0182
    1593.000           1.0178
    1594.000           1.0167
    1595.000           1.0154
    1596.000           1.0170
    1597.000           1.0178
    1598.000           1.0197
    1599.000           1.0206
    1600.000           1.0193
    1601.000           1.0195
    1602.000           1.0183
    1603.000           1.0201
    1604.000           1.0207
    1605.000           1.0184
    1606.000           1.0189
    1607.000           1.0178
    1608.000           1.0164
    1609.000           1.0163
    1610.000           1.0178
    1611.000           1.0168
    1612.000           1.0162
    1613.000           1.0164
    1614.000           1.0164
    1615.000           1.0179
    1616.000           1.0180
    1617.000           1.0182
    1618.000           1.0173
    1619.000           1.0181
    1620.000           1.0189
    1621.000           1.0180
    1622.000           1.0186
    1623.000           1.0186
    1624.000           1.0166
    1625.000           1.0172
    1626.000           1.0165
    1627.000           1.0171
    1628.000           1.0182
    1629.000           1.0190
    1630.000           1.0209
    1631.000           1.0206
    1632.000           1.0212
    1633.000           1.0193
    1634.000           1.0195
    1635.000           1.0188
    1636.000           1.0181
    1637.000           1.0174
    1638.000           1.0179
    1639.000           1.0179
    1640.000           1.0168
    1641.000           1.0181
    1642.000           1.0226
    1643.000           1.0207
    1644.000           1.0191
    1645.000           1.0196
    1646.000           1.0184
    1647.000           1.0157
    1648.000           1.0161
    1649.000           1.0171
    1650.000           1.0179
    1651.000           1.0167
    1652.000           1.0168
    1653.000           1.0177
    1654.000           1.0168
    1655.000           1.0176
    1656.000           1.0164
    1657.000           1.0168
    1658.000           1.0159
    1659.000           1.0163
    1660.000           1.0167
    1661.000           1.0164
    1662.000           1.0174
    1663.000           1.0172
    1664.000           1.0172
    1665.000           1.0175
    1666.000           1.0158
    1667.000           1.0173
    1668.000           1.0178
    1669.000           1.0175
    1670.000           1.0184
    1671.000           1.0181
    1672.000           1.0183
    1673.000           1.0190
    1674.000           1.0169
    1675.000           1.0182
    1676.000           1.0201
    1677.000           1.0189
    1678.000           1.0192
    1679.000           1.0190
    1680.000           1.0176
    1681.000           1.0161
    1682.000           1.0152
    1683.000           1.0183
    1684.000           1.0181
    1685.000           1.0175
    1686.000           1.0170
    1687.000           1.0173
    1688.000           1.0178
    1689.000           1.0174
    1690.000           1.0179
    1691.000           1.0183
    1692.000           1.0169
    1693.000           1.0165
    1694.000           1.0173
    1695.000           1.0172
    1696.000           1.0158
    1697.000           1.0185
    1698.000           1.0189
    1699.000           1.0199
    1700.000           1.0184
    1701.000           1.0180
    1702.000           1.0160
    1703.000           1.0162
    1704.000           1.0169
    1705.000           1.0159
    1706.000           1.0161
    1707.000           1.0166
    1708.000           1.0159
    1709.000           1.0174
    1710.000           1.0174
    1711.000           1.0183
    1712.000           1.0197
    1713.000           1.0201
    1714.000           1.0194
    1715.000           1.0177
    1716.000           1.0179
    1717.000           1.0186
    1718.000           1.0198
    1719.000           1.0205
    1720.000           1.0196
    1721.000           1.0188
    1722.000           1.0197
    1723.000           1.0194
    1724.000           1.0207
    1725.000           1.0212
    1726.000           1.0201
    1727.000           1.0170
    1728.000           1.0197
    1729.000           1.0212
    1730.000           1.0198
    1731.000           1.0203
    1732.000           1.0201
    1733.000           1.0187
    1734.000           1.0188
    1735.000           1.0189
    1736.000           1.0206
    1737.000           1.0221
    1738.000           1.0203
    1739.000           1.0179
    1740.000           1.0189
    1741.000           1.0194
    1742.000           1.0187
    1743.000           1.0168
    1744.000           1.0170
    1745.000           1.0170
    1746.000           1.0179
    1747.000           1.0181
    1748.000           1.0164
    1749.000           1.0179
    1750.000           1.0157
    1751.000           1.0165
    1752.000           1.0173
    1753.000           1.0172
    1754.000           1.0183
    1755.000           1.0187
    1756.000           1.0168
    1757.000           1.0147
    1758.000           1.0167
    1759.000           1.0188
    1760.000           1.0187
    1761.000           1.0179
    1762.000           1.0174
    1763.000           1.0174
    1764.000           1.0167
    1765.000           1.0189
    1766.000           1.0191
    1767.000           1.0196
    1768.000           1.0202
    1769.000           1.0184
    1770.000           1.0208
    1771.000           1.0204
    1772.000           1.0195
    1773.000           1.0192
    1774.000           1.0187
    1775.000           1.0199
    1776.000           1.0186
    1777.000           1.0175
    1778.000           1.0187
    1779.000           1.0164
    1780.000           1.0178
    1781.000           1.0187
    1782.000           1.0192
    1783.000           1.0195
    1784.000           1.0190
    1785.000           1.0189
    1786.000           1.0161
    1787.000           1.0164
    1788.000           1.0166
    1789.000           1.0149
    1790.000           1.0171
    1791.000           1.0198
    1792.000           1.0177
    1793.000           1.0185
    1794.000           1.0197
    1795.000           1.0197
    1796.000           1.0189
    1797.000           1.0192
    1798.000           1.0195
    1799.000           1.0191
    1800.000           1.0215
    1801.000           1.0190
    1802.000           1.0184
    1803.000           1.0168
    1804.000           1.0168
    1805.000           1.0181
    1806.000           1.0182
    1807.000           1.0180
    1808.000           1.0175
    1809.000           1.0173
    1810.000           1.0166
    1811.000           1.0151
    1812.000           1.0164
    1813.000           1.0171
    1814.000           1.0178
    1815.000           1.0188
    1816.000           1.0187
    1817.000           1.0186
    1818.000           1.0193
    1819.000           1.0181
    1820.000           1.0168
    1821.000           1.0159
    1822.000           1.0168
    1823.000           1.0187
    1824.000           1.0189
    1825.000           1.0172
    1826.000           1.0185
    1827.000           1.0174
    1828.000           1.0184
    1829.000           1.0183
    1830.000           1.0186
    1831.000           1.0193
    1832.000           1.0181
    1833.000           1.0190
    1834.000           1.0183
    1835.000           1.0211
    1836.000           1.0191
    1837.000           1.0190
    1838.000           1.0185
    1839.000           1.0178
    1840.000           1.0187
    1841.000           1.0195
    1842.000           1.0188
    1843.000           1.0190
    1844.000           1.0209
    1845.000           1.0187
    1846.000           1.0189
    1847.000           1.0183
    1848.000           1.0180
    1849.000           1.0177
    1850.000           1.0187
    1851.000           1.0200
    1852.000           1.0209
    1853.000           1.0194
    1854.000           1.0200
    1855.000           1.0191
    1856.000           1.0189
    1857.000           1.0172
    1858.000           1.0171
    1859.000           1.0182
    1860.000           1.0187
    1861.000           1.0193
    1862.000           1.0185
    1863.000           1.0179
    1864.000           1.0203
    1865.000           1.0205
    1866.000           1.0198
    1867.000           1.0198
    1868.000           1.0182
    1869.000           1.0168
    1870.000           1.0171
    1871.000           1.0193
    1872.000           1.0180
    1873.000           1.0171
    1874.000           1.0183
    1875.000           1.0180
    1876.000           1.0170
    1877.000           1.0184
    1878.000           1.0200
    1879.000           1.0197
    1880.000           1.0191
    1881.000           1.0194
    1882.000           1.0185
    1883.000           1.0183
    1884.000           1.0195
    1885.000           1.0171
    1886.000           1.0169
    1887.000           1.0207
    1888.000           1.0204
    1889.000           1.0186
    1890.000           1.0181
    1891.000           1.0203
    1892.000           1.0197
    1893.000           1.0189
    1894.000           1.0190
    1895.000           1.0192
    1896.000           1.0204
    1897.000           1.0181
    1898.000           1.0186
    1899.000           1.0183
    1900.000           1.0197
    1901.000           1.0195
    1902.000           1.0182
    1903.000           1.0186
    1904.000           1.0198
    1905.000           1.0183
    1906.000           1.0193
    1907.000           1.0197
    1908.000           1.0195
    1909.000           1.0186
    1910.000           1.0174
    1911.000           1.0171
    1912.000           1.0177
    1913.000           1.0178
    1914.000           1.0189
    1915.000           1.0203
    1916.000           1.0201
    1917.000           1.0209
    1918.000           1.0211
    1919.000           1.0191
    1920.000           1.0186
    1921.000           1.0179
    1922.000           1.0182
    1923.000           1.0194
    1924.000           1.0183
    1925.000           1.0178
    1926.000           1.0187
    1927.000           1.0180
    1928.000           1.0198
    1929.000           1.0194
    1930.000           1.0196
    1931.000           1.0202
    1932.000           1.0183
    1933.000           1.0181
    1934.000           1.0173
    1935.000           1.0168
    1936.000           1.0160
    1937.000           1.0156
    1938.000           1.0153
    1939.000           1.0178
    1940.000           1.0182
    1941.000           1.0175
    1942.000           1.0186
    1943.000           1.0163
    1944.000           1.0160
    1945.000           1.0168
    1946.000           1.0178
    1947.000           1.0195
    1948.000           1.0191
    1949.000           1.0177
    1950.000           1.0182
    1951.000           1.0189
    1952.000           1.0198
    1953.000           1.0181
    1954.000           1.0179
    1955.000           1.0191
    1956.000           1.0180
    1957.000           1.0165
    1958.000           1.0162
    1959.000           1.0177
    1960.000           1.0182
    1961.000           1.0172
    1962.000           1.0175
    1963.000           1.0178
    1964.000           1.0182
    1965.000           1.0186
    1966.000           1.0190
    1967.000           1.0182
    1968.000           1.0185
    1969.000           1.0171
    1970.000           1.0162
    1971.000           1.0169
    1972.000           1.0169
    1973.000           1.0175
    1974.000           1.0163
    1975.000           1.0171
    1976.000           1.0179
    1977.000           1.0194
    1978.000           1.0183
    1979.000           1.0165
    1980.000           1.0167
    1981.000           1.0172
    1982.000           1.0182
    1983.000           1.0174
    1984.000           1.0175
    1985.000           1.0171
    1986.000           1.0159
    1987.000           1.0161
    1988.000           1.0168
    1989.000           1.0190
    1990.000           1.0181
    1991.000           1.0178
    1992.000           1.0191
    1993.000           1.0202
    1994.000           1.0218
    1995.000           1.0217
    1996.000           1.0198
    1997.000           1.0206
    1998.000           1.0199
    1999.000           1.0176
    2000.000           1.0159
    2001.000           1.0159
    2002.000           1.0179
    2003.000           1.0175
    2004.000           1.0178
    2005.000           1.0177
    2006.000           1.0182
    2007.000           1.0173
    2008.000           1.0176
    2009.000           1.0200
    2010.000           1.0201
    2011.000           1.0184
    2012.000           1.0171
    2013.000           1.0165
    2014.000           1.0172
    2015.000           1.0172
    2016.000           1.0180
    2017.000           1.0183
    2018.000           1.0162
    2019.000           1.0156
    2020.000           1.0175
    2021.000           1.0198
    2022.000           1.0194
    2023.000           1.0170
    2024.000           1.0158
    2025.000           1.0163
    2026.000           1.0164
    2027.000           1.0168
    2028.000           1.0170
    2029.000           1.0186
    2030.000           1.0178
    2031.000           1.0188
    2032.000           1.0193
    2033.000           1.0200
    2034.000           1.0191
    2035.000           1.0201
    2036.000           1.0193
    2037.000           1.0172
    2038.000           1.0170
    2039.000           1.0182
    2040.000           1.0173
    2041.000           1.0170
    2042.000           1.0174
    2043.000           1.0176
    2044.000           1.0181
    2045.000           1.0185
    2046.000           1.0194
    2047.000           1.0178
    2048.000           1.0169
    2049.000           1.0174
    2050.000           1.0180
    2051.000           1.0172
    2052.000           1.0182
    2053.000           1.0175
    2054.000           1.0169
    2055.000           1.0171
    2056.000           1.0189
    2057.000           1.0172
    2058.000           1.0200
    2059.000           1.0203
    2060.000           1.0197
    2061.000           1.0194
    2062.000           1.0186
    2063.000           1.0197
    2064.000           1.0188
    2065.000           1.0179
    2066.000           1.0186
    2067.000           1.0161
    2068.000           1.0163
    2069.000           1.0165
    2070.000           1.0169
    2071.000           1.0179
    2072.000           1.0184
    2073.000           1.0185
    2074.000           1.0197
    2075.000           1.0204
    2076.000           1.0192
    2077.000           1.0191
    2078.000           1.0205
    2079.000           1.0205
    2080.000           1.0190
    2081.000           1.0191
    2082.000           1.0191
    2083.000           1.0185
    2084.000           1.0199
    2085.000           1.0201
    2086.000           1.0214
    2087.000           1.0218
    2088.000           1.0196
    2089.000           1.0161
    2090.000           1.0159
    2091.000           1.0170
    2092.000           1.0179
    2093.000           1.0186
    2094.000           1.0199
    2095.000           1.0184
    2096.000           1.0183
    2097.000           1.0178
    2098.000           1.0192
    2099.000           1.0169
    2100.000           1.0164
    2101.000           1.0152
    2102.000           1.0160
    2103.000           1.0165
    2104.000           1.0164
    2105.000           1.0172
    2106.000           1.0173
    2107.000           1.0173
    2108.000           1.0175
    2109.000           1.0197
    2110.000           1.0169
    2111.000           1.0164
    2112.000           1.0198
    2113.000           1.0184
    2114.000           1.0188
    2115.000           1.0176
    2116.000           1.0178
    2117.000           1.0178
    2118.000           1.0168
    2119.000           1.0181
    2120.000           1.0180
    2121.000           1.0179
    2122.000           1.0179
    2123.000           1.0184
    2124.000           1.0173
    2125.000           1.0175
    2126.000           1.0189
    2127.000           1.0188
    2128.000           1.0198
    2129.000           1.0178
    2130.000           1.0167
    2131.000           1.0161
    2132.000           1.0147
    2133.000           1.0155
    2134.000           1.0187
    2135.000           1.0184
    2136.000           1.0173
    2137.000           1.0162
    2138.000           1.0191
    2139.000           1.0191
    2140.000           1.0191
    2141.000           1.0188
    2142.000           1.0195
    2143.000           1.0186
    2144.000           1.0198
    2145.000           1.0182
    2146.000           1.0182
    2147.000           1.0167
    2148.000           1.0170
    2149.000           1.0167
    2150.000           1.0182
    2151.000           1.0179
    2152.000           1.0184
    2153.000           1.0175
    2154.000           1.0182
    2155.000           1.0172
    2156.000           1.0178
    2157.000           1.0213
    2158.000           1.0182
    2159.000           1.0190
    2160.000           1.0195
    2161.000           1.0183
    2162.000           1.0175
    2163.000           1.0180
    2164.000           1.0181
    2165.000           1.0181
    2166.000           1.0165
    2167.000           1.0178
    2168.000           1.0185
    2169.000           1.0200
    2170.000           1.0176
    2171.000           1.0167
    2172.000           1.0189
    2173.000           1.0176
    2174.000           1.0180
    2175.000           1.0193
    2176.000           1.0201
    2177.000           1.0199
    2178.000           1.0181
    2179.000           1.0180
    2180.000           1.0169
    2181.000           1.0175
    2182.000           1.0179
    2183.000           1.0178
    2184.000           1.0186
    2185.000           1.0159
    2186.000           1.0165
    2187.000           1.0175
    2188.000           1.0168
    2189.000           1.0172
    2190.000           1.0158
    2191.000           1.0152
    2192.000           1.0159
    2193.000           1.0182
    2194.000           1.0175
    2195.000           1.0176
    2196.000           1.0174
    2197.000           1.0151
    2198.000           1.0148
    2199.000           1.0149
    2200.000           1.0164
    2201.000           1.0160
    2202.000           1.0162
    2203.000           1.0151
    2204.000           1.0169
    2205.000           1.0177
    2206.000           1.0172
    2207.000           1.0164
    2208.000           1.0161
    2209.000           1.0182
    2210.000           1.0168
    2211.000           1.0177
    2212.000           1.0170
    2213.000           1.0179
    2214.000           1.0173
    2215.000           1.0181
    2216.000           1.0198
    2217.000           1.0192
    2218.000           1.0176
    2219.000           1.0195
    2220.000           1.0187
    2221.000           1.0194
    2222.000           1.0176
    2223.000           1.0172
    2224.000           1.0176
    2225.000           1.0164
    2226.000           1.0161
    2227.000           1.0180
    2228.000           1.0170
    2229.000           1.0172
    2230.000           1.0173
    2231.000           1.0192
    2232.000           1.0192
    2233.000           1.0181
    2234.000           1.0188
    2235.000           1.0189
    2236.000           1.0187
    2237.000           1.0188
    2238.000           1.0195
    2239.000           1.0192
    2240.000           1.0177
    2241.000           1.0163
    2242.000           1.0168
    2243.000           1.0201
    2244.000           1.0193
    2245.000           1.0187
    2246.000           1.0205
    2247.000           1.0188
    2248.000           1.0181
    2249.000           1.0177
    2250.000           1.0177
    2251.000           1.0199
    2252.000           1.0202
    2253.000           1.0203
    2254.000           1.0192
    2255.000           1.0194
    2256.000           1.0193
    2257.000           1.0201
    2258.000           1.0184
    2259.000           1.0175
    2260.000           1.0182
    2261.000           1.0177
    2262.000           1.0189
    2263.000           1.0167
    2264.000           1.0172
    2265.000           1.0179
    2266.000           1.0168
    2267.000           1.0153
    2268.000           1.0173
    2269.000           1.0181
    2270.000           1.0179
    2271.000           1.0157
    2272.000           1.0159
    2273.000           1.0173
    2274.000           1.0186
    2275.000           1.0176
    2276.000           1.0177
    2277.000           1.0175
    2278.000           1.0165
    2279.000           1.0157
    2280.000           1.0156
    2281.000           1.0155
    2282.000           1.0170
    2283.000           1.0173
    2284.000           1.0166
    2285.000           1.0160
    2286.000           1.0169
    2287.000           1.0181
    2288.000           1.0195
    2289.000           1.0201
    2290.000           1.0178
    2291.000           1.0187
    2292.000           1.0160
    2293.000           1.0166
    2294.000           1.0176
    2295.000           1.0164
    2296.000           1.0176
    2297.000           1.0182
    2298.000           1.0179
    2299.000           1.0185
    2300.000           1.0175
    2301.000           1.0198
    2302.000           1.0201
    2303.000           1.0195
    2304.000           1.0205
    2305.000           1.0205
    2306.000           1.0207
    2307.000           1.0184
    2308.000           1.0192
    2309.000           1.0187
    2310.000           1.0200
    2311.000           1.0195
    2312.000           1.0205
    2313.000           1.0189
    2314.000           1.0181
    2315.000           1.0155
    2316.000           1.0167
    2317.000           1.0196
    2318.000           1.0184
    2319.000           1.0187
    2320.000           1.0197
    2321.000           1.0187
    2322.000           1.0196
    2323.000           1.0191
    2324.000           1.0199
    2325.000           1.0202
    2326.000           1.0184
    2327.000           1.0172
    2328.000           1.0173
    2329.000           1.0181
    2330.000           1.0160
    2331.000           1.0181
    2332.000           1.0171
    2333.000           1.0182
    2334.000           1.0182
    2335.000           1.0185
    2336.000           1.0201
    2337.000           1.0203
    2338.000           1.0203
    2339.000           1.0204
    2340.000           1.0191
    2341.000           1.0183
    2342.000           1.0176
    2343.000           1.0177
    2344.000           1.0181
    2345.000           1.0196
    2346.000           1.0180
    2347.000           1.0193
    2348.000           1.0173
    2349.000           1.0162
    2350.000           1.0156
    2351.000           1.0174
    2352.000           1.0172
    2353.000           1.0177
    2354.000           1.0166
    2355.000           1.0179
    2356.000           1.0185
    2357.000           1.0187
    2358.000           1.0169
    2359.000           1.0163
    2360.000           1.0173
    2361.000           1.0190
    2362.000           1.0192
    2363.000           1.0203
    2364.000           1.0185
    2365.000           1.0177
    2366.000           1.0166
    2367.000           1.0172
    2368.000           1.0167
    2369.000           1.0166
    2370.000           1.0175
    2371.000           1.0170
    2372.000           1.0195
    2373.000           1.0199
    2374.000           1.0178
    2375.000           1.0183
    2376.000           1.0173
    2377.000           1.0178
    2378.000           1.0182
    2379.000           1.0194
    2380.000           1.0199
    2381.000           1.0198
    2382.000           1.0186
    2383.000           1.0175
    2384.000           1.0181
    2385.000           1.0166
    2386.000           1.0142
    2387.000           1.0152
    2388.000           1.0177
    2389.000           1.0183
    2390.000           1.0182
    2391.000           1.0184
    2392.000           1.0185
    2393.000           1.0193
    2394.000           1.0199
    2395.000           1.0179
    2396.000           1.0177
    2397.000           1.0173
    2398.000           1.0174
    2399.000           1.0172
    2400.000           1.0186
    2401.000           1.0183
    2402.000           1.0167
    2403.000           1.0168
    2404.000           1.0176
    2405.000           1.0151
    2406.000           1.0161
    2407.000           1.0164
    2408.000           1.0167
    2409.000           1.0190
    2410.000           1.0173
    2411.000           1.0165
    2412.000           1.0155
    2413.000           1.0158
    2414.000           1.0157
    2415.000           1.0157
    2416.000           1.0173
    2417.000           1.0190
    2418.000           1.0183
    2419.000           1.0173
    2420.000           1.0175
    2421.000           1.0175
    2422.000           1.0177
    2423.000           1.0184
    2424.000           1.0159
    2425.000           1.0169
    2426.000           1.0167
    2427.000           1.0174
    2428.000           1.0160
    2429.000           1.0156
    2430.000           1.0144
    2431.000           1.0153
    2432.000           1.0164
    2433.000           1.0168
    2434.000           1.0155
    2435.000           1.0161
    2436.000           1.0160
    2437.000           1.0173
    2438.000           1.0170
    2439.000           1.0170
    2440.000           1.0185
    2441.000           1.0183
    2442.000           1.0193
    2443.000           1.0174
    2444.000           1.0189
    2445.000           1.0189
    2446.000           1.0187
    2447.000           1.0200
    2448.000           1.0183
    2449.000           1.0180
    2450.000           1.0183
    2451.000           1.0185
    2452.000           1.0175
    2453.000           1.0175
    2454.000           1.0153
    2455.000           1.0155
    2456.000           1.0167
    2457.000           1.0173
    2458.000           1.0185
    2459.000           1.0164
    2460.000           1.0170
    2461.000           1.0161
    2462.000           1.0186
    2463.000           1.0187
    2464.000           1.0190
    2465.000           1.0206
    2466.000           1.0193
    2467.000           1.0194
    2468.000           1.0196
    2469.000           1.0189
    2470.000           1.0202
    2471.000           1.0191
    2472.000           1.0189
    2473.000           1.0199
    2474.000           1.0191
    2475.000           1.0187
    2476.000           1.0185
    2477.000           1.0186
    2478.000           1.0167
    2479.000           1.0193
    2480.000           1.0157
    2481.000           1.0146
    2482.000           1.0149
    2483.000           1.0175
    2484.000           1.0169
    2485.000           1.0166
    2486.000           1.0173
    2487.000           1.0179
    2488.000           1.0186
    2489.000           1.0180
    2490.000           1.0198
    2491.000           1.0196
    2492.000           1.0184
    2493.000           1.0194
    2494.000           1.0173
    2495.000           1.0184
    2496.000           1.0204
    2497.000           1.0191
    2498.000           1.0161
    2499.000           1.0162
    2500.000           1.0170
    2501.000           1.0166
    2502.000           1.0168
    2503.000           1.0176
    2504.000           1.0185
    2505.000           1.0165
    2506.000           1.0150
    2507.000           1.0153
    2508.000           1.0159
    2509.000           1.0187
    2510.000           1.0200
    2511.000           1.0192
    2512.000           1.0171
    2513.000           1.0189
    2514.000           1.0198
    2515.000           1.0190
    2516.000           1.0180
    2517.000           1.0193
    2518.000           1.0176
    2519.000           1.0175
    2520.000           1.0173
    2521.000           1.0172
    2522.000           1.0172
    2523.000           1.0178
    2524.000           1.0188
    2525.000           1.0187
    2526.000           1.0190
    2527.000           1.0196
    2528.000           1.0172
    2529.000           1.0167
    2530.000           1.0176
    2531.000           1.0168
    2532.000           1.0184
    2533.000           1.0178
    2534.000           1.0188
    2535.000           1.0190
    2536.000           1.0179
    2537.000           1.0185
    2538.000           1.0189
    2539.000           1.0188
    2540.000           1.0191
    2541.000           1.0194
    2542.000           1.0182
    2543.000           1.0177
    2544.000           1.0177
    2545.000           1.0175
    2546.000           1.0174
    2547.000           1.0167
    2548.000           1.0173
    2549.000           1.0187
    2550.000           1.0187
    2551.000           1.0150
    2552.000           1.0170
    2553.000           1.0180
    2554.000           1.0182
    2555.000           1.0187
    2556.000           1.0189
    2557.000           1.0216
    2558.000           1.0216
    2559.000           1.0187
    2560.000           1.0179
    2561.000           1.0172
    2562.000           1.0165
    2563.000           1.0176
    2564.000           1.0168
    2565.000           1.0175
    2566.000           1.0189
    2567.000           1.0188
    2568.000           1.0190
    2569.000           1.0183
    2570.000           1.0178
    2571.000           1.0160
    2572.000           1.0166
    2573.000           1.0181
    2574.000           1.0179
    2575.000           1.0165
    2576.000           1.0170
    2577.000           1.0175
    2578.000           1.0169
    2579.000           1.0184
    2580.000           1.0171
    2581.000           1.0188
    2582.000           1.0178
    2583.000           1.0180
    2584.000           1.0176
    2585.000           1.0174
    2586.000           1.0176
    2587.000           1.0182
    2588.000           1.0186
    2589.000           1.0167
    2590.000           1.0162
    2591.000           1.0166
    2592.000           1.0170
    2593.000           1.0215
    2594.000           1.0174
    2595.000           1.0166
    2596.000           1.0171
    2597.000           1.0181
    2598.000           1.0174
    2599.000           1.0182
    2600.000           1.0193
    2601.000           1.0192
    2602.000           1.0187
    2603.000           1.0190
    2604.000           1.0178
    2605.000           1.0169
    2606.000           1.0178
    2607.000           1.0179
    2608.000           1.0164
    2609.000           1.0182
    2610.000           1.0186
    2611.000           1.0170
    2612.000           1.0164
    2613.000           1.0173
    2614.000           1.0176
    2615.000           1.0178
    2616.000           1.0181
    2617.000           1.0188
    2618.000           1.0185
    2619.000           1.0176
    2620.000           1.0193
    2621.000           1.0191
    2622.000           1.0195
    2623.000           1.0201
    2624.000           1.0203
    2625.000           1.0185
    2626.000           1.0190
    2627.000           1.0177
    2628.000           1.0179
    2629.000           1.0191
    2630.000           1.0182
    2631.000           1.0172
    2632.000           1.0180
    2633.000           1.0199
    2634.000           1.0178
    2635.000           1.0174
    2636.000           1.0153
    2637.000           1.0164
    2638.000           1.0155
    2639.000           1.0154
    2640.000           1.0168
    2641.000           1.0171
    2642.000           1.0161
    2643.000           1.0172
    2644.000           1.0187
    2645.000           1.0180
    2646.000           1.0175
    2647.000           1.0181
    2648.000           1.0182
    2649.000           1.0180
    2650.000           1.0204
    2651.000           1.0194
    2652.000           1.0178
    2653.000           1.0179
    2654.000           1.0184
    2655.000           1.0192
    2656.000           1.0181
    2657.000           1.0188
    2658.000           1.0198
    2659.000           1.0184
    2660.000           1.0174
    2661.000           1.0181
    2662.000           1.0175
    2663.000           1.0181
    2664.000           1.0165
    2665.000           1.0177
    2666.000           1.0184
    2667.000           1.0150
    2668.000           1.0159
    2669.000           1.0173
    2670.000           1.0180
    2671.000           1.0161
    2672.000           1.0173
    2673.000           1.0181
    2674.000           1.0186
    2675.000           1.0172
    2676.000           1.0183
    2677.000           1.0157
    2678.000           1.0166
    2679.000           1.0185
    2680.000           1.0183
    2681.000           1.0183
    2682.000           1.0155
    2683.000           1.0166
    2684.000           1.0163
    2685.000           1.0190
    2686.000           1.0188
    2687.000           1.0164
    2688.000           1.0179
    2689.000           1.0179
    2690.000           1.0183
    2691.000           1.0163
    2692.000           1.0177
    2693.000           1.0160
    2694.000           1.0171
    2695.000           1.0185
    2696.000           1.0191
    2697.000           1.0189
    2698.000           1.0189
    2699.000           1.0186
    2700.000           1.0174
    2701.000           1.0167
    2702.000           1.0144
    2703.000           1.0149
    2704.000           1.0141
    2705.000           1.0155
    2706.000           1.0185
    2707.000           1.0178
    2708.000           1.0175
    2709.000           1.0166
    2710.000           1.0161
    2711.000           1.0159
    2712.000           1.0165
    2713.000           1.0173
    2714.000           1.0175
    2715.000           1.0189
    2716.000           1.0188
    2717.000           1.0190
    2718.000           1.0197
    2719.000           1.0202
    2720.000           1.0186
    2721.000           1.0172
    2722.000           1.0183
    2723.000           1.0175
    2724.000           1.0186
    2725.000           1.0189
    2726.000           1.0193
    2727.000           1.0176
    2728.000           1.0167
    2729.000           1.0171
    2730.000           1.0163
    2731.000           1.0168
    2732.000           1.0147
    2733.000           1.0179
    2734.000           1.0179
    2735.000           1.0180
    2736.000           1.0195
    2737.000           1.0209
    2738.000           1.0206
    2739.000           1.0202
    2740.000           1.0197
    2741.000           1.0179
    2742.000           1.0180
    2743.000           1.0194
    2744.000           1.0184
    2745.000           1.0162
    2746.000           1.0163
    2747.000           1.0160
    2748.000           1.0170
    2749.000           1.0160
    2750.000           1.0153
    2751.000           1.0162
    2752.000           1.0173
    2753.000           1.0175
    2754.000           1.0189
    2755.000           1.0186
    2756.000           1.0154
    2757.000           1.0149
    2758.000           1.0167
    2759.000           1.0174
    2760.000           1.0174
    2761.000           1.0183
    2762.000           1.0179
    2763.000           1.0159
    2764.000           1.0166
    2765.000           1.0167
    2766.000           1.0166
    2767.000           1.0181
    2768.000           1.0194
    2769.000           1.0188
    2770.000           1.0172
    2771.000           1.0171
    2772.000           1.0167
    2773.000           1.0171
    2774.000           1.0165
    2775.000           1.0174
    2776.000           1.0176
    2777.000           1.0194
    2778.000           1.0198
    2779.000           1.0175
    2780.000           1.0183
    2781.000           1.0170
    2782.000           1.0185
    2783.000           1.0178
    2784.000           1.0187
    2785.000           1.0183
    2786.000           1.0176
    2787.000           1.0168
    2788.000           1.0152
    2789.000           1.0166
    2790.000           1.0161
    2791.000           1.0177
    2792.000           1.0172
    2793.000           1.0165
    2794.000           1.0178
    2795.000           1.0166
    2796.000           1.0170
    2797.000           1.0174
    2798.000           1.0164
    2799.000           1.0171
    2800.000           1.0169
    2801.000           1.0161
    2802.000           1.0170
    2803.000           1.0158
    2804.000           1.0156
    2805.000           1.0157
    2806.000           1.0168
    2807.000           1.0159
    2808.000           1.0165
    2809.000           1.0171
    2810.000           1.0170
    2811.000           1.0162
    2812.000           1.0169
    2813.000           1.0164
    2814.000           1.0149
    2815.000           1.0146
    2816.000           1.0155
    2817.000           1.0157
    2818.000           1.0181
    2819.000           1.0183
    2820.000           1.0184
    2821.000           1.0188
    2822.000           1.0187
    2823.000           1.0162
    2824.000           1.0163
    2825.000           1.0175
    2826.000           1.0181
    2827.000           1.0176
    2828.000           1.0171
    2829.000           1.0169
    2830.000           1.0169
    2831.000           1.0184
    2832.000           1.0185
    2833.000           1.0182
    2834.000           1.0177
    2835.000           1.0182
    2836.000           1.0184
    2837.000           1.0177
    2838.000           1.0194
    2839.000           1.0210
    2840.000           1.0215
    2841.000           1.0210
    2842.000           1.0194
    2843.000           1.0194
    2844.000           1.0183
    2845.000           1.0194
    2846.000           1.0194
    2847.000           1.0183
    2848.000           1.0177
    2849.000           1.0177
    2850.000           1.0173
    2851.000           1.0181
    2852.000           1.0188
    2853.000           1.0168
    2854.000           1.0169
    2855.000           1.0189
    2856.000           1.0172
    2857.000           1.0189
    2858.000           1.0179
    2859.000           1.0209
    2860.000           1.0171
    2861.000           1.0175
    2862.000           1.0178
    2863.000           1.0175
    2864.000           1.0186
    2865.000           1.0188
    2866.000           1.0197
    2867.000           1.0170
    2868.000           1.0173
    2869.000           1.0179
    2870.000           1.0177
    2871.000           1.0191
    2872.000           1.0201
    2873.000           1.0200
    2874.000           1.0194
    2875.000           1.0186
    2876.000           1.0177
    2877.000           1.0181
    2878.000           1.0179
    2879.000           1.0187
    2880.000           1.0192
    2881.000           1.0196
    2882.000           1.0187
    2883.000           1.0175
    2884.000           1.0175
    2885.000           1.0165
    2886.000           1.0163
    2887.000           1.0175
    2888.000           1.0161
    2889.000           1.0166
    2890.000           1.0164
    2891.000           1.0177
    2892.000           1.0199
    2893.000           1.0197
    2894.000           1.0185
    2895.000           1.0168
    2896.000           1.0158
    2897.000           1.0146
    2898.000           1.0153
    2899.000           1.0168
    2900.000           1.0177
    2901.000           1.0176
    2902.000           1.0173
    2903.000           1.0162
    2904.000           1.0192
    2905.000           1.0187
    2906.000           1.0172
    2907.000           1.0189
    2908.000           1.0186
    2909.000           1.0188
    2910.000           1.0188
    2911.000           1.0175
    2912.000           1.0177
    2913.000           1.0173
    2914.000           1.0182
    2915.000           1.0171
    2916.000           1.0186
    2917.000           1.0164
    2918.000           1.0177
    2919.000           1.0194
    2920.000           1.0203
    2921.000           1.0194
    2922.000           1.0201
    2923.000           1.0186
    2924.000           1.0186
    2925.000           1.0192
    2926.000           1.0182
    2927.000           1.0184
    2928.000           1.0189
    2929.000           1.0195
    2930.000           1.0186
    2931.000           1.0174
    2932.000           1.0162
    2933.000           1.0170
    2934.000           1.0148
    2935.000           1.0157
    2936.000           1.0172
    2937.000           1.0176
    2938.000           1.0180
    2939.000           1.0197
    2940.000           1.0203
    2941.000           1.0181
    2942.000           1.0174
    2943.000           1.0174
    2944.000           1.0196
    2945.000           1.0209
    2946.000           1.0215
    2947.000           1.0214
    2948.000           1.0196
    2949.000           1.0180
    2950.000           1.0163
    2951.000           1.0169
    2952.000           1.0183
    2953.000           1.0194
    2954.000           1.0212
    2955.000           1.0212
    2956.000           1.0194
    2957.000           1.0195
    2958.000           1.0193
    2959.000           1.0182
    2960.000           1.0182
    2961.000           1.0181
    2962.000           1.0177
    2963.000           1.0172
    2964.000           1.0186
    2965.000           1.0182
    2966.000           1.0188
    2967.000           1.0193
    2968.000           1.0185
    2969.000           1.0177
    2970.000           1.0168
    2971.000           1.0166
    2972.000           1.0178
    2973.000           1.0175
    2974.000           1.0172
    2975.000           1.0168
    2976.000           1.0160
    2977.000           1.0166
    2978.000           1.0178
    2979.000           1.0162
    2980.000           1.0169
    2981.000           1.0178
    2982.000           1.0187
    2983.000           1.0172
    2984.000           1.0170
    2985.000           1.0179
    2986.000           1.0181
    2987.000           1.0193
    2988.000           1.0193
    2989.000           1.0202
    2990.000           1.0181
    2991.000           1.0181
    2992.000           1.0180
    2993.000           1.0175
    2994.000           1.0178
    2995.000           1.0182
    2996.000           1.0179
    2997.000           1.0193
    2998.000           1.0193
    2999.000           1.0191
    3000.000           1.0198
    3001.000           1.0181
    3002.000           1.0193
    3003.000           1.0210
    3004.000           1.0183
    3005.000           1.0169
    3006.000           1.0170
    3007.000           1.0172
    3008.000           1.0174
    3009.000           1.0181
    3010.000           1.0182
    3011.000           1.0166
    3012.000           1.0178
    3013.000           1.0173
    3014.000           1.0176
    3015.000           1.0180
    3016.000           1.0188
    3017.000           1.0161
    3018.000           1.0150
    3019.000           1.0158
    3020.000           1.0182
    3021.000           1.0153
    3022.000           1.0164
    3023.000           1.0169
    3024.000           1.0185
    3025.000           1.0187
    3026.000           1.0163
    3027.000           1.0185
    3028.000           1.0185
    3029.000           1.0179
    3030.000           1.0179
    3031.000           1.0165
    3032.000           1.0171
    3033.000           1.0174
    3034.000           1.0183
    3035.000           1.0197
    3036.000           1.0202
    3037.000           1.0188
    3038.000           1.0164
    3039.000           1.0150
    3040.000           1.0156
