     141.000       25605.9570
     142.000       25914.5566
     143.000       25475.6406
     144.000       25752.5840
     145.000       25655.1523
     146.000       25752.3086
     147.000       25581.4609
     148.000       25632.8359
     149.000       25569.6074
     150.000       25723.6602
     151.000       25576.9844
     152.000       25397.1230
     153.000       25569.4434
     154.000       25724.7676
     155.000       25590.8555
     156.000       25543.5742
     157.000       25589.3770
     158.000       25673.5859
     159.000       25560.1328
     160.000       25579.6172
     161.000       25604.7617
     162.000       25460.5234
     163.000       25584.4648
     164.000       25549.4609
     165.000       25609.2559
     166.000       25457.6211
     167.000       25545.2988
     168.000       25568.8164
     169.000       25737.1484
     170.000       25696.6914
     171.000       25346.8223
     172.000       25556.6328
     173.000       25347.6094
     174.000       25469.1602
     175.000       25438.8711
     176.000       25415.2266
     177.000       25597.0742
     178.000       25687.2852
     179.000       25469.5293
     180.000       25723.7617
     181.000       25544.8477
     182.000       25520.2383
     183.000       25564.6211
     184.000       25626.3418
     185.000       25400.8398
     186.000       25395.7129
     187.000       25582.4609
     188.000       25640.0703
     189.000       25535.5488
     190.000       25515.0586
     191.000       25522.2109
     192.000       25648.4297
     193.000       25678.1270
     194.000       25523.4512
     195.000       25475.8320
     196.000       25490.3477
     197.000       25604.9766
     198.000       25453.7148
     199.000       25726.2578
     200.000       25739.8125
     201.000       25542.3613
     202.000       25705.9453
     203.000       25611.6270
     204.000       25669.1523
     205.000       25386.2461
     206.000       25396.2520
     207.000       25553.6875
     208.000       25624.4648
     209.000       25726.2441
     210.000       25819.0078
     211.000       25755.8203
     212.000       25669.8496
     213.000       25901.6250
     214.000       25637.4551
     215.000       25714.1133
     216.000       25592.3242
     217.000       25471.1621
     218.000       25637.3867
     219.000       25432.6094
     220.000       25472.9414
     221.000       25521.0898
     222.000       25641.6758
     223.000       25563.4492
     224.000       25561.2734
     225.000       25515.8594
     226.000       25412.4336
     227.000       25813.1621
     228.000       25608.3711
     229.000       25668.0820
     230.000       25610.2168
     231.000       25684.3125
     232.000       25639.2871
     233.000       25609.6426
     234.000       25445.2070
     235.000       25729.4648
     236.000       25791.1172
     237.000       25736.5508
     238.000       25537.7773
     239.000       25730.3984
     240.000       25505.8828
     241.000       25472.2578
     242.000       25549.2090
     243.000       25504.2422
     244.000       25731.7969
     245.000       25590.4023
     246.000       25523.3887
     247.000       25671.0781
     248.000       25709.1914
     249.000       25507.8379
     250.000       25686.4570
     251.000       25611.2344
     252.000       25642.5625
     253.000       25664.9023
     254.000       25546.6055
     255.000       25538.3984
     256.000       25457.8730
     257.000       25709.7285
     258.000       25754.4277
     259.000       25555.3906
     260.000       25687.7109
     261.000       25702.0742
     262.000       25569.8711
     263.000       25751.5977
     264.000       25778.5176
     265.000       25730.1270
     266.000       25323.0938
     267.000       25783.8652
     268.000       25491.0918
     269.000       25327.6055
     270.000       25531.4512
     271.000       25664.0273
     272.000       25832.4805
     273.000       25514.2480
     274.000       25638.2539
     275.000       25590.1914
     276.000       25548.4609
     277.000       25644.4395
     278.000       25586.7891
     279.000       25791.5547
     280.000       25232.8613
     281.000       25597.8184
     282.000       25342.4453
     283.000       25494.3828
     284.000       25521.4902
     285.000       25341.6934
     286.000       25415.7656
     287.000       25560.2305
     288.000       25531.8516
     289.000       25595.3750
     290.000       25657.0938
     291.000       25243.1465
     292.000       25571.0918
     293.000       25647.9414
     294.000       25738.4883
     295.000       25708.2949
     296.000       25499.4336
     297.000       25498.8477
     298.000       25796.0449
     299.000       25615.6113
     300.000       25721.7617
     301.000       25598.1523
     302.000       25671.5918
     303.000       25671.2148
     304.000       25687.4746
     305.000       25684.2422
     306.000       25676.8848
     307.000       25762.5723
     308.000       25506.7754
     309.000       25624.3926
     310.000       25544.4727
     311.000       25570.6133
     312.000       25368.7852
     313.000       25421.7754
     314.000       25480.3574
     315.000       25446.4277
     316.000       25668.9199
     317.000       25593.5234
     318.000       25648.6738
     319.000       25697.2285
     320.000       25564.2168
     321.000       25762.3379
     322.000       25594.0996
     323.000       25644.6875
     324.000       25382.4062
     325.000       25762.5703
     326.000       25546.8555
     327.000       25672.5234
     328.000       25759.4395
     329.000       25478.4062
     330.000       25473.0215
     331.000       25675.1973
     332.000       25650.2578
     333.000       25545.6504
     334.000       25735.5508
     335.000       25541.1562
     336.000       25534.7305
     337.000       25663.1270
     338.000       25447.9062
     339.000       25641.6836
     340.000       25607.6621
     341.000       25408.2305
     342.000       25438.2324
     343.000       25482.6641
     344.000       25719.5723
     345.000       25475.7148
     346.000       25691.0039
     347.000       25496.1309
     348.000       25522.0879
     349.000       25723.0703
     350.000       25790.5645
     351.000       25515.0820
     352.000       25618.1191
     353.000       25504.0098
     354.000       25426.9863
     355.000       25469.7734
     356.000       25652.6348
     357.000       25603.7891
     358.000       25620.8984
     359.000       25707.8379
     360.000       25562.6836
     361.000       25780.6113
     362.000       25519.6855
     363.000       25664.1504
     364.000       25502.3281
     365.000       25752.3457
     366.000       25698.1094
     367.000       25515.3438
     368.000       25783.5703
     369.000       25463.2695
     370.000       25491.7988
     371.000       25543.4160
     372.000       25623.9160
     373.000       25585.1504
     374.000       25726.8281
     375.000       25730.5449
     376.000       25656.5215
     377.000       25650.9102
     378.000       25487.4922
     379.000       25586.8516
     380.000       25507.3672
     381.000       25707.1250
     382.000       25710.1289
     383.000       25621.6836
     384.000       25603.8242
     385.000       25622.8809
     386.000       25525.4570
     387.000       25656.5273
     388.000       25529.0664
     389.000       25451.6562
     390.000       25698.5566
     391.000       25526.3711
     392.000       25398.5176
     393.000       25557.2148
     394.000       25410.2383
     395.000       25505.1660
     396.000       25797.0742
     397.000       25505.1562
     398.000       25711.8887
     399.000       25471.3867
     400.000       25749.7695
     401.000       25598.5957
     402.000       25663.5898
     403.000       25742.9492
     404.000       25813.8906
     405.000       25730.1523
     406.000       25541.6777
     407.000       25516.1484
     408.000       25554.7949
     409.000       25598.6875
     410.000       25605.1543
     411.000       25354.6055
     412.000       25493.8301
     413.000       25616.8145
     414.000       25534.9883
     415.000       25684.9824
     416.000       25896.2168
     417.000       25527.7344
     418.000       25577.1094
     419.000       25655.1055
     420.000       25765.7910
     421.000       25461.8145
     422.000       25650.0059
     423.000       25634.6348
     424.000       25499.2773
     425.000       25397.0312
     426.000       25768.1523
     427.000       25676.3633
     428.000       25742.2949
     429.000       25554.9512
     430.000       25524.7070
     431.000       25560.0352
     432.000       25673.8496
     433.000       25776.4766
     434.000       25451.0781
     435.000       25450.1758
     436.000       25771.2852
     437.000       25606.9336
     438.000       25700.7852
     439.000       25635.0176
     440.000       25670.3320
     441.000       25422.2852
     442.000       25604.9336
     443.000       25594.0410
     444.000       25602.2969
     445.000       25565.4492
     446.000       25482.2285
     447.000       25549.5977
     448.000       25746.9844
     449.000       25549.4746
     450.000       25390.8809
     451.000       25553.7383
     452.000       25514.9375
     453.000       25392.2344
     454.000       25760.2832
     455.000       25590.7480
     456.000       25409.3184
     457.000       25554.7461
     458.000       25477.1113
     459.000       25603.0156
     460.000       25575.7695
     461.000       25271.7305
     462.000       25403.5879
     463.000       25591.2715
     464.000       25653.6543
     465.000       25522.8730
     466.000       25466.0156
     467.000       25852.0117
     468.000       25457.3594
     469.000       25639.3203
     470.000       25623.1152
     471.000       25670.7891
     472.000       25481.0508
     473.000       25770.6777
     474.000       25581.9219
     475.000       25568.8223
     476.000       25617.6543
     477.000       25544.2793
     478.000       25554.4395
     479.000       25426.1367
     480.000       25558.6055
     481.000       25370.8398
     482.000       25672.5195
     483.000       25523.8223
     484.000       25618.1992
     485.000       25465.7246
     486.000       25781.0078
     487.000       25663.4727
     488.000       25521.6523
     489.000       25889.9238
     490.000       25572.7031
     491.000       25498.2090
     492.000       25524.4336
     493.000       25682.8281
     494.000       25496.8535
     495.000       25695.4453
     496.000       25549.3359
     497.000       25632.8574
     498.000       25433.6133
     499.000       25379.2988
     500.000       25552.5508
     501.000       25661.8652
     502.000       25543.4355
     503.000       25586.4590
     504.000       25492.9844
     505.000       25655.3789
     506.000       25338.4863
     507.000       25638.5547
     508.000       25556.3008
     509.000       25545.6309
     510.000       25569.7148
     511.000       25489.5547
     512.000       25420.2832
     513.000       25491.3438
     514.000       25779.1836
     515.000       25502.5352
     516.000       25596.8398
     517.000       25423.0938
     518.000       25531.5586
     519.000       25556.3809
     520.000       25505.6055
     521.000       25607.8770
     522.000       25631.4141
     523.000       25563.2637
     524.000       25471.8281
     525.000       25512.5527
     526.000       25450.2070
     527.000       25681.4102
     528.000       25598.3203
     529.000       25857.3750
     530.000       25333.7031
     531.000       25451.8730
     532.000       25624.1992
     533.000       25580.3008
     534.000       25671.9258
     535.000       25593.6367
     536.000       25473.6641
     537.000       25649.8633
     538.000       25575.6250
     539.000       25635.2598
     540.000       25637.8750
     541.000       25769.4375
     542.000       25586.2695
     543.000       25411.8477
     544.000       25722.9043
     545.000       25465.7168
     546.000       25600.8516
     547.000       25450.0957
     548.000       25556.2168
     549.000       25474.8398
     550.000       25695.4180
     551.000       25472.0566
     552.000       25500.3145
     553.000       25454.6602
     554.000       25831.9746
     555.000       25515.8711
     556.000       25803.3926
     557.000       25359.1172
     558.000       25617.3809
     559.000       25677.5195
     560.000       25563.3926
     561.000       25606.1094
     562.000       25624.3398
     563.000       25562.2070
     564.000       25469.8789
     565.000       25441.6699
     566.000       25408.6836
     567.000       25502.0430
     568.000       25483.3926
     569.000       25592.0156
     570.000       25569.5098
     571.000       25567.7168
     572.000       25611.3613
     573.000       25716.3145
     574.000       25432.0332
     575.000       25591.6914
     576.000       25540.3867
     577.000       25437.5352
     578.000       25768.9707
     579.000       25606.3965
     580.000       25478.9395
     581.000       25488.0156
     582.000       25644.3379
     583.000       25517.0586
     584.000       25686.7422
     585.000       25513.2168
     586.000       25815.0508
     587.000       25590.2715
     588.000       25727.2520
     589.000       25519.4531
     590.000       25500.1074
     591.000       25647.3242
     592.000       25508.7324
     593.000       25707.1855
     594.000       25622.4766
     595.000       25741.0352
     596.000       25507.9668
     597.000       25812.7148
     598.000       25612.4160
     599.000       25494.8105
     600.000       25659.4082
     601.000       25726.4492
     602.000       25703.2305
     603.000       25631.6758
     604.000       25793.1719
     605.000       25528.8223
     606.000       25700.7227
     607.000       25612.9141
     608.000       25500.4062
     609.000       25539.7324
     610.000       25657.6562
     611.000       25725.1992
     612.000       25349.2852
     613.000       25659.5664
     614.000       25557.1699
     615.000       25677.8828
     616.000       25654.3418
     617.000       25590.0469
     618.000       25394.6816
     619.000       25663.0996
     620.000       25497.1797
     621.000       25689.3828
     622.000       25661.5469
     623.000       25499.4414
     624.000       25501.6992
     625.000       25698.9062
     626.000       25451.1699
     627.000       25552.3379
     628.000       25809.5859
     629.000       25752.0254
     630.000       25576.9902
     631.000       25639.1543
     632.000       25571.1758
     633.000       25540.8730
     634.000       25497.3496
     635.000       25771.1680
     636.000       25480.6094
     637.000       25494.5508
     638.000       25397.4180
     639.000       25737.6816
     640.000       25390.9883
     641.000       25512.8984
     642.000       25672.2305
     643.000       25439.2070
     644.000       25435.2070
     645.000       25858.7676
     646.000       25479.5508
     647.000       25333.6328
     648.000       25465.3828
     649.000       25476.8574
     650.000       25658.4238
     651.000       25609.9629
     652.000       25344.2812
     653.000       25691.6719
     654.000       25529.4961
     655.000       25604.7285
     656.000       25485.0273
     657.000       25547.5215
     658.000       25488.7305
     659.000       25526.1699
     660.000       25837.1621
     661.000       25505.7871
     662.000       25594.8789
     663.000       25501.4824
     664.000       25580.8086
     665.000       25528.5117
     666.000       25808.3711
     667.000       25778.8555
     668.000       25927.1992
     669.000       25683.6133
     670.000       25734.2617
     671.000       25730.0078
     672.000       25291.9648
     673.000       25465.3633
     674.000       25598.0039
     675.000       25460.9922
     676.000       25590.9707
     677.000       25656.8418
     678.000       25295.9160
     679.000       25475.9570
     680.000       25636.5938
     681.000       25651.7441
     682.000       25445.8203
     683.000       25446.7070
     684.000       25500.2617
     685.000       25730.8613
     686.000       25723.1152
     687.000       25292.9844
     688.000       25685.5488
     689.000       25302.8125
     690.000       25646.8086
     691.000       25526.8125
     692.000       25383.8105
     693.000       25543.9844
     694.000       25469.4531
     695.000       25477.9492
     696.000       25484.9297
     697.000       25631.4922
     698.000       25496.1660
     699.000       25569.6855
     700.000       25633.2754
     701.000       25525.3906
     702.000       25424.2441
     703.000       25578.7852
     704.000       25573.9141
     705.000       25681.7207
     706.000       25443.9492
     707.000       25421.9922
     708.000       25518.1973
     709.000       25450.5977
     710.000       25517.4531
     711.000       25631.2812
     712.000       25859.4375
     713.000       25439.6289
     714.000       25655.9668
     715.000       25586.3789
     716.000       25671.8301
     717.000       25855.5898
     718.000       25322.0781
     719.000       25143.7070
     720.000       25577.0312
     721.000       25504.1758
     722.000       25553.1289
     723.000       25485.5410
     724.000       25600.3164
     725.000       25759.1152
     726.000       25468.8887
     727.000       25555.2832
     728.000       25705.5703
     729.000       25663.5977
     730.000       25341.5898
     731.000       25666.2852
     732.000       25633.1660
     733.000       25612.0430
     734.000       25772.7930
     735.000       25644.0078
     736.000       25647.3457
     737.000       25579.5898
     738.000       25712.4766
     739.000       25787.6758
     740.000       25351.8750
     741.000       25724.1172
     742.000       25260.7695
     743.000       25531.7344
     744.000       25469.7031
     745.000       25679.9258
     746.000       25492.1113
     747.000       25644.7188
     748.000       25375.4062
     749.000       25591.4355
     750.000       25372.7715
     751.000       25574.0059
     752.000       25636.3320
     753.000       25416.3574
     754.000       25612.9141
     755.000       25484.1387
     756.000       25355.2461
     757.000       25772.8027
     758.000       25713.5645
     759.000       25577.9141
     760.000       25510.9473
     761.000       25401.8086
     762.000       25638.4102
     763.000       25507.4570
     764.000       25584.5391
     765.000       25551.2871
     766.000       25348.1367
     767.000       25620.5430
     768.000       25762.1562
     769.000       25470.7168
     770.000       25687.2734
     771.000       25454.0488
     772.000       25640.9609
     773.000       25575.7617
     774.000       25487.0703
     775.000       25514.9590
     776.000       25517.0664
     777.000       25712.5664
     778.000       25547.2168
     779.000       25557.0391
     780.000       25603.1191
     781.000       25722.6758
     782.000       25578.2363
     783.000       25762.7871
     784.000       25402.7520
     785.000       25878.1191
     786.000       25507.8438
     787.000       25608.1113
     788.000       25689.6172
     789.000       25538.4727
     790.000       25522.6562
     791.000       25656.4160
     792.000       25610.2441
     793.000       25574.5391
     794.000       25519.4160
     795.000       25497.8867
     796.000       25881.3887
     797.000       25487.2715
     798.000       25582.2559
     799.000       25581.5469
     800.000       25727.5234
     801.000       25925.1250
     802.000       25426.7910
     803.000       25462.6445
     804.000       25617.6016
     805.000       25718.5352
     806.000       25562.7520
     807.000       25498.7031
     808.000       25392.4238
     809.000       25481.5156
     810.000       25474.5625
     811.000       25658.2207
     812.000       25837.6367
     813.000       25572.8223
     814.000       25588.8086
     815.000       25548.8809
     816.000       25582.2305
     817.000       25618.2305
     818.000       25378.8945
     819.000       25373.1406
     820.000       25576.4648
     821.000       25587.7500
     822.000       25757.3516
     823.000       25368.8340
     824.000       25569.9609
     825.000       25532.2363
     826.000       25597.6953
     827.000       25609.2891
     828.000       25841.2676
     829.000       25474.1250
     830.000       25520.2754
     831.000       25677.3867
     832.000       25502.4258
     833.000       25599.9688
     834.000       25703.6523
     835.000       25485.8633
     836.000       25590.1387
     837.000       25472.8281
     838.000       25534.0742
     839.000       25551.1543
     840.000       25499.3164
     841.000       25525.8477
     842.000       25435.8770
     843.000       25572.5820
     844.000       25547.4883
     845.000       25711.0723
     846.000       25734.6055
     847.000       25478.6133
     848.000       25444.7129
     849.000       25672.4258
     850.000       25706.1973
     851.000       25493.3945
     852.000       25473.1875
     853.000       25726.7383
     854.000       25468.2129
     855.000       25667.0586
     856.000       25493.8047
     857.000       25365.2754
     858.000       25717.8848
     859.000       25549.4199
     860.000       25572.9648
     861.000       25527.1797
     862.000       25484.8848
     863.000       25563.1328
     864.000       25534.7441
     865.000       25484.1387
     866.000       25683.8770
     867.000       25449.5293
     868.000       25487.0742
     869.000       25507.4043
     870.000       25606.0840
     871.000       25755.4414
     872.000       25770.6582
     873.000       25546.6328
     874.000       25424.0820
     875.000       25567.8672
     876.000       25818.6250
     877.000       25601.0000
     878.000       25475.5000
     879.000       25502.8398
     880.000       25523.5000
     881.000       25560.6777
     882.000       25724.9922
     883.000       25489.7012
     884.000       25598.8965
     885.000       25503.7480
     886.000       25844.4414
     887.000       25506.1816
     888.000       25631.2109
     889.000       25547.9258
     890.000       25775.7734
     891.000       25740.5664
     892.000       25681.8750
     893.000       25564.6172
     894.000       25623.7227
     895.000       25540.9805
     896.000       25439.5039
     897.000       25430.3906
     898.000       25561.3613
     899.000       25590.9219
     900.000       25574.2266
     901.000       25754.2715
     902.000       25866.6230
     903.000       25595.7773
     904.000       25923.2012
     905.000       25823.6387
     906.000       25668.8770
     907.000       25577.5762
     908.000       25609.8691
     909.000       25543.0156
     910.000       25557.6328
     911.000       25610.1641
     912.000       25574.0781
     913.000       25441.6523
     914.000       25665.8008
     915.000       25542.4805
     916.000       25530.3066
     917.000       25520.3477
     918.000       25655.8770
     919.000       25493.8750
     920.000       25696.8516
     921.000       25586.7012
     922.000       25442.5801
     923.000       25512.7090
     924.000       25736.4375
     925.000       25556.9121
     926.000       25786.6270
     927.000       25585.8535
     928.000       25539.9688
     929.000       25479.3379
     930.000       25535.0723
     931.000       25597.1992
     932.000       25604.9043
     933.000       25688.2617
     934.000       25562.5195
     935.000       25434.2598
     936.000       25482.9453
     937.000       25635.8750
     938.000       25707.4844
     939.000       25691.5137
     940.000       25633.4863
     941.000       25638.0117
     942.000       25651.5098
     943.000       25659.5020
     944.000       25643.2383
     945.000       25703.3184
     946.000       25502.4023
     947.000       25617.8203
     948.000       25821.3887
     949.000       25600.1270
     950.000       25682.3281
     951.000       25549.5254
     952.000       25585.8262
     953.000       25695.3535
     954.000       25435.1348
     955.000       25503.3711
     956.000       25366.4434
     957.000       25564.8164
     958.000       25683.2539
     959.000       25378.4707
     960.000       25434.0898
     961.000       25404.9512
     962.000       25627.8242
     963.000       25501.1602
     964.000       25624.4570
     965.000       25544.5039
     966.000       25546.5586
     967.000       25478.9922
     968.000       25518.6973
     969.000       25723.9668
     970.000       25465.4414
     971.000       25683.0352
     972.000       25692.7812
     973.000       25698.9551
     974.000       25596.4238
     975.000       25689.0039
     976.000       25657.2695
     977.000       25603.0312
     978.000       25592.9375
     979.000       25476.3086
     980.000       25596.2637
     981.000       25727.8535
     982.000       25527.0781
     983.000       25644.6094
     984.000       25461.9570
     985.000       25799.7480
     986.000       25700.8906
     987.000       25614.3555
     988.000       25367.1172
     989.000       25384.8828
     990.000       25543.3906
     991.000       25488.6914
     992.000       25647.4863
     993.000       25841.1504
     994.000       25518.5605
     995.000       25540.7793
     996.000       25478.7734
     997.000       25520.4492
     998.000       25511.7988
     999.000       25763.0820
    1000.000       25679.2578
    1001.000       25570.0781
    1002.000       25611.1992
    1003.000       25352.2617
    1004.000       25575.6113
    1005.000       25605.2344
    1006.000       25404.9160
    1007.000       25603.0742
    1008.000       25711.4375
    1009.000       25809.2695
    1010.000       25579.8633
    1011.000       25753.9609
    1012.000       25464.6074
    1013.000       25634.7988
    1014.000       25640.1191
    1015.000       25628.7969
    1016.000       25724.1523
    1017.000       25619.7500
    1018.000       25493.6719
    1019.000       25545.9629
    1020.000       25567.4570
    1021.000       25575.2246
    1022.000       25688.6484
    1023.000       25521.2188
    1024.000       25772.5098
    1025.000       25639.8242
    1026.000       25481.4395
    1027.000       25708.8418
    1028.000       25571.9590
    1029.000       25657.2168
    1030.000       25426.8418
    1031.000       25444.2891
    1032.000       25430.4277
    1033.000       25758.6074
    1034.000       25247.7090
    1035.000       25673.1953
    1036.000       25603.4219
    1037.000       25659.9258
    1038.000       25525.5703
    1039.000       25495.4375
    1040.000       25604.1973
    1041.000       25589.2227
    1042.000       25610.6172
    1043.000       25666.2891
    1044.000       25804.7461
    1045.000       25725.7910
    1046.000       25551.8125
    1047.000       25777.9082
    1048.000       25455.5352
    1049.000       25628.5762
    1050.000       25415.0918
    1051.000       25460.1328
    1052.000       25424.6641
    1053.000       25721.1074
    1054.000       25340.4414
    1055.000       25501.4531
    1056.000       25731.0430
    1057.000       25700.3652
    1058.000       25734.8164
    1059.000       25593.1289
    1060.000       25411.2988
    1061.000       25598.2207
    1062.000       25417.9941
    1063.000       25713.1250
    1064.000       25667.4453
    1065.000       25524.8223
    1066.000       25545.6191
    1067.000       25586.3320
    1068.000       25545.9277
    1069.000       25638.4043
    1070.000       25554.8125
    1071.000       25680.3867
    1072.000       25824.8438
    1073.000       25623.8770
    1074.000       25603.3770
    1075.000       25623.7559
    1076.000       25638.1602
    1077.000       25455.7852
    1078.000       25355.4004
    1079.000       25724.5039
    1080.000       25482.9414
    1081.000       25474.5938
    1082.000       25632.9531
    1083.000       25648.3281
    1084.000       25540.3672
    1085.000       25658.2188
    1086.000       25639.3281
    1087.000       25615.7266
    1088.000       25473.2168
    1089.000       25438.3359
    1090.000       25595.3926
    1091.000       25880.2305
    1092.000       25551.4531
    1093.000       25515.1621
    1094.000       25334.1484
    1095.000       25684.9062
    1096.000       25474.6562
    1097.000       25799.0117
    1098.000       25574.6152
    1099.000       25724.8418
    1100.000       25501.4824
    1101.000       25436.9531
    1102.000       25570.6758
    1103.000       25582.9219
    1104.000       25564.7422
    1105.000       25682.2266
    1106.000       25420.7188
    1107.000       25509.7891
    1108.000       25707.7852
    1109.000       25421.3340
    1110.000       25401.9785
    1111.000       25570.4961
    1112.000       25516.3594
    1113.000       25511.6758
    1114.000       25433.0234
    1115.000       25445.3398
    1116.000       25881.5391
    1117.000       25584.4395
    1118.000       25680.7500
    1119.000       25631.0859
    1120.000       25654.3945
    1121.000       25822.9688
    1122.000       25577.4492
    1123.000       25413.5352
    1124.000       25736.8984
    1125.000       25429.6016
    1126.000       25569.8066
    1127.000       25556.6113
    1128.000       25610.5391
    1129.000       25536.3633
    1130.000       25568.1504
    1131.000       25571.1641
    1132.000       25555.3965
    1133.000       25398.8555
    1134.000       25508.1758
    1135.000       25777.0449
    1136.000       25665.9062
    1137.000       25532.4258
    1138.000       25499.9668
    1139.000       25637.7324
    1140.000       25659.5371
    1141.000       25549.0820
    1142.000       25651.2559
    1143.000       25638.0879
    1144.000       25682.5898
    1145.000       25456.1172
    1146.000       25518.1172
    1147.000       25593.6562
    1148.000       25257.1484
    1149.000       25749.5039
    1150.000       25643.0723
    1151.000       25873.3828
    1152.000       25650.8086
    1153.000       25479.7129
    1154.000       25585.2969
    1155.000       25615.8184
    1156.000       25655.5039
    1157.000       25563.2656
    1158.000       25530.5898
    1159.000       25475.6367
    1160.000       25498.2578
    1161.000       25663.2637
    1162.000       25736.2266
    1163.000       25721.0605
    1164.000       25506.6777
    1165.000       25251.9688
    1166.000       25658.1953
    1167.000       25353.1797
    1168.000       25496.5098
    1169.000       25643.1816
    1170.000       25690.7734
    1171.000       25518.3750
    1172.000       25694.6582
    1173.000       25542.9023
    1174.000       25545.0117
    1175.000       25519.2891
    1176.000       25401.5703
    1177.000       25532.3496
    1178.000       25586.1406
    1179.000       25470.6133
    1180.000       25632.0859
    1181.000       25641.3477
    1182.000       25570.0137
    1183.000       25669.3164
    1184.000       25481.6758
    1185.000       25315.8398
    1186.000       25795.6855
    1187.000       25582.8008
    1188.000       25655.0801
    1189.000       25568.0547
    1190.000       25483.9922
    1191.000       25412.5801
    1192.000       25707.5117
    1193.000       25380.7988
    1194.000       25585.6758
    1195.000       25536.7324
    1196.000       25718.0488
    1197.000       25555.5566
    1198.000       25837.6914
    1199.000       25665.0195
    1200.000       25686.9395
    1201.000       25346.2812
    1202.000       25589.9766
    1203.000       25545.6348
    1204.000       25188.1211
    1205.000       25518.3828
    1206.000       25496.6914
    1207.000       25753.0488
    1208.000       25641.8848
    1209.000       25474.6230
    1210.000       25645.6973
    1211.000       25838.4199
    1212.000       25625.8652
    1213.000       25580.9551
    1214.000       25601.5801
    1215.000       25617.5762
    1216.000       25547.7441
    1217.000       25884.8398
    1218.000       25577.3906
    1219.000       25608.1133
    1220.000       25535.6309
    1221.000       25520.1836
    1222.000       25476.4473
    1223.000       25716.8438
    1224.000       25765.0820
    1225.000       25487.2461
    1226.000       25559.6055
    1227.000       25671.5684
    1228.000       25676.3398
    1229.000       25560.4375
    1230.000       25391.1914
    1231.000       25461.0352
    1232.000       25450.3164
    1233.000       25487.6836
    1234.000       25501.3184
    1235.000       25930.7832
    1236.000       25375.1895
    1237.000       25711.1816
    1238.000       25591.3145
    1239.000       25684.5352
    1240.000       25628.7402
    1241.000       25643.3359
    1242.000       25664.6230
    1243.000       25589.2344
    1244.000       25584.5098
    1245.000       25548.4844
    1246.000       25690.0430
    1247.000       25684.9824
    1248.000       25712.5098
    1249.000       25598.5254
    1250.000       25908.3711
    1251.000       25574.9941
    1252.000       25638.3926
    1253.000       25932.6816
    1254.000       25780.3770
    1255.000       25692.5742
    1256.000       25358.6172
    1257.000       25535.6875
    1258.000       25367.3281
    1259.000       25474.7656
    1260.000       25575.4121
    1261.000       25367.3750
    1262.000       25531.6582
    1263.000       25664.2559
    1264.000       25663.5938
    1265.000       25652.8457
    1266.000       25413.0586
    1267.000       25357.2930
    1268.000       25389.5000
    1269.000       25435.3242
    1270.000       25447.5000
    1271.000       25502.2559
    1272.000       25513.1465
    1273.000       25574.0684
    1274.000       25493.0176
    1275.000       25635.1094
    1276.000       25592.0215
    1277.000       25811.9043
    1278.000       25482.6719
    1279.000       25567.8438
    1280.000       25544.8223
    1281.000       25615.0918
    1282.000       25612.2754
    1283.000       25354.4395
    1284.000       25395.0352
    1285.000       25664.9922
    1286.000       25621.0469
    1287.000       25452.3047
    1288.000       25568.4512
    1289.000       25429.5527
    1290.000       25527.0898
    1291.000       25559.2812
    1292.000       25710.8652
    1293.000       25402.4023
    1294.000       25612.2988
    1295.000       25699.2812
    1296.000       25565.7344
    1297.000       25621.3965
    1298.000       25544.4766
    1299.000       25460.2246
    1300.000       25559.6797
    1301.000       25555.0898
    1302.000       25585.7480
    1303.000       25629.7949
    1304.000       25472.2539
    1305.000       25362.4746
    1306.000       25458.8906
    1307.000       25540.1289
    1308.000       25474.9707
    1309.000       25806.5488
    1310.000       25630.9219
    1311.000       25570.3203
    1312.000       25724.1562
    1313.000       25598.0742
    1314.000       25554.5215
    1315.000       25704.1719
    1316.000       25592.2070
    1317.000       25688.2441
    1318.000       25423.0469
    1319.000       25674.5234
    1320.000       25549.6445
    1321.000       25670.6719
    1322.000       25617.9648
    1323.000       25572.6641
    1324.000       25672.2988
    1325.000       25374.5625
    1326.000       25438.0742
    1327.000       25245.2207
    1328.000       25638.4082
    1329.000       25583.6562
    1330.000       25582.6133
    1331.000       25386.8359
    1332.000       25586.4141
    1333.000       25584.4297
    1334.000       25621.9727
    1335.000       25617.9004
    1336.000       25775.1895
    1337.000       25408.4492
    1338.000       25608.9219
    1339.000       25674.9219
    1340.000       25601.8867
    1341.000       25664.7031
    1342.000       25676.0820
    1343.000       25464.0801
    1344.000       25559.6562
    1345.000       25455.7441
    1346.000       25570.9258
    1347.000       25805.0938
    1348.000       25799.7188
    1349.000       25616.4180
    1350.000       25503.4707
    1351.000       25801.9629
    1352.000       25607.6270
    1353.000       25673.0098
    1354.000       25421.2285
    1355.000       25571.6211
    1356.000       25492.0430
    1357.000       25429.9531
    1358.000       25448.6016
    1359.000       25459.0469
    1360.000       25514.6602
    1361.000       25581.2910
    1362.000       25688.7949
    1363.000       25512.1914
    1364.000       25817.8750
    1365.000       25653.4668
    1366.000       25568.2734
    1367.000       25557.7031
    1368.000       25523.7246
    1369.000       25589.5723
    1370.000       25540.1895
    1371.000       25433.8535
    1372.000       25501.8438
    1373.000       25556.9336
    1374.000       25432.8906
    1375.000       25555.2969
    1376.000       25431.3574
    1377.000       25716.4141
    1378.000       25784.6738
    1379.000       25447.5391
    1380.000       25589.2500
    1381.000       25451.7441
    1382.000       25690.7031
    1383.000       25532.8711
    1384.000       25497.5195
    1385.000       25586.5938
    1386.000       25671.2148
    1387.000       25461.8320
    1388.000       25317.7520
    1389.000       25755.5938
    1390.000       25528.4785
    1391.000       25698.0820
    1392.000       25671.2559
    1393.000       25531.8711
    1394.000       25641.3945
    1395.000       25548.9883
    1396.000       25713.3496
    1397.000       25453.8301
    1398.000       25587.3711
    1399.000       25584.0176
    1400.000       25653.3770
    1401.000       25631.3242
    1402.000       25647.9844
    1403.000       25443.3984
    1404.000       25471.2500
    1405.000       25686.0859
    1406.000       25562.9219
    1407.000       25662.7051
    1408.000       25647.1406
    1409.000       25716.1992
    1410.000       25629.6641
    1411.000       25619.4316
    1412.000       25631.1797
    1413.000       25552.9395
    1414.000       25676.8828
    1415.000       25827.4590
    1416.000       25556.3770
    1417.000       25597.8887
    1418.000       25563.1973
    1419.000       25469.5000
    1420.000       25434.7832
    1421.000       25413.1016
    1422.000       25570.3008
    1423.000       25610.1719
    1424.000       25529.0312
    1425.000       25594.9102
    1426.000       25613.8965
    1427.000       25652.8770
    1428.000       25492.9434
    1429.000       25704.8477
    1430.000       25541.9082
    1431.000       25788.4199
    1432.000       25539.1719
    1433.000       25687.2363
    1434.000       25700.3594
    1435.000       25716.5781
    1436.000       25704.2656
    1437.000       25442.3750
    1438.000       25587.8223
    1439.000       25564.5430
    1440.000       25674.7559
    1441.000       25576.4824
    1442.000       25657.8789
    1443.000       25402.6484
    1444.000       25584.2539
    1445.000       25390.8438
    1446.000       25683.1816
    1447.000       25595.4648
    1448.000       25638.8242
    1449.000       25575.1328
    1450.000       25541.6953
    1451.000       25585.7500
    1452.000       25767.2168
    1453.000       25866.0898
    1454.000       25801.1367
    1455.000       25526.4062
    1456.000       25585.7617
    1457.000       25540.2148
    1458.000       25396.2695
    1459.000       25400.9922
    1460.000       25568.0508
    1461.000       25636.1973
    1462.000       25900.3906
    1463.000       25604.7715
    1464.000       25361.5215
    1465.000       25443.7891
    1466.000       25624.1250
    1467.000       25627.8633
    1468.000       25361.4766
    1469.000       25511.0449
    1470.000       25528.0234
    1471.000       25561.9805
    1472.000       25614.0566
    1473.000       25694.2891
    1474.000       25416.5742
    1475.000       25603.9355
    1476.000       25739.5605
    1477.000       25668.1016
    1478.000       25657.0430
    1479.000       25790.5000
    1480.000       25727.8555
    1481.000       25560.5879
    1482.000       25672.3457
    1483.000       25469.0918
    1484.000       25454.1270
    1485.000       25574.8242
    1486.000       25607.1367
    1487.000       25653.2500
    1488.000       25335.4180
    1489.000       25621.9258
    1490.000       25386.7891
    1491.000       25406.1875
    1492.000       25592.1152
    1493.000       25454.2930
    1494.000       25545.1074
    1495.000       25456.2930
    1496.000       25447.2930
    1497.000       25663.9746
    1498.000       25620.8574
    1499.000       25745.7090
    1500.000       25626.4297
    1501.000       25460.1621
    1502.000       25626.3047
    1503.000       25349.8711
    1504.000       25458.9629
    1505.000       25478.9707
    1506.000       25645.8828
    1507.000       25477.9395
    1508.000       25553.7949
    1509.000       25602.9883
    1510.000       25317.8262
    1511.000       25489.2070
    1512.000       25515.6133
    1513.000       25518.7598
    1514.000       25713.5938
    1515.000       25506.8125
    1516.000       25497.2793
    1517.000       25430.3516
    1518.000       25407.4395
    1519.000       25512.4121
    1520.000       25581.6992
    1521.000       25519.8281
    1522.000       25488.5586
    1523.000       25570.7031
    1524.000       25594.4727
    1525.000       25931.6484
    1526.000       25606.8984
    1527.000       25707.0000
    1528.000       25607.8027
    1529.000       25525.7461
    1530.000       25656.1562
    1531.000       25550.7754
    1532.000       25561.6738
    1533.000       25691.2051
    1534.000       25524.1719
    1535.000       25517.6016
    1536.000       25721.4102
    1537.000       25368.5352
    1538.000       25645.0938
    1539.000       25698.2520
    1540.000       25521.5410
    1541.000       25626.5312
    1542.000       25356.2520
    1543.000       25300.9609
    1544.000       25555.8535
    1545.000       25609.9785
    1546.000       25515.9219
    1547.000       25272.4219
    1548.000       25588.9961
    1549.000       25536.7988
    1550.000       25736.9297
    1551.000       25611.0020
    1552.000       25563.0586
    1553.000       25604.5293
    1554.000       25419.1094
    1555.000       25532.5430
    1556.000       25569.1289
    1557.000       25596.4062
    1558.000       25653.1973
    1559.000       25544.1797
    1560.000       25460.4160
    1561.000       25598.8789
    1562.000       25638.1035
    1563.000       25563.1328
    1564.000       25514.6504
    1565.000       25533.0234
    1566.000       25720.3066
    1567.000       25661.3516
    1568.000       25696.4375
    1569.000       25594.6641
    1570.000       25496.2129
    1571.000       25601.8887
    1572.000       25424.5996
    1573.000       25704.7500
    1574.000       25624.3281
    1575.000       25782.2656
    1576.000       25800.1758
    1577.000       25607.0391
    1578.000       25589.6309
    1579.000       25581.8906
    1580.000       25625.6328
    1581.000       25570.0547
    1582.000       25571.1992
    1583.000       25388.0918
    1584.000       25422.0117
    1585.000       25677.0547
    1586.000       25656.7910
    1587.000       25558.9199
    1588.000       25547.8223
    1589.000       25712.3633
    1590.000       25681.9102
    1591.000       25856.0195
    1592.000       25652.3320
    1593.000       25761.6309
    1594.000       25556.8633
    1595.000       25509.2598
    1596.000       25559.5762
    1597.000       25415.6387
    1598.000       25575.4277
    1599.000       25596.2305
    1600.000       25616.9785
    1601.000       25678.1992
    1602.000       25713.3652
    1603.000       25542.5078
    1604.000       25446.2891
    1605.000       25719.6836
    1606.000       25729.5508
    1607.000       25567.9961
    1608.000       25665.1582
    1609.000       25449.7637
    1610.000       25678.8145
    1611.000       25503.9062
    1612.000       25507.2637
    1613.000       25754.0801
    1614.000       25388.0605
    1615.000       25724.9570
    1616.000       25555.1270
    1617.000       25503.5996
    1618.000       25499.3379
    1619.000       25396.2793
    1620.000       25657.0469
    1621.000       25597.3984
    1622.000       25679.4316
    1623.000       25700.7441
    1624.000       25625.0430
    1625.000       25423.4121
    1626.000       25454.7949
    1627.000       25373.7090
    1628.000       25297.6660
    1629.000       25717.4512
    1630.000       25634.3242
    1631.000       25745.9277
    1632.000       25569.1445
    1633.000       25658.7129
    1634.000       25451.9922
    1635.000       25613.9297
    1636.000       25643.4863
    1637.000       25729.2207
    1638.000       25497.2207
    1639.000       25533.5703
    1640.000       25539.5469
    1641.000       25727.1133
    1642.000       25499.5352
    1643.000       25658.1836
    1644.000       25480.1387
    1645.000       25587.4629
    1646.000       25798.2676
    1647.000       25618.8516
    1648.000       25360.1055
    1649.000       25594.0977
    1650.000       25444.6387
    1651.000       25712.7988
    1652.000       25608.6289
    1653.000       25873.1660
    1654.000       25453.6094
    1655.000       25537.2129
    1656.000       25431.1035
    1657.000       25547.0508
    1658.000       25505.9609
    1659.000       25700.1992
    1660.000       25618.4023
    1661.000       25474.8281
    1662.000       25685.2852
    1663.000       25543.5781
    1664.000       25538.8906
    1665.000       25621.7734
    1666.000       25636.6895
    1667.000       25515.7520
    1668.000       25434.4004
    1669.000       25680.1934
    1670.000       25637.2637
    1671.000       25600.9355
    1672.000       25502.8633
    1673.000       25548.7227
    1674.000       25643.0742
    1675.000       25467.8203
    1676.000       25464.8262
    1677.000       25570.0391
    1678.000       25440.8496
    1679.000       25654.1699
    1680.000       25611.2773
    1681.000       25627.7715
    1682.000       25736.8965
    1683.000       25686.0566
    1684.000       25643.1855
    1685.000       25395.3828
    1686.000       25371.4102
    1687.000       25454.9922
    1688.000       25742.9863
    1689.000       25460.3477
    1690.000       25635.9258
    1691.000       25586.2715
    1692.000       25606.9629
    1693.000       25623.9297
    1694.000       25533.0977
    1695.000       25438.9883
    1696.000       25647.7168
    1697.000       25549.8301
    1698.000       25628.5820
    1699.000       25437.9258
    1700.000       25400.5938
    1701.000       25708.0586
    1702.000       25783.6387
    1703.000       25746.5664
    1704.000       25696.3965
    1705.000       25418.6562
    1706.000       25438.8184
    1707.000       25337.0996
    1708.000       25568.3848
    1709.000       25501.2246
    1710.000       25681.4707
    1711.000       25764.2637
    1712.000       25749.2676
    1713.000       25546.7461
    1714.000       25483.3340
    1715.000       25478.1465
    1716.000       25582.9492
    1717.000       25737.4766
    1718.000       25619.8574
    1719.000       25559.1309
    1720.000       25265.7676
    1721.000       25508.4570
    1722.000       25671.5566
    1723.000       25563.4277
    1724.000       25695.4668
    1725.000       25597.8418
    1726.000       25750.1973
    1727.000       25760.2344
    1728.000       25452.1836
    1729.000       25378.2773
    1730.000       25729.9492
    1731.000       25519.9004
    1732.000       25624.9551
    1733.000       25646.9375
    1734.000       25531.7832
    1735.000       25431.7949
    1736.000       25416.9785
    1737.000       25525.2578
    1738.000       25577.7969
    1739.000       25598.9746
    1740.000       25684.8223
    1741.000       25241.3750
    1742.000       25519.2500
    1743.000       25884.8906
    1744.000       25326.5293
    1745.000       25310.9590
    1746.000       25628.1777
    1747.000       25522.1543
    1748.000       25615.4160
    1749.000       25532.7266
    1750.000       25613.7441
    1751.000       25528.8555
    1752.000       25428.3633
    1753.000       25634.8711
    1754.000       25252.3145
    1755.000       25434.3457
    1756.000       25593.5039
    1757.000       25725.7969
    1758.000       25687.1680
    1759.000       25432.5664
    1760.000       25581.3613
    1761.000       25560.3887
    1762.000       25613.8516
    1763.000       25689.2812
    1764.000       25517.0938
    1765.000       25537.7090
    1766.000       25630.2715
    1767.000       25647.5781
    1768.000       25747.0547
    1769.000       25369.0234
    1770.000       25608.4922
    1771.000       25588.0820
    1772.000       25562.0117
    1773.000       25756.3828
    1774.000       25633.3203
    1775.000       25458.7930
    1776.000       25560.0859
    1777.000       25310.0215
    1778.000       25490.8555
    1779.000       25704.0332
    1780.000       25318.8867
    1781.000       25674.6270
    1782.000       25541.1875
    1783.000       25564.2617
    1784.000       25570.5586
    1785.000       25693.5625
    1786.000       25801.3027
    1787.000       25689.4570
    1788.000       25684.1250
    1789.000       25702.2383
    1790.000       25545.8027
    1791.000       25465.5723
    1792.000       25710.8906
    1793.000       25338.8848
    1794.000       25531.5391
    1795.000       25491.2812
    1796.000       25741.9824
    1797.000       25877.6719
    1798.000       25573.8301
    1799.000       25535.6348
    1800.000       25615.9551
    1801.000       25594.0293
    1802.000       25646.2734
    1803.000       25714.6855
    1804.000       25692.8652
    1805.000       25528.6523
    1806.000       25451.1191
    1807.000       25595.0352
    1808.000       25622.4043
    1809.000       25644.3750
    1810.000       25627.6680
    1811.000       25629.9121
    1812.000       25588.1875
    1813.000       25579.4727
    1814.000       25785.2539
    1815.000       25432.0703
    1816.000       25641.6836
    1817.000       25391.3203
    1818.000       25645.9531
    1819.000       25638.5273
    1820.000       25709.3125
    1821.000       25658.9082
    1822.000       25599.9863
    1823.000       25457.6504
    1824.000       25669.1348
    1825.000       25614.0664
    1826.000       25653.8438
    1827.000       25563.7754
    1828.000       25407.7207
    1829.000       25442.9062
    1830.000       25526.5273
    1831.000       25462.9219
    1832.000       25528.0820
    1833.000       25788.6797
    1834.000       25656.2383
    1835.000       25263.1895
    1836.000       25414.9648
    1837.000       25427.3477
    1838.000       25725.8066
    1839.000       25449.8418
    1840.000       25654.3965
    1841.000       25679.5352
    1842.000       25461.8711
    1843.000       25541.4785
    1844.000       25514.1895
    1845.000       25673.3047
    1846.000       25533.2383
    1847.000       25463.3867
    1848.000       25671.4004
    1849.000       25429.1836
    1850.000       25539.8633
    1851.000       25581.1133
    1852.000       25316.1465
    1853.000       25498.4961
    1854.000       25592.1230
    1855.000       25743.3320
    1856.000       25677.0215
    1857.000       25669.7285
    1858.000       25581.2090
    1859.000       25756.3164
    1860.000       25667.0293
    1861.000       25449.3477
    1862.000       25661.5332
    1863.000       25599.5391
    1864.000       25453.5195
    1865.000       25718.8594
    1866.000       25597.2891
    1867.000       25577.7344
    1868.000       25701.0801
    1869.000       25434.7363
    1870.000       25757.9180
    1871.000       25580.2832
    1872.000       25450.1465
    1873.000       25598.6504
    1874.000       25683.5469
    1875.000       25568.6152
    1876.000       25600.3457
    1877.000       25657.2422
    1878.000       25816.1719
    1879.000       25909.0117
    1880.000       25758.1543
    1881.000       25515.0859
    1882.000       25446.8945
    1883.000       25504.3105
    1884.000       25620.5859
    1885.000       25706.0703
    1886.000       25638.4395
    1887.000       25468.3906
    1888.000       25485.5566
    1889.000       25656.8242
    1890.000       25516.4609
    1891.000       25411.9258
    1892.000       25549.7227
    1893.000       25631.0586
    1894.000       25508.0020
    1895.000       25373.9219
    1896.000       25480.8164
    1897.000       25743.2012
    1898.000       25702.1445
    1899.000       25650.5234
    1900.000       25658.3789
    1901.000       25540.8633
    1902.000       25371.3945
    1903.000       25538.0840
    1904.000       25584.5879
    1905.000       25703.7266
    1906.000       25432.9297
    1907.000       25539.0039
    1908.000       25445.7793
    1909.000       25571.5957
    1910.000       25531.0879
    1911.000       25706.8887
    1912.000       25598.5059
    1913.000       25598.1738
    1914.000       25686.7773
    1915.000       25260.0469
    1916.000       25695.2969
    1917.000       25511.0156
    1918.000       25674.3945
    1919.000       25694.2988
    1920.000       25243.5020
    1921.000       25440.5059
    1922.000       25982.1406
    1923.000       25583.8789
    1924.000       25368.6934
    1925.000       25698.3984
    1926.000       25522.7402
    1927.000       25461.3184
    1928.000       25275.8496
    1929.000       25665.6484
    1930.000       25808.7227
    1931.000       25609.6523
    1932.000       25524.0117
    1933.000       25454.4844
    1934.000       25823.3945
    1935.000       25542.1777
    1936.000       25793.1387
    1937.000       25578.6230
    1938.000       25331.1230
    1939.000       25719.9219
    1940.000       25582.0840
    1941.000       25675.1816
    1942.000       25725.7598
    1943.000       25426.6191
    1944.000       25691.1016
    1945.000       25921.5156
    1946.000       25592.6523
    1947.000       25571.4082
    1948.000       25699.5449
    1949.000       25714.3379
    1950.000       25569.3203
    1951.000       25577.0840
    1952.000       25491.8340
    1953.000       25327.2500
    1954.000       25443.7422
    1955.000       25599.5449
    1956.000       25641.3359
    1957.000       25789.0586
    1958.000       25536.2988
    1959.000       25514.8203
    1960.000       25718.3262
    1961.000       25412.3262
    1962.000       25581.2891
    1963.000       25550.1465
    1964.000       25582.6719
    1965.000       25591.8359
    1966.000       25592.3340
    1967.000       25358.5508
    1968.000       25698.5684
    1969.000       25827.0664
    1970.000       25621.1270
    1971.000       25830.1641
    1972.000       25612.3633
    1973.000       25640.1797
    1974.000       25742.1445
    1975.000       25448.5391
    1976.000       25437.8906
    1977.000       25630.5215
    1978.000       25531.8359
    1979.000       25615.2773
    1980.000       25747.0977
    1981.000       25497.0000
    1982.000       25648.0430
    1983.000       25544.9316
    1984.000       25642.3633
    1985.000       25618.0742
    1986.000       25707.6172
    1987.000       26002.3047
    1988.000       25456.1797
    1989.000       25377.2754
    1990.000       25776.2129
    1991.000       25467.9844
    1992.000       25483.5898
    1993.000       25537.4629
    1994.000       25381.8594
    1995.000       25489.3750
    1996.000       25586.4082
    1997.000       25726.9180
    1998.000       25498.2285
    1999.000       25565.2656
    2000.000       25528.9473
    2001.000       25588.3027
    2002.000       25640.0703
    2003.000       25856.7012
    2004.000       25460.2227
    2005.000       25558.1426
    2006.000       25635.7422
    2007.000       25691.8008
    2008.000       25530.2363
    2009.000       25356.1484
    2010.000       25757.3770
    2011.000       25698.6602
    2012.000       25373.8770
    2013.000       25535.6777
    2014.000       25610.9141
    2015.000       25576.9766
    2016.000       25587.7383
    2017.000       25744.5137
    2018.000       25445.8223
    2019.000       25537.4375
    2020.000       25845.5059
    2021.000       25523.4727
    2022.000       25572.1992
    2023.000       25512.8223
    2024.000       25565.7227
    2025.000       25707.4102
    2026.000       25765.4590
    2027.000       25652.0312
    2028.000       25593.9805
    2029.000       25448.0020
    2030.000       25594.7285
    2031.000       25574.9531
    2032.000       25445.6191
    2033.000       25665.0977
    2034.000       25653.7051
    2035.000       25558.8203
    2036.000       25743.3672
    2037.000       25618.2969
    2038.000       25329.8047
    2039.000       25461.8945
    2040.000       25512.7754
    2041.000       25662.4609
    2042.000       25555.6719
    2043.000       25537.8164
    2044.000       25348.2637
    2045.000       25646.5371
    2046.000       25648.7344
    2047.000       25611.2266
    2048.000       25437.4570
    2049.000       25608.0312
    2050.000       25645.7617
    2051.000       25641.8574
    2052.000       25780.6445
    2053.000       25746.9707
    2054.000       25679.3555
    2055.000       25500.2871
    2056.000       25453.4961
    2057.000       25861.2500
    2058.000       25572.5176
    2059.000       25616.4922
    2060.000       25429.7109
    2061.000       25531.7148
    2062.000       25502.4844
    2063.000       25653.2910
    2064.000       25614.7305
    2065.000       25604.5859
    2066.000       25640.9746
    2067.000       25661.2852
    2068.000       25633.0684
    2069.000       25704.1152
    2070.000       25485.1992
    2071.000       25454.6758
    2072.000       25308.7402
    2073.000       25371.8750
    2074.000       25309.7207
    2075.000       25458.9043
    2076.000       25721.3867
    2077.000       25665.0156
    2078.000       25480.1250
    2079.000       25441.8477
    2080.000       25456.5859
    2081.000       25671.6641
    2082.000       25671.7773
    2083.000       25638.9062
    2084.000       25566.6914
    2085.000       25542.2969
    2086.000       25590.8457
    2087.000       25727.2168
    2088.000       25496.1211
    2089.000       25642.2988
    2090.000       25691.4688
    2091.000       25573.2656
    2092.000       25680.3223
    2093.000       25624.2852
    2094.000       25585.3418
    2095.000       25472.9258
    2096.000       25554.2012
    2097.000       25412.2734
    2098.000       25597.5605
    2099.000       25624.6172
    2100.000       25586.2070
    2101.000       25450.1914
    2102.000       25480.8516
    2103.000       25691.7285
    2104.000       25438.5625
    2105.000       25388.7129
    2106.000       25727.5547
    2107.000       25593.4121
    2108.000       25508.5117
    2109.000       25727.5352
    2110.000       25348.3789
    2111.000       25444.3320
    2112.000       25630.7148
    2113.000       25442.3672
    2114.000       25610.6250
    2115.000       25397.0645
    2116.000       25637.7148
    2117.000       25540.8398
    2118.000       25771.9863
    2119.000       25493.8652
    2120.000       25554.6953
    2121.000       25708.7070
    2122.000       25484.6992
    2123.000       25660.9180
    2124.000       25555.3594
    2125.000       25600.0234
    2126.000       25550.4512
    2127.000       25549.5273
    2128.000       25565.5410
    2129.000       25566.9180
    2130.000       25601.8359
    2131.000       25546.0859
    2132.000       25369.4492
    2133.000       25412.9355
    2134.000       25557.1270
    2135.000       25472.2363
    2136.000       25741.8418
    2137.000       25773.2637
    2138.000       25614.7949
    2139.000       25643.0781
    2140.000       25627.9023
    2141.000       25577.1387
    2142.000       25631.0137
    2143.000       25610.7812
    2144.000       25447.4219
    2145.000       25608.8262
    2146.000       25804.3379
    2147.000       25471.3086
    2148.000       25595.4414
    2149.000       25579.1875
    2150.000       25502.3672
    2151.000       25461.9805
    2152.000       25388.5488
    2153.000       25573.8516
    2154.000       25519.4648
    2155.000       25775.6602
    2156.000       25615.4902
    2157.000       25806.9629
    2158.000       25657.7695
    2159.000       25542.2051
    2160.000       25552.0547
    2161.000       25691.2754
    2162.000       25689.8789
    2163.000       25497.8828
    2164.000       25469.2012
    2165.000       25947.7031
    2166.000       25525.4297
    2167.000       25484.6602
    2168.000       25722.3184
    2169.000       25422.7168
    2170.000       25491.9609
    2171.000       25499.2031
    2172.000       25312.3047
    2173.000       25514.9707
    2174.000       25398.9062
    2175.000       25451.1328
    2176.000       25529.8945
    2177.000       25494.7148
    2178.000       25596.9297
    2179.000       25640.9434
    2180.000       25769.8105
    2181.000       25573.3457
    2182.000       25489.2910
    2183.000       25799.4199
    2184.000       25773.9316
    2185.000       25785.2480
    2186.000       25452.5098
    2187.000       25635.0254
    2188.000       25494.8379
    2189.000       25699.5020
    2190.000       25748.7324
    2191.000       25706.0879
    2192.000       25548.6816
    2193.000       25573.2363
    2194.000       25413.6367
    2195.000       25607.8008
    2196.000       25431.3320
    2197.000       25476.2227
    2198.000       25472.1992
    2199.000       25441.4219
    2200.000       25433.1602
    2201.000       25524.2266
    2202.000       25562.1797
    2203.000       25779.7188
    2204.000       25862.9531
    2205.000       25441.5273
    2206.000       25536.1387
    2207.000       25772.9180
    2208.000       25687.6562
    2209.000       25461.6426
    2210.000       25429.9395
    2211.000       25458.2852
    2212.000       25572.0215
    2213.000       25569.7617
    2214.000       25567.5273
    2215.000       25368.9336
    2216.000       25455.8008
    2217.000       25649.3320
    2218.000       25648.1602
    2219.000       25802.4297
    2220.000       25718.5195
    2221.000       25510.8086
    2222.000       25652.7363
    2223.000       25518.7363
    2224.000       25654.4023
    2225.000       25684.9375
    2226.000       25595.3438
    2227.000       25558.0215
    2228.000       25675.0918
    2229.000       25405.4316
    2230.000       25534.4551
    2231.000       25892.6895
    2232.000       25296.4297
    2233.000       25677.6855
    2234.000       25501.4805
    2235.000       25644.7734
    2236.000       25520.9473
    2237.000       25363.6934
    2238.000       25720.0332
    2239.000       25603.1074
    2240.000       25672.5410
    2241.000       25724.2363
    2242.000       25734.2441
    2243.000       25557.7637
    2244.000       25550.2715
    2245.000       25541.6348
    2246.000       25663.2656
    2247.000       25565.9707
    2248.000       25457.2734
    2249.000       25485.1133
    2250.000       25608.0703
    2251.000       25579.9980
    2252.000       25562.4609
    2253.000       25618.9922
    2254.000       25612.0527
    2255.000       25591.7305
    2256.000       25530.9219
    2257.000       25634.6484
    2258.000       25467.8594
    2259.000       25641.3066
    2260.000       25447.6582
    2261.000       25609.6660
    2262.000       25766.3633
    2263.000       25579.4609
    2264.000       25690.2266
    2265.000       25715.8945
    2266.000       25732.8789
    2267.000       25380.4609
    2268.000       25541.5176
    2269.000       25614.5371
    2270.000       25722.3320
    2271.000       25463.9727
    2272.000       25585.8359
    2273.000       25582.1406
    2274.000       25769.5332
    2275.000       25235.7949
    2276.000       25435.3711
    2277.000       25788.3613
    2278.000       25621.6875
    2279.000       25624.8066
    2280.000       25645.0996
    2281.000       25729.2383
    2282.000       25475.6016
    2283.000       25669.0508
    2284.000       25634.9180
    2285.000       25549.4648
    2286.000       25458.7754
    2287.000       25540.9844
    2288.000       25694.2734
    2289.000       25557.1270
    2290.000       25612.7930
    2291.000       25416.7793
    2292.000       25708.5996
    2293.000       25771.6855
    2294.000       25665.1953
    2295.000       25361.7188
    2296.000       25782.5879
    2297.000       25729.1113
    2298.000       25373.8867
    2299.000       25805.7090
    2300.000       25662.7012
    2301.000       25619.6113
    2302.000       25619.1562
    2303.000       25532.1328
    2304.000       25641.3809
    2305.000       25633.4199
    2306.000       25602.2383
    2307.000       25601.2227
    2308.000       25768.1777
    2309.000       25323.1992
    2310.000       25571.2637
    2311.000       25475.6328
    2312.000       25380.5879
    2313.000       25626.3633
    2314.000       25515.2949
    2315.000       25566.0547
    2316.000       25485.5078
    2317.000       25506.3418
    2318.000       25633.3379
    2319.000       25700.4844
    2320.000       25577.0156
    2321.000       25564.6367
    2322.000       25762.4883
    2323.000       25745.0117
    2324.000       25417.7168
    2325.000       25490.8262
    2326.000       25490.8828
    2327.000       25759.1523
    2328.000       25582.7812
    2329.000       25580.5996
    2330.000       25434.4395
    2331.000       25599.2695
    2332.000       25643.2461
    2333.000       25402.6797
    2334.000       25506.6504
    2335.000       25691.0898
    2336.000       25590.2129
    2337.000       25518.9531
    2338.000       25565.6309
    2339.000       25407.5410
    2340.000       25467.8789
    2341.000       25530.9746
    2342.000       25729.1035
    2343.000       25660.6211
    2344.000       25544.2773
    2345.000       25548.8574
    2346.000       25569.2734
    2347.000       25573.0156
    2348.000       25578.4805
    2349.000       25758.7969
    2350.000       25663.3125
    2351.000       25641.3477
    2352.000       25763.0605
    2353.000       25497.2383
    2354.000       25735.4668
    2355.000       25552.7500
    2356.000       25448.5059
    2357.000       25441.1406
    2358.000       25641.4375
    2359.000       25512.9004
    2360.000       25355.6465
    2361.000       25660.6504
    2362.000       25735.7305
    2363.000       25729.8672
    2364.000       25668.4395
    2365.000       25627.4375
    2366.000       25627.9883
    2367.000       25598.6445
    2368.000       25537.2656
    2369.000       25668.3223
    2370.000       25439.8203
    2371.000       25584.2637
    2372.000       25387.5391
    2373.000       25599.9336
    2374.000       25620.4961
    2375.000       25589.9141
    2376.000       25516.5918
    2377.000       25792.1328
    2378.000       25648.1367
    2379.000       25520.8652
    2380.000       25523.9102
    2381.000       25469.1152
    2382.000       25456.7812
    2383.000       25479.8711
    2384.000       25550.7461
    2385.000       25466.8691
    2386.000       25594.4785
    2387.000       25679.7500
    2388.000       25879.7617
    2389.000       25724.2344
    2390.000       25592.4023
    2391.000       25501.3711
    2392.000       25441.9727
    2393.000       25517.1797
    2394.000       25877.3945
    2395.000       25607.0195
    2396.000       25752.7832
    2397.000       25575.9277
    2398.000       25635.2676
    2399.000       25438.6211
    2400.000       25775.8047
    2401.000       25609.3848
    2402.000       25442.8340
    2403.000       25580.4883
    2404.000       25359.4941
    2405.000       25509.5195
    2406.000       25591.0859
    2407.000       25437.2695
    2408.000       25701.9414
    2409.000       25408.9219
    2410.000       25364.6016
    2411.000       25859.4570
    2412.000       25685.0879
    2413.000       25572.5996
    2414.000       25502.7617
    2415.000       25503.9531
    2416.000       25545.4180
    2417.000       25763.7598
    2418.000       25607.7930
    2419.000       25500.2129
    2420.000       25323.7441
    2421.000       25560.5879
    2422.000       25604.6406
    2423.000       25702.8750
    2424.000       25494.7676
    2425.000       25676.5039
    2426.000       25568.3145
    2427.000       25692.2285
    2428.000       25531.2070
    2429.000       25696.2520
    2430.000       25455.5137
    2431.000       25625.4258
    2432.000       25618.7168
    2433.000       25341.1719
    2434.000       25421.4609
    2435.000       25518.9102
    2436.000       25465.5488
    2437.000       25605.9648
    2438.000       25510.9492
    2439.000       25708.5137
    2440.000       25607.0742
    2441.000       25644.1230
    2442.000       25585.1504
    2443.000       25623.5605
    2444.000       25471.4414
    2445.000       25521.3828
    2446.000       25501.6719
    2447.000       25483.9297
    2448.000       25644.7734
    2449.000       25492.6719
    2450.000       25509.3809
    2451.000       25566.4688
    2452.000       25433.1211
    2453.000       25545.3281
    2454.000       25382.0586
    2455.000       25665.2695
    2456.000       25753.1816
    2457.000       25679.6133
    2458.000       25530.6738
    2459.000       25566.1270
    2460.000       25581.6250
    2461.000       25527.5332
    2462.000       25504.1445
    2463.000       25438.6406
    2464.000       25630.1953
    2465.000       25679.7734
    2466.000       25627.7422
    2467.000       25671.5957
    2468.000       25441.1172
    2469.000       25540.6074
    2470.000       25538.2227
    2471.000       25542.5020
    2472.000       25542.2344
    2473.000       25469.3945
    2474.000       25767.2266
    2475.000       25541.7422
    2476.000       25688.1465
    2477.000       25544.8887
    2478.000       25578.5410
    2479.000       25609.3906
    2480.000       25880.5625
    2481.000       25587.2148
    2482.000       25386.4355
    2483.000       25589.9492
    2484.000       25609.5020
    2485.000       25721.2227
    2486.000       25538.7715
    2487.000       25655.9727
    2488.000       25294.7012
    2489.000       25438.8945
    2490.000       25560.3047
    2491.000       25314.4258
    2492.000       25461.1523
    2493.000       25802.0098
    2494.000       25462.6211
    2495.000       25562.6934
    2496.000       25440.7129
    2497.000       25471.9043
    2498.000       25587.4219
    2499.000       25412.3164
    2500.000       25661.1523
    2501.000       25546.8906
    2502.000       25594.7090
    2503.000       25472.0098
    2504.000       25459.2695
    2505.000       25670.2207
    2506.000       25408.7754
    2507.000       25408.7598
    2508.000       25588.9043
    2509.000       25673.8281
    2510.000       25337.7617
    2511.000       25481.3965
    2512.000       25577.8594
    2513.000       25486.1895
    2514.000       25545.5508
    2515.000       25620.2070
    2516.000       25577.3691
    2517.000       25417.9609
    2518.000       25486.4121
    2519.000       25759.2070
    2520.000       25658.9180
    2521.000       25832.2539
    2522.000       25678.3594
    2523.000       25513.7988
    2524.000       25264.2148
    2525.000       25547.2500
    2526.000       25632.7090
    2527.000       25407.8066
    2528.000       25631.9277
    2529.000       25709.6016
    2530.000       25639.8750
    2531.000       25808.2734
    2532.000       25715.1758
    2533.000       25322.1836
    2534.000       25676.4336
    2535.000       25322.5840
    2536.000       25601.6641
    2537.000       25572.8496
    2538.000       25556.0645
    2539.000       25962.4062
    2540.000       25458.3965
    2541.000       25525.0918
    2542.000       25622.5742
    2543.000       25724.2227
    2544.000       25566.6797
    2545.000       25756.7109
    2546.000       25563.3809
    2547.000       25715.0547
    2548.000       25386.6094
    2549.000       25704.0195
    2550.000       25593.9805
    2551.000       25588.6328
    2552.000       25602.3535
    2553.000       25577.0234
    2554.000       25575.1191
    2555.000       25774.8574
    2556.000       25495.4863
    2557.000       25454.7773
    2558.000       25364.9727
    2559.000       25742.0859
    2560.000       25452.9883
    2561.000       25674.7637
    2562.000       25470.3672
    2563.000       25617.5977
    2564.000       25546.5391
    2565.000       25598.8047
    2566.000       25747.1914
    2567.000       25633.4062
    2568.000       25513.4375
    2569.000       25731.1562
    2570.000       25665.4609
    2571.000       25732.0488
    2572.000       25762.7383
    2573.000       25796.2520
    2574.000       25436.9688
    2575.000       25497.9277
    2576.000       25502.6602
    2577.000       25704.8379
    2578.000       25506.3066
    2579.000       25549.8535
    2580.000       25938.4727
    2581.000       25523.1797
    2582.000       25733.6582
    2583.000       25618.2305
    2584.000       25633.1582
    2585.000       25454.4766
    2586.000       25523.0664
    2587.000       25533.2598
    2588.000       25552.2637
    2589.000       25689.6055
    2590.000       25502.5391
    2591.000       25474.0801
    2592.000       25620.3047
    2593.000       25734.3965
    2594.000       25472.8203
    2595.000       25583.5918
    2596.000       25767.6582
    2597.000       25678.6855
    2598.000       25703.2285
    2599.000       25571.3027
    2600.000       25476.1074
    2601.000       25713.9883
    2602.000       25236.2324
    2603.000       25555.4844
    2604.000       25516.5000
    2605.000       25459.7656
    2606.000       25501.8906
    2607.000       25519.0469
    2608.000       25500.6465
    2609.000       25709.3477
    2610.000       25701.1641
    2611.000       25756.4453
    2612.000       25451.9004
    2613.000       25626.6406
    2614.000       25582.2930
    2615.000       25295.2246
    2616.000       25389.5625
    2617.000       25696.1270
    2618.000       25782.2246
    2619.000       25885.2969
    2620.000       25676.1387
    2621.000       25414.2559
    2622.000       25631.2969
    2623.000       25682.9062
    2624.000       25358.6426
    2625.000       25824.0859
    2626.000       25785.1094
    2627.000       25600.3594
    2628.000       25272.9414
    2629.000       25380.0430
    2630.000       25612.0273
    2631.000       25431.7578
    2632.000       25553.9414
    2633.000       25673.7500
    2634.000       25588.6289
    2635.000       25417.2871
    2636.000       25484.9219
    2637.000       25733.9961
    2638.000       25358.5137
    2639.000       25491.8594
    2640.000       25499.5234
    2641.000       25452.6758
    2642.000       25445.6875
    2643.000       25540.5645
    2644.000       25535.6074
    2645.000       25572.4668
    2646.000       25679.6094
    2647.000       25494.4609
    2648.000       25517.8086
    2649.000       25432.8203
    2650.000       25552.0605
    2651.000       25260.9062
    2652.000       25624.2285
    2653.000       25452.2598
    2654.000       25696.2617
    2655.000       25392.9551
    2656.000       25754.7617
    2657.000       25476.4043
    2658.000       25571.6582
    2659.000       25435.9863
    2660.000       25553.8809
    2661.000       25437.5449
    2662.000       25425.8262
    2663.000       25771.6035
    2664.000       25518.2949
    2665.000       25476.9727
    2666.000       25531.8477
    2667.000       25636.9844
    2668.000       25327.4902
    2669.000       25484.2344
    2670.000       25580.8828
    2671.000       25496.7188
    2672.000       25563.0664
    2673.000       25533.0820
    2674.000       25514.9062
    2675.000       25529.8262
    2676.000       25676.6719
    2677.000       25723.1309
    2678.000       25668.0859
    2679.000       25512.7832
    2680.000       25643.8359
    2681.000       25537.1055
    2682.000       25551.7227
    2683.000       25533.3633
    2684.000       25543.3672
    2685.000       25581.6152
    2686.000       25519.4023
    2687.000       25531.0898
    2688.000       25383.7441
    2689.000       25398.1387
    2690.000       25667.8613
    2691.000       25670.2891
    2692.000       25577.3848
    2693.000       25591.3984
    2694.000       25672.0215
    2695.000       25605.3652
    2696.000       25638.0781
    2697.000       25683.7969
    2698.000       25655.1797
    2699.000       25682.1523
    2700.000       25585.6973
    2701.000       25466.3203
    2702.000       25395.3457
    2703.000       25564.9434
    2704.000       25531.1250
    2705.000       25797.6953
    2706.000       25620.1270
    2707.000       25590.7461
    2708.000       25430.5977
    2709.000       25436.1680
    2710.000       25484.6836
    2711.000       25679.1211
    2712.000       25495.5195
    2713.000       25526.7793
    2714.000       25471.6562
    2715.000       25540.3281
    2716.000       25605.6172
    2717.000       25551.1133
    2718.000       25537.6055
    2719.000       25643.1836
    2720.000       25642.5293
    2721.000       25763.8984
    2722.000       25367.6035
    2723.000       25715.9961
    2724.000       25466.6582
    2725.000       25478.9180
    2726.000       25744.2207
    2727.000       25632.5469
    2728.000       25575.5117
    2729.000       25403.9336
    2730.000       25783.7051
    2731.000       25793.5820
    2732.000       25801.6777
    2733.000       25714.9434
    2734.000       25831.9180
    2735.000       25477.0508
    2736.000       25625.1094
    2737.000       25421.8633
    2738.000       25548.5312
    2739.000       25482.1582
    2740.000       25583.1758
    2741.000       25583.1133
    2742.000       25590.8672
    2743.000       25516.2969
    2744.000       25680.7852
    2745.000       25517.0957
    2746.000       25578.6543
    2747.000       25583.9336
    2748.000       25546.2305
    2749.000       25604.0586
    2750.000       25668.6875
    2751.000       25576.3496
    2752.000       25419.0039
    2753.000       25657.2344
    2754.000       25573.7461
    2755.000       25630.5176
    2756.000       25602.3008
    2757.000       25604.9297
    2758.000       25563.5488
    2759.000       25578.2676
    2760.000       25567.3438
    2761.000       25466.1113
    2762.000       25533.6602
    2763.000       25574.7773
    2764.000       25514.2109
    2765.000       25619.0352
    2766.000       25558.9082
    2767.000       25391.3750
    2768.000       25558.7012
    2769.000       25656.6582
    2770.000       25558.2793
    2771.000       25468.2734
    2772.000       25448.7656
    2773.000       25461.6113
    2774.000       25644.6602
    2775.000       25617.1133
    2776.000       25564.5234
    2777.000       25588.2188
    2778.000       25452.1094
    2779.000       25654.4395
    2780.000       25666.4121
    2781.000       25629.9980
    2782.000       25451.9609
    2783.000       25458.9531
    2784.000       25507.8477
    2785.000       25661.2148
    2786.000       25527.4844
    2787.000       25697.9785
    2788.000       25586.7891
    2789.000       25815.9082
    2790.000       25526.7734
    2791.000       25578.3750
    2792.000       25607.0957
    2793.000       25522.1523
    2794.000       25584.6953
    2795.000       25755.0332
    2796.000       25670.9668
    2797.000       25615.4121
    2798.000       25505.0391
    2799.000       25468.1387
    2800.000       25621.7637
    2801.000       25633.9648
    2802.000       25526.8516
    2803.000       25626.4902
    2804.000       25417.8223
    2805.000       25498.5371
    2806.000       25495.1191
    2807.000       25758.8086
    2808.000       25519.5215
    2809.000       25736.0957
    2810.000       25677.0996
    2811.000       25536.9844
    2812.000       25522.5547
    2813.000       25542.6855
    2814.000       25651.7207
    2815.000       25791.6562
    2816.000       25368.3613
    2817.000       25443.2520
    2818.000       25554.2930
    2819.000       25580.6035
    2820.000       25562.7617
    2821.000       25503.6855
    2822.000       25776.7422
    2823.000       25432.8340
    2824.000       25576.6367
    2825.000       25686.0449
    2826.000       25545.6934
    2827.000       25671.4414
    2828.000       25499.4785
    2829.000       25506.7852
    2830.000       25775.4023
    2831.000       25560.9609
    2832.000       25689.9023
    2833.000       25728.2852
    2834.000       25432.3633
    2835.000       25587.3125
    2836.000       25611.3965
    2837.000       25499.9609
    2838.000       25613.6973
    2839.000       25552.8594
    2840.000       25570.2422
    2841.000       25455.7148
    2842.000       25514.5312
    2843.000       25562.3867
    2844.000       25530.9609
    2845.000       25803.9219
    2846.000       25716.5352
    2847.000       25505.5625
    2848.000       25609.7305
    2849.000       25678.9160
    2850.000       25458.6602
    2851.000       25421.5312
    2852.000       25369.3633
    2853.000       25650.9883
    2854.000       25619.8320
    2855.000       25366.6406
    2856.000       25421.2910
    2857.000       25548.0977
    2858.000       25671.0859
    2859.000       25724.5469
    2860.000       25645.6309
    2861.000       25566.9355
    2862.000       25616.5371
    2863.000       25699.2910
    2864.000       25646.6641
    2865.000       25402.0117
    2866.000       25845.9844
    2867.000       25522.5957
    2868.000       25592.9902
    2869.000       25558.9629
    2870.000       25574.9062
    2871.000       25570.2266
    2872.000       25608.0605
    2873.000       25723.7734
    2874.000       25527.7148
    2875.000       25701.2266
    2876.000       25537.5273
    2877.000       25528.3984
    2878.000       25711.6699
    2879.000       25706.9023
    2880.000       25620.9258
    2881.000       25626.1094
    2882.000       25482.0566
    2883.000       25680.9355
    2884.000       25453.0039
    2885.000       25451.3789
    2886.000       25470.4785
    2887.000       25640.7441
    2888.000       25447.2500
    2889.000       25677.6211
    2890.000       25542.3867
    2891.000       25797.2344
    2892.000       25628.8945
    2893.000       25542.7422
    2894.000       25556.9219
    2895.000       25556.5332
    2896.000       25713.0859
    2897.000       25576.2383
    2898.000       25619.2715
    2899.000       25452.6797
    2900.000       25840.3633
    2901.000       25383.0684
    2902.000       25520.5645
    2903.000       25591.1758
    2904.000       25312.6641
    2905.000       25623.7812
    2906.000       25674.2695
    2907.000       25694.9160
    2908.000       25514.6113
    2909.000       25544.7324
    2910.000       25799.4297
    2911.000       25475.9512
    2912.000       25484.4902
    2913.000       25448.2109
    2914.000       25588.7500
    2915.000       25581.4863
    2916.000       25699.7109
    2917.000       25615.1699
    2918.000       25529.4961
    2919.000       25448.2754
    2920.000       25775.3145
    2921.000       25585.5781
    2922.000       25530.7754
    2923.000       25368.8340
    2924.000       25419.5527
    2925.000       25710.9688
    2926.000       25563.0977
    2927.000       25554.6934
    2928.000       25691.4609
    2929.000       25428.7246
    2930.000       25761.4883
    2931.000       25760.8164
    2932.000       25705.6543
    2933.000       25326.9160
    2934.000       25411.7559
    2935.000       25589.2656
    2936.000       25519.5684
    2937.000       25580.1699
    2938.000       25613.0234
    2939.000       25563.0234
    2940.000       25659.5742
    2941.000       25726.0938
    2942.000       25555.4805
    2943.000       25700.6699
    2944.000       25446.8438
    2945.000       25449.2793
    2946.000       25582.8613
    2947.000       25563.7773
    2948.000       25645.4043
    2949.000       25540.3770
    2950.000       25722.9062
    2951.000       25589.4316
    2952.000       25801.8730
    2953.000       25657.5938
    2954.000       25567.3672
    2955.000       25571.8340
    2956.000       25539.3750
    2957.000       25603.3066
    2958.000       25778.7520
    2959.000       25723.1094
    2960.000       25559.8984
    2961.000       25461.6758
    2962.000       25705.7305
    2963.000       25760.8730
    2964.000       25533.8770
    2965.000       25486.6602
    2966.000       25589.7617
    2967.000       25528.2598
    2968.000       25781.6914
    2969.000       25562.8652
    2970.000       25627.2324
    2971.000       25636.3047
    2972.000       25490.0527
    2973.000       25392.4414
    2974.000       25569.5098
    2975.000       25691.5625
    2976.000       25495.6152
    2977.000       25676.5293
    2978.000       25612.0098
    2979.000       25644.1289
    2980.000       25599.0645
    2981.000       25605.7637
    2982.000       25546.5898
    2983.000       25720.9160
    2984.000       25674.6602
    2985.000       25879.2812
    2986.000       25641.2305
    2987.000       25655.1543
    2988.000       25452.9316
    2989.000       25472.4355
    2990.000       25687.0703
    2991.000       25533.0254
    2992.000       25688.6445
    2993.000       25609.4023
    2994.000       25772.4941
    2995.000       25461.8535
    2996.000       25626.3145
    2997.000       25549.8848
    2998.000       25576.2500
    2999.000       25539.9004
    3000.000       25365.9805
    3001.000       25780.3340
    3002.000       25650.4473
    3003.000       25674.1250
    3004.000       25647.7500
    3005.000       25561.2949
    3006.000       25548.0938
    3007.000       25488.6934
    3008.000       25680.7695
    3009.000       25737.2109
    3010.000       25538.3164
    3011.000       25582.5527
    3012.000       25624.0254
    3013.000       25455.0195
    3014.000       25577.5859
    3015.000       25586.5840
    3016.000       25513.7598
    3017.000       25379.9160
    3018.000       25598.7441
    3019.000       25521.1973
    3020.000       25497.1797
    3021.000       25467.9707
    3022.000       25708.6699
    3023.000       25463.1133
    3024.000       25567.3008
    3025.000       25557.7891
    3026.000       25511.8125
    3027.000       25566.9375
    3028.000       25662.5645
    3029.000       25628.0332
    3030.000       25528.9805
    3031.000       25600.2539
    3032.000       25655.3203
    3033.000       25599.1680
    3034.000       25369.0000
    3035.000       25531.9434
    3036.000       25314.6602
    3037.000       25439.6406
    3038.000       25774.3164
    3039.000       25603.6484
    3040.000       25539.9570
