     141.000     -123012.7264
     142.000     -123638.2711
     143.000     -124139.4080
     144.000     -124470.2094
     145.000     -124502.5860
     146.000     -124755.3037
     147.000     -124669.9282
     148.000     -124790.4514
     149.000     -125068.8931
     150.000     -125371.2223
     151.000     -124909.6047
     152.000     -125405.4880
     153.000     -125229.9816
     154.000     -125173.8832
     155.000     -125077.9175
     156.000     -124976.6000
     157.000     -124957.8443
     158.000     -125323.1200
     159.000     -125231.8720
     160.000     -125520.3975
     161.000     -125638.3845
     162.000     -125400.6916
     163.000     -125255.3872
     164.000     -124976.7173
     165.000     -125005.0170
     166.000     -124827.6049
     167.000     -125269.8167
     168.000     -125009.6200
     169.000     -125121.7241
     170.000     -125285.3236
     171.000     -125161.9888
     172.000     -125219.2348
     173.000     -125366.5009
     174.000     -125267.1075
     175.000     -125068.2239
     176.000     -124940.6408
     177.000     -125402.0291
     178.000     -125325.6067
     179.000     -125122.8199
     180.000     -125299.9451
     181.000     -125137.9399
     182.000     -125486.6717
     183.000     -125379.8987
     184.000     -125235.6165
     185.000     -125271.4728
     186.000     -125482.4694
     187.000     -125260.6788
     188.000     -125400.3820
     189.000     -125255.9021
     190.000     -125341.0422
     191.000     -125558.4410
     192.000     -125131.8872
     193.000     -125401.9636
     194.000     -125410.1784
     195.000     -125390.3424
     196.000     -125353.3182
     197.000     -125436.6260
     198.000     -125193.3631
     199.000     -125441.8964
     200.000     -125143.6976
     201.000     -125337.4996
     202.000     -125107.0645
     203.000     -124944.5389
     204.000     -125085.2519
     205.000     -125263.9462
     206.000     -125333.5676
     207.000     -125465.8996
     208.000     -125133.4765
     209.000     -125264.0295
     210.000     -125325.3915
     211.000     -125429.9727
     212.000     -125441.6215
     213.000     -125259.4127
     214.000     -125187.3487
     215.000     -125206.8883
     216.000     -125341.6626
     217.000     -125372.1384
     218.000     -125226.9551
     219.000     -125363.3585
     220.000     -125192.1603
     221.000     -125127.5918
     222.000     -125230.9964
     223.000     -125442.0076
     224.000     -125354.9841
     225.000     -125511.2141
     226.000     -125388.9122
     227.000     -125587.7139
     228.000     -125600.3516
     229.000     -125051.8115
     230.000     -125429.1531
     231.000     -125344.5658
     232.000     -125573.5862
     233.000     -125313.3802
     234.000     -125235.2465
     235.000     -125293.4141
     236.000     -125331.3897
     237.000     -125300.7223
     238.000     -125152.0253
     239.000     -125066.7594
     240.000     -125528.1698
     241.000     -125315.5328
     242.000     -125478.0466
     243.000     -125260.2492
     244.000     -125272.0352
     245.000     -125324.6475
     246.000     -125390.7404
     247.000     -125361.0476
     248.000     -125155.3661
     249.000     -125072.0010
     250.000     -125374.7103
     251.000     -125231.6464
     252.000     -125357.4487
     253.000     -125403.4888
     254.000     -125406.6841
     255.000     -125203.5911
     256.000     -125324.3856
     257.000     -125398.9435
     258.000     -125354.0272
     259.000     -125361.2213
     260.000     -125429.8537
     261.000     -125491.7175
     262.000     -125227.7126
     263.000     -125473.8352
     264.000     -125442.2667
     265.000     -125282.5732
     266.000     -125235.0100
     267.000     -125349.4887
     268.000     -125549.5506
     269.000     -125209.2226
     270.000     -125750.4402
     271.000     -125692.0528
     272.000     -125686.4423
     273.000     -125062.4301
     274.000     -125413.9400
     275.000     -125190.2902
     276.000     -124898.9448
     277.000     -125401.3030
     278.000     -125202.6217
     279.000     -125337.9197
     280.000     -125039.1240
     281.000     -125468.5316
     282.000     -125353.2467
     283.000     -125395.5870
     284.000     -125196.1009
     285.000     -125277.2901
     286.000     -125364.2730
     287.000     -125548.1019
     288.000     -125536.1629
     289.000     -124983.1329
     290.000     -125199.0546
     291.000     -125297.1217
     292.000     -125288.0852
     293.000     -124980.3383
     294.000     -125247.7285
     295.000     -125591.6623
     296.000     -125176.0090
     297.000     -125629.3188
     298.000     -125542.4021
     299.000     -125317.1169
     300.000     -125333.2130
     301.000     -125468.4486
     302.000     -125309.9389
     303.000     -125132.5796
     304.000     -125619.1171
     305.000     -125493.2579
     306.000     -125254.3731
     307.000     -125350.8201
     308.000     -125229.6300
     309.000     -125211.4291
     310.000     -125353.3379
     311.000     -125162.8389
     312.000     -125101.9594
     313.000     -125028.7755
     314.000     -125121.6376
     315.000     -125063.3220
     316.000     -125464.2315
     317.000     -125579.6181
     318.000     -125557.6232
     319.000     -125395.5752
     320.000     -125169.2375
     321.000     -125663.8115
     322.000     -125149.4981
     323.000     -125301.6438
     324.000     -125273.2783
     325.000     -125118.3775
     326.000     -125256.3121
     327.000     -125252.6693
     328.000     -125022.3716
     329.000     -125215.0452
     330.000     -125230.7819
     331.000     -125201.0657
     332.000     -125499.2243
     333.000     -125256.4827
     334.000     -125376.3154
     335.000     -125277.0578
     336.000     -125329.8118
     337.000     -125474.2049
     338.000     -125340.5671
     339.000     -125315.2010
     340.000     -125287.0886
     341.000     -125364.8860
     342.000     -125553.3675
     343.000     -125287.6764
     344.000     -124940.2612
     345.000     -125573.6037
     346.000     -125308.7427
     347.000     -125285.2171
     348.000     -125534.4969
     349.000     -125400.0113
     350.000     -125238.4895
     351.000     -125185.5543
     352.000     -125277.4963
     353.000     -125315.8227
     354.000     -125295.9705
     355.000     -125344.8232
     356.000     -125438.4870
     357.000     -125507.6097
     358.000     -125359.1630
     359.000     -125353.5415
     360.000     -125216.0030
     361.000     -125081.5927
     362.000     -125149.9324
     363.000     -124967.0279
     364.000     -125475.2284
     365.000     -125323.2905
     366.000     -125289.2386
     367.000     -125201.0181
     368.000     -125396.8154
     369.000     -125342.5780
     370.000     -125386.8591
     371.000     -125263.5402
     372.000     -125169.0126
     373.000     -125148.3462
     374.000     -125541.2453
     375.000     -125571.9242
     376.000     -125362.4554
     377.000     -125568.1792
     378.000     -125762.1225
     379.000     -125434.5121
     380.000     -125585.5303
     381.000     -125388.6242
     382.000     -125367.7812
     383.000     -125554.6998
     384.000     -125538.0134
     385.000     -125474.2009
     386.000     -125070.2482
     387.000     -125527.5051
     388.000     -125337.1115
     389.000     -124987.0442
     390.000     -125637.0223
     391.000     -125719.4919
     392.000     -125411.0391
     393.000     -125178.9308
     394.000     -125610.9179
     395.000     -125408.1687
     396.000     -125507.7833
     397.000     -124945.8552
     398.000     -125406.5169
     399.000     -125361.1727
     400.000     -125483.2944
     401.000     -125125.2993
     402.000     -125223.4992
     403.000     -125187.3798
     404.000     -125178.9548
     405.000     -125425.3732
     406.000     -125438.3427
     407.000     -125599.3817
     408.000     -125455.6743
     409.000     -125649.5019
     410.000     -125252.3212
     411.000     -125417.2854
     412.000     -125415.8987
     413.000     -125058.3332
     414.000     -125411.4951
     415.000     -125414.4698
     416.000     -125762.1419
     417.000     -125603.6672
     418.000     -125570.9079
     419.000     -125279.9993
     420.000     -125205.6696
     421.000     -125358.2738
     422.000     -125472.5025
     423.000     -125476.3010
     424.000     -125317.2000
     425.000     -125317.7377
     426.000     -125223.3136
     427.000     -125281.1130
     428.000     -125289.7545
     429.000     -125156.9273
     430.000     -125130.0715
     431.000     -125434.9343
     432.000     -125352.4903
     433.000     -125660.0980
     434.000     -125410.7014
     435.000     -125277.0975
     436.000     -125491.6198
     437.000     -125155.7883
     438.000     -125227.6782
     439.000     -125392.9220
     440.000     -125456.1195
     441.000     -125405.3199
     442.000     -125609.9081
     443.000     -125459.9811
     444.000     -125290.4394
     445.000     -125237.7573
     446.000     -125398.3836
     447.000     -125317.2724
     448.000     -125484.8718
     449.000     -125223.2364
     450.000     -125301.6500
     451.000     -125572.3717
     452.000     -125337.0850
     453.000     -125084.2419
     454.000     -125327.9479
     455.000     -125248.7497
     456.000     -125123.2815
     457.000     -125439.2777
     458.000     -125264.6559
     459.000     -125563.7122
     460.000     -125606.9560
     461.000     -125244.4413
     462.000     -125345.3742
     463.000     -125452.5504
     464.000     -125286.7795
     465.000     -125297.8421
     466.000     -125497.8289
     467.000     -125387.7573
     468.000     -125157.6012
     469.000     -125275.7391
     470.000     -124975.4063
     471.000     -125368.9237
     472.000     -125406.0879
     473.000     -125146.5858
     474.000     -125376.0779
     475.000     -125262.4679
     476.000     -125267.3863
     477.000     -125313.4254
     478.000     -125177.5665
     479.000     -125202.0919
     480.000     -125396.9033
     481.000     -124891.4360
     482.000     -125325.4352
     483.000     -125359.0644
     484.000     -125242.3265
     485.000     -125504.0686
     486.000     -125146.1854
     487.000     -125113.6779
     488.000     -125347.8433
     489.000     -125309.8838
     490.000     -125356.0780
     491.000     -125190.8764
     492.000     -125305.7209
     493.000     -125292.3266
     494.000     -125426.0701
     495.000     -125394.6778
     496.000     -125452.6538
     497.000     -125667.6890
     498.000     -125269.5594
     499.000     -125436.4282
     500.000     -125549.8404
     501.000     -125356.6718
     502.000     -125175.4255
     503.000     -125531.7007
     504.000     -125377.5390
     505.000     -125378.7272
     506.000     -125592.1769
     507.000     -125198.1991
     508.000     -125422.7725
     509.000     -125455.3072
     510.000     -125398.2630
     511.000     -125257.6427
     512.000     -125339.9348
     513.000     -125757.6201
     514.000     -125482.0614
     515.000     -125269.5663
     516.000     -125632.5128
     517.000     -125263.8085
     518.000     -125296.6333
     519.000     -125443.8466
     520.000     -125303.0129
     521.000     -125173.2281
     522.000     -125273.3699
     523.000     -125313.7020
     524.000     -125575.9064
     525.000     -125301.5184
     526.000     -125603.7492
     527.000     -125324.4475
     528.000     -125342.5990
     529.000     -125242.2584
     530.000     -125426.1069
     531.000     -125362.2952
     532.000     -125182.7507
     533.000     -125390.4736
     534.000     -125477.0573
     535.000     -125324.3763
     536.000     -125473.6819
     537.000     -125851.9640
     538.000     -125135.1902
     539.000     -125654.2550
     540.000     -125638.7734
     541.000     -125483.6457
     542.000     -125473.9158
     543.000     -125452.5181
     544.000     -125506.1843
     545.000     -125392.2486
     546.000     -125430.0565
     547.000     -125596.3610
     548.000     -125442.9282
     549.000     -125261.0836
     550.000     -125542.0593
     551.000     -125113.4564
     552.000     -125485.3585
     553.000     -125024.9361
     554.000     -125285.6202
     555.000     -125238.5141
     556.000     -125414.7041
     557.000     -125263.2936
     558.000     -125180.7218
     559.000     -125677.4792
     560.000     -125187.5045
     561.000     -125073.8363
     562.000     -125149.2307
     563.000     -125590.8954
     564.000     -125574.1745
     565.000     -125479.0030
     566.000     -125312.7206
     567.000     -125569.0627
     568.000     -125322.4983
     569.000     -125412.3704
     570.000     -125684.0449
     571.000     -125635.2838
     572.000     -125373.2199
     573.000     -125298.5152
     574.000     -125381.5834
     575.000     -125329.9201
     576.000     -125479.7073
     577.000     -125584.5870
     578.000     -125434.9167
     579.000     -125500.0456
     580.000     -125530.0194
     581.000     -125253.6021
     582.000     -125257.9289
     583.000     -125215.2692
     584.000     -125266.4231
     585.000     -125317.3131
     586.000     -125246.3178
     587.000     -125421.4555
     588.000     -125045.2183
     589.000     -125441.2984
     590.000     -125337.5055
     591.000     -125321.1900
     592.000     -125235.4463
     593.000     -125188.7849
     594.000     -125501.1429
     595.000     -125353.0067
     596.000     -125326.1606
     597.000     -125523.0213
     598.000     -125437.1428
     599.000     -125516.6635
     600.000     -125338.7831
     601.000     -125166.1067
     602.000     -125330.2253
     603.000     -125192.3919
     604.000     -125213.5171
     605.000     -125181.1349
     606.000     -125538.9553
     607.000     -125497.1412
     608.000     -125535.0314
     609.000     -125279.0780
     610.000     -125520.8486
     611.000     -125453.6214
     612.000     -125392.4738
     613.000     -125270.1227
     614.000     -125257.0974
     615.000     -125270.9696
     616.000     -125440.0928
     617.000     -125483.9271
     618.000     -125397.8850
     619.000     -125256.8103
     620.000     -125424.5206
     621.000     -125385.4566
     622.000     -125592.3873
     623.000     -125278.5920
     624.000     -125525.5107
     625.000     -125450.9026
     626.000     -125060.9908
     627.000     -125470.5634
     628.000     -125457.6292
     629.000     -125277.3159
     630.000     -125405.3306
     631.000     -125472.4023
     632.000     -125515.7775
     633.000     -125414.6389
     634.000     -125528.3227
     635.000     -125671.2577
     636.000     -125447.5849
     637.000     -125229.0360
     638.000     -125189.9467
     639.000     -125395.3865
     640.000     -125714.6307
     641.000     -125629.9625
     642.000     -125472.1056
     643.000     -125150.4015
     644.000     -125402.8296
     645.000     -125309.8083
     646.000     -125709.8573
     647.000     -125462.8248
     648.000     -125816.4232
     649.000     -125435.4266
     650.000     -125461.8131
     651.000     -125362.0197
     652.000     -125358.5529
     653.000     -125423.2145
     654.000     -125458.6758
     655.000     -125467.3544
     656.000     -125319.0005
     657.000     -125369.5716
     658.000     -125420.5700
     659.000     -125502.3340
     660.000     -125380.8922
     661.000     -125394.6076
     662.000     -125442.2699
     663.000     -125495.7576
     664.000     -125482.6325
     665.000     -125351.8540
     666.000     -125399.8769
     667.000     -125400.6188
     668.000     -125422.4514
     669.000     -125534.9370
     670.000     -125561.4608
     671.000     -125573.9326
     672.000     -125579.4617
     673.000     -125383.5830
     674.000     -125134.7471
     675.000     -125663.0840
     676.000     -125361.3116
     677.000     -125258.6906
     678.000     -125206.5215
     679.000     -125363.8851
     680.000     -125547.1101
     681.000     -125677.3636
     682.000     -125706.9249
     683.000     -125663.2009
     684.000     -125191.1247
     685.000     -125510.7719
     686.000     -125487.3071
     687.000     -125366.9837
     688.000     -125205.1906
     689.000     -125389.2902
     690.000     -125669.2107
     691.000     -125786.5800
     692.000     -125640.5204
     693.000     -125513.2307
     694.000     -125598.4254
     695.000     -125436.2280
     696.000     -125420.9443
     697.000     -125237.4494
     698.000     -125302.7193
     699.000     -125481.8353
     700.000     -125405.2171
     701.000     -125385.6155
     702.000     -125624.3833
     703.000     -125425.2485
     704.000     -125383.3606
     705.000     -125179.4429
     706.000     -125273.1173
     707.000     -125660.2272
     708.000     -125475.9316
     709.000     -125179.4293
     710.000     -125217.1156
     711.000     -125511.3809
     712.000     -125499.2613
     713.000     -125065.6006
     714.000     -125274.0986
     715.000     -125628.7634
     716.000     -125186.0322
     717.000     -125256.9797
     718.000     -124810.1225
     719.000     -125401.4813
     720.000     -125229.0779
     721.000     -125091.4041
     722.000     -125177.0568
     723.000     -125676.2832
     724.000     -125218.7174
     725.000     -125443.8423
     726.000     -125262.6635
     727.000     -125557.8513
     728.000     -125696.3816
     729.000     -125497.9182
     730.000     -125425.3826
     731.000     -125337.2301
     732.000     -125395.7556
     733.000     -125188.5638
     734.000     -125393.3233
     735.000     -125312.4524
     736.000     -125540.7919
     737.000     -125454.7885
     738.000     -125252.8536
     739.000     -125446.6604
     740.000     -125147.4264
     741.000     -125503.0985
     742.000     -125671.6877
     743.000     -125722.8540
     744.000     -125655.9069
     745.000     -125759.5560
     746.000     -125683.0086
     747.000     -125386.2064
     748.000     -125361.8590
     749.000     -125504.9742
     750.000     -125505.3038
     751.000     -125636.5193
     752.000     -125428.2607
     753.000     -125344.3111
     754.000     -125186.0496
     755.000     -125408.1720
     756.000     -125636.1691
     757.000     -125419.8548
     758.000     -125583.2572
     759.000     -125570.6386
     760.000     -125875.6880
     761.000     -125805.3051
     762.000     -125578.3275
     763.000     -125307.8991
     764.000     -125603.2240
     765.000     -125431.2674
     766.000     -125496.1965
     767.000     -125768.9811
     768.000     -125806.3100
     769.000     -125340.4653
     770.000     -125631.2410
     771.000     -125324.6627
     772.000     -125154.8283
     773.000     -125654.1260
     774.000     -125382.5472
     775.000     -125207.6578
     776.000     -125193.6668
     777.000     -125239.1290
     778.000     -125431.3810
     779.000     -125405.5977
     780.000     -124994.3603
     781.000     -125344.3660
     782.000     -125050.5946
     783.000     -125516.7389
     784.000     -125277.1090
     785.000     -125543.0447
     786.000     -125948.9537
     787.000     -125304.9825
     788.000     -125547.9310
     789.000     -125281.7534
     790.000     -125127.2827
     791.000     -125346.3858
     792.000     -125199.1472
     793.000     -125352.9480
     794.000     -125326.5837
     795.000     -125398.3406
     796.000     -125337.2322
     797.000     -125517.7764
     798.000     -125547.7950
     799.000     -125037.7137
     800.000     -125398.9481
     801.000     -125301.0909
     802.000     -125673.1380
     803.000     -125521.5985
     804.000     -125372.7058
     805.000     -125507.7434
     806.000     -125397.9010
     807.000     -125393.1414
     808.000     -125797.0149
     809.000     -125344.6735
     810.000     -125125.8708
     811.000     -125188.5266
     812.000     -125579.1473
     813.000     -125416.6773
     814.000     -125208.4185
     815.000     -125373.2196
     816.000     -125535.7682
     817.000     -125676.5596
     818.000     -125327.5310
     819.000     -125721.8515
     820.000     -125615.9378
     821.000     -125586.6254
     822.000     -125730.3822
     823.000     -125387.7346
     824.000     -125478.1441
     825.000     -125554.3121
     826.000     -125586.1311
     827.000     -125644.1200
     828.000     -125634.4654
     829.000     -125318.0181
     830.000     -125531.9990
     831.000     -125594.2385
     832.000     -125589.8113
     833.000     -125323.0583
     834.000     -125116.7474
     835.000     -125412.0946
     836.000     -125558.1573
     837.000     -125830.4470
     838.000     -125548.0719
     839.000     -125586.0725
     840.000     -125402.8801
     841.000     -125544.1648
     842.000     -125456.4162
     843.000     -125327.6356
     844.000     -125346.4688
     845.000     -125581.8748
     846.000     -125405.8364
     847.000     -125437.2238
     848.000     -125668.3042
     849.000     -125511.2478
     850.000     -125528.1750
     851.000     -125585.7491
     852.000     -125482.9125
     853.000     -125555.9464
     854.000     -125531.3297
     855.000     -125515.2651
     856.000     -125323.7361
     857.000     -125547.8746
     858.000     -125621.7226
     859.000     -125413.6884
     860.000     -125581.1784
     861.000     -125892.8228
     862.000     -125616.3753
     863.000     -125469.7794
     864.000     -125660.8081
     865.000     -125518.8082
     866.000     -125446.0456
     867.000     -125718.1592
     868.000     -125346.0478
     869.000     -125597.1956
     870.000     -125681.9758
     871.000     -125421.7288
     872.000     -125271.6718
     873.000     -125336.5833
     874.000     -125431.3770
     875.000     -125273.4090
     876.000     -125111.3534
     877.000     -125397.8033
     878.000     -125276.8123
     879.000     -125506.3911
     880.000     -125658.5403
     881.000     -125217.2177
     882.000     -125380.2001
     883.000     -125764.7170
     884.000     -125604.9621
     885.000     -125660.3552
     886.000     -125714.1339
     887.000     -125215.0824
     888.000     -125635.3240
     889.000     -125713.0363
     890.000     -125604.1149
     891.000     -125489.7803
     892.000     -125633.0114
     893.000     -125393.0597
     894.000     -125430.0209
     895.000     -125519.3507
     896.000     -125389.7853
     897.000     -125288.7119
     898.000     -125433.6173
     899.000     -125669.7040
     900.000     -125595.4653
     901.000     -125731.8624
     902.000     -125408.4974
     903.000     -125200.8037
     904.000     -125383.8802
     905.000     -125461.1933
     906.000     -125351.3546
     907.000     -125445.2533
     908.000     -125674.8663
     909.000     -125385.7613
     910.000     -125424.5440
     911.000     -125420.0678
     912.000     -125513.6042
     913.000     -125464.7371
     914.000     -125538.7855
     915.000     -125477.1424
     916.000     -125352.4246
     917.000     -125613.6176
     918.000     -125850.4402
     919.000     -125622.2092
     920.000     -125638.3656
     921.000     -125561.0384
     922.000     -125616.6616
     923.000     -125414.6399
     924.000     -125501.6851
     925.000     -125548.0662
     926.000     -125267.3276
     927.000     -125514.5505
     928.000     -125365.4279
     929.000     -125635.2128
     930.000     -125661.7712
     931.000     -125290.9455
     932.000     -125683.9284
     933.000     -125571.2161
     934.000     -125783.3284
     935.000     -125582.2862
     936.000     -125414.0489
     937.000     -125333.1236
     938.000     -125263.7881
     939.000     -125330.0660
     940.000     -125690.5687
     941.000     -125320.4061
     942.000     -125410.7700
     943.000     -125513.3530
     944.000     -125345.4128
     945.000     -125353.3920
     946.000     -125676.7090
     947.000     -125210.2276
     948.000     -125269.7954
     949.000     -125380.1814
     950.000     -125633.5470
     951.000     -125625.6025
     952.000     -125454.7714
     953.000     -125530.5669
     954.000     -125619.5101
     955.000     -125500.3932
     956.000     -125782.5850
     957.000     -125399.9392
     958.000     -125249.5940
     959.000     -125569.0356
     960.000     -125375.8633
     961.000     -125724.9303
     962.000     -125524.6953
     963.000     -125427.9194
     964.000     -125437.0298
     965.000     -125726.2610
     966.000     -125537.6615
     967.000     -125435.9011
     968.000     -125376.1036
     969.000     -125719.8433
     970.000     -125751.8756
     971.000     -125564.7925
     972.000     -125604.2187
     973.000     -125426.9691
     974.000     -125007.4373
     975.000     -125606.4548
     976.000     -125437.5131
     977.000     -125214.5019
     978.000     -125299.4990
     979.000     -125553.8430
     980.000     -125794.2045
     981.000     -125633.9662
     982.000     -125501.4512
     983.000     -125575.7364
     984.000     -125372.1386
     985.000     -125419.5697
     986.000     -125518.8025
     987.000     -125440.7697
     988.000     -125444.0742
     989.000     -125737.7728
     990.000     -125941.0222
     991.000     -125842.7526
     992.000     -125819.6091
     993.000     -125608.2260
     994.000     -125490.4227
     995.000     -125731.1886
     996.000     -125791.4409
     997.000     -125583.9948
     998.000     -125533.0068
     999.000     -125551.9131
    1000.000     -125495.1770
    1001.000     -125732.8624
    1002.000     -125737.1927
    1003.000     -125489.1084
    1004.000     -125683.4021
    1005.000     -125425.2323
    1006.000     -125448.5363
    1007.000     -125450.2682
    1008.000     -125669.6654
    1009.000     -125497.4631
    1010.000     -125595.6710
    1011.000     -125677.9491
    1012.000     -125703.3194
    1013.000     -125583.7503
    1014.000     -125759.6010
    1015.000     -125633.5106
    1016.000     -125669.5488
    1017.000     -125413.7884
    1018.000     -125530.2590
    1019.000     -125454.4929
    1020.000     -125570.4226
    1021.000     -125339.4273
    1022.000     -125452.3990
    1023.000     -125334.6942
    1024.000     -125352.6169
    1025.000     -125499.2854
    1026.000     -125682.7010
    1027.000     -125745.1662
    1028.000     -125379.0610
    1029.000     -125611.9236
    1030.000     -125636.3830
    1031.000     -125442.4053
    1032.000     -125509.9635
    1033.000     -125666.5322
    1034.000     -125573.0499
    1035.000     -125655.7637
    1036.000     -125424.2822
    1037.000     -125371.6383
    1038.000     -125569.1546
    1039.000     -125813.3010
    1040.000     -125504.5637
    1041.000     -125442.6620
    1042.000     -125755.4663
    1043.000     -125553.8054
    1044.000     -125596.1242
    1045.000     -125333.7864
    1046.000     -125445.4371
    1047.000     -125403.1129
    1048.000     -125554.8668
    1049.000     -125555.7937
    1050.000     -126039.4883
    1051.000     -125776.2808
    1052.000     -125773.8056
    1053.000     -125503.4161
    1054.000     -125865.8831
    1055.000     -125423.6419
    1056.000     -125424.1016
    1057.000     -125614.0822
    1058.000     -125391.0712
    1059.000     -125825.2717
    1060.000     -125409.4418
    1061.000     -125447.6449
    1062.000     -125802.6471
    1063.000     -125819.2371
    1064.000     -125456.7864
    1065.000     -125338.3529
    1066.000     -125428.4714
    1067.000     -125398.2711
    1068.000     -125707.3636
    1069.000     -125572.1347
    1070.000     -125737.9329
    1071.000     -125238.6215
    1072.000     -125628.2617
    1073.000     -125356.7564
    1074.000     -125409.2071
    1075.000     -125544.4546
    1076.000     -125383.1997
    1077.000     -125478.3953
    1078.000     -125336.7842
    1079.000     -125442.8193
    1080.000     -125520.3679
    1081.000     -125562.4274
    1082.000     -125666.0844
    1083.000     -125506.6095
    1084.000     -125540.3653
    1085.000     -125553.6836
    1086.000     -125688.2648
    1087.000     -125341.7907
    1088.000     -125845.0490
    1089.000     -125732.8617
    1090.000     -125344.6611
    1091.000     -125295.4347
    1092.000     -125489.5142
    1093.000     -125747.0372
    1094.000     -125667.4935
    1095.000     -125365.5384
    1096.000     -125328.3553
    1097.000     -125510.0213
    1098.000     -125492.5797
    1099.000     -125699.0131
    1100.000     -125375.9688
    1101.000     -125557.9862
    1102.000     -125617.9912
    1103.000     -125743.0895
    1104.000     -125416.1229
    1105.000     -125589.7579
    1106.000     -125508.7762
    1107.000     -125660.8678
    1108.000     -125740.9564
    1109.000     -125503.2487
    1110.000     -125731.1929
    1111.000     -125459.9829
    1112.000     -125685.4815
    1113.000     -125321.1069
    1114.000     -125440.9876
    1115.000     -125407.5988
    1116.000     -125223.3286
    1117.000     -125599.2380
    1118.000     -125495.4963
    1119.000     -125318.3376
    1120.000     -125489.8120
    1121.000     -125543.9814
    1122.000     -125435.6516
    1123.000     -125300.7864
    1124.000     -124835.0859
    1125.000     -125515.6957
    1126.000     -125467.6165
    1127.000     -125531.9645
    1128.000     -125651.7611
    1129.000     -125691.4808
    1130.000     -125699.0035
    1131.000     -125316.3673
    1132.000     -125442.3018
    1133.000     -125544.3758
    1134.000     -125541.5922
    1135.000     -125395.1704
    1136.000     -125610.2980
    1137.000     -125397.1197
    1138.000     -125564.3210
    1139.000     -125804.1403
    1140.000     -125542.4189
    1141.000     -125840.5345
    1142.000     -125574.9532
    1143.000     -125497.1714
    1144.000     -125396.4884
    1145.000     -125350.0174
    1146.000     -125606.9938
    1147.000     -125680.0267
    1148.000     -125561.7770
    1149.000     -125745.6771
    1150.000     -125630.4729
    1151.000     -125770.8736
    1152.000     -125820.7541
    1153.000     -125311.0005
    1154.000     -125342.1882
    1155.000     -125587.4190
    1156.000     -125392.7822
    1157.000     -125217.4337
    1158.000     -125444.6552
    1159.000     -125609.8810
    1160.000     -125317.6367
    1161.000     -125405.8414
    1162.000     -125460.2690
    1163.000     -125619.9871
    1164.000     -125390.7240
    1165.000     -125439.2468
    1166.000     -125263.1345
    1167.000     -125517.5739
    1168.000     -125470.9632
    1169.000     -125539.7350
    1170.000     -125618.7205
    1171.000     -125521.2929
    1172.000     -125380.6018
    1173.000     -125403.8469
    1174.000     -125581.7714
    1175.000     -125749.1581
    1176.000     -125523.5681
    1177.000     -125472.3255
    1178.000     -125582.3107
    1179.000     -125667.8643
    1180.000     -125675.5905
    1181.000     -125798.0748
    1182.000     -125418.1862
    1183.000     -125665.8278
    1184.000     -125521.0261
    1185.000     -125733.8576
    1186.000     -125507.0289
    1187.000     -125533.1113
    1188.000     -125352.2244
    1189.000     -125317.4849
    1190.000     -125481.4543
    1191.000     -125587.4812
    1192.000     -125470.1281
    1193.000     -125399.4340
    1194.000     -125181.8897
    1195.000     -125385.4138
    1196.000     -125416.4037
    1197.000     -125124.6776
    1198.000     -125389.1367
    1199.000     -125660.8053
    1200.000     -125307.4837
    1201.000     -125332.9871
    1202.000     -125675.6180
    1203.000     -125520.4843
    1204.000     -125225.9134
    1205.000     -125781.2084
    1206.000     -125718.4342
    1207.000     -125782.6122
    1208.000     -125557.3177
    1209.000     -125436.1407
    1210.000     -125578.7105
    1211.000     -125669.2443
    1212.000     -125608.9733
    1213.000     -125815.2768
    1214.000     -125746.4713
    1215.000     -125558.3334
    1216.000     -125047.7150
    1217.000     -125402.5243
    1218.000     -125457.9911
    1219.000     -125490.6572
    1220.000     -125537.8187
    1221.000     -125563.1969
    1222.000     -125507.3983
    1223.000     -125327.2101
    1224.000     -125771.6122
    1225.000     -125752.4070
    1226.000     -125433.0949
    1227.000     -124929.4057
    1228.000     -125350.2035
    1229.000     -125265.3368
    1230.000     -125579.3746
    1231.000     -125596.0295
    1232.000     -125612.7038
    1233.000     -125593.3935
    1234.000     -125630.0311
    1235.000     -125726.1543
    1236.000     -125510.8573
    1237.000     -125850.2355
    1238.000     -125819.3592
    1239.000     -125671.1768
    1240.000     -125312.3663
    1241.000     -125666.2663
    1242.000     -125065.3880
    1243.000     -125372.0164
    1244.000     -125344.1937
    1245.000     -125389.6553
    1246.000     -125471.4344
    1247.000     -125762.6464
    1248.000     -125545.7855
    1249.000     -125375.0613
    1250.000     -125134.0198
    1251.000     -125355.9655
    1252.000     -125567.6035
    1253.000     -125506.1707
    1254.000     -125706.9868
    1255.000     -125514.8766
    1256.000     -125436.3222
    1257.000     -125468.5238
    1258.000     -125970.5429
    1259.000     -125742.2645
    1260.000     -125518.0160
    1261.000     -125873.9595
    1262.000     -125376.9067
    1263.000     -125365.2968
    1264.000     -125617.0044
    1265.000     -125530.0680
    1266.000     -125738.6094
    1267.000     -125771.4822
    1268.000     -125597.3934
    1269.000     -125719.4080
    1270.000     -125473.2447
    1271.000     -125433.6954
    1272.000     -125324.1786
    1273.000     -125432.8823
    1274.000     -125419.6519
    1275.000     -125379.3328
    1276.000     -125509.2586
    1277.000     -125468.4921
    1278.000     -125520.2880
    1279.000     -125319.1549
    1280.000     -125524.3500
    1281.000     -125316.4368
    1282.000     -125277.5530
    1283.000     -125545.7716
    1284.000     -125637.7061
    1285.000     -125525.1691
    1286.000     -125774.2110
    1287.000     -125395.0257
    1288.000     -125543.5354
    1289.000     -125344.9955
    1290.000     -125681.1403
    1291.000     -125755.1509
    1292.000     -125830.4902
    1293.000     -125570.1423
    1294.000     -125801.3364
    1295.000     -125675.5211
    1296.000     -125449.4606
    1297.000     -125644.7140
    1298.000     -125677.0787
    1299.000     -125251.1906
    1300.000     -125694.2396
    1301.000     -125543.6466
    1302.000     -125490.6487
    1303.000     -125598.8611
    1304.000     -125681.5496
    1305.000     -125479.8805
    1306.000     -125410.8420
    1307.000     -125706.2070
    1308.000     -125483.0901
    1309.000     -125384.6073
    1310.000     -125439.4679
    1311.000     -125421.7204
    1312.000     -125483.9710
    1313.000     -125480.1855
    1314.000     -125382.1337
    1315.000     -125633.2002
    1316.000     -125131.1676
    1317.000     -125566.6478
    1318.000     -125462.3429
    1319.000     -125533.0306
    1320.000     -125574.8248
    1321.000     -125100.2707
    1322.000     -125282.8738
    1323.000     -125596.4506
    1324.000     -125845.5416
    1325.000     -125598.1798
    1326.000     -125650.9681
    1327.000     -125413.6229
    1328.000     -125604.1223
    1329.000     -125562.2130
    1330.000     -125704.5672
    1331.000     -125563.9466
    1332.000     -125565.1041
    1333.000     -125550.9853
    1334.000     -125506.3186
    1335.000     -125280.6778
    1336.000     -125369.8838
    1337.000     -125686.5728
    1338.000     -125478.0717
    1339.000     -125507.9130
    1340.000     -125221.9792
    1341.000     -125600.3271
    1342.000     -125496.1019
    1343.000     -125691.0643
    1344.000     -125794.8334
    1345.000     -125671.3697
    1346.000     -125370.4638
    1347.000     -125555.9562
    1348.000     -125662.7449
    1349.000     -125730.0748
    1350.000     -125295.6366
    1351.000     -125528.5540
    1352.000     -125913.1222
    1353.000     -125792.8409
    1354.000     -125589.1592
    1355.000     -125703.6066
    1356.000     -125402.0831
    1357.000     -125753.5197
    1358.000     -125705.7962
    1359.000     -125453.0431
    1360.000     -125677.6926
    1361.000     -125806.4846
    1362.000     -126036.8166
    1363.000     -125848.2856
    1364.000     -125685.0271
    1365.000     -125751.0079
    1366.000     -125418.4553
    1367.000     -125633.7960
    1368.000     -125623.6046
    1369.000     -125470.0636
    1370.000     -125437.8930
    1371.000     -125487.6511
    1372.000     -125402.1919
    1373.000     -125521.7932
    1374.000     -125926.7842
    1375.000     -125760.1379
    1376.000     -125576.9294
    1377.000     -125415.8211
    1378.000     -125515.3747
    1379.000     -125876.2986
    1380.000     -125639.9465
    1381.000     -125798.6233
    1382.000     -125721.8094
    1383.000     -125256.2624
    1384.000     -125567.3589
    1385.000     -125511.5660
    1386.000     -125799.8906
    1387.000     -125646.6764
    1388.000     -125332.2286
    1389.000     -125414.5930
    1390.000     -125313.9885
    1391.000     -125623.1639
    1392.000     -125589.3697
    1393.000     -125654.3421
    1394.000     -125731.6147
    1395.000     -125562.6888
    1396.000     -125686.3627
    1397.000     -125451.4694
    1398.000     -125287.0485
    1399.000     -125435.3344
    1400.000     -125531.0315
    1401.000     -125224.4790
    1402.000     -125327.3246
    1403.000     -125344.3592
    1404.000     -125472.3018
    1405.000     -125135.7602
    1406.000     -125687.6335
    1407.000     -125484.2552
    1408.000     -125812.2634
    1409.000     -125740.5225
    1410.000     -125567.2475
    1411.000     -125367.1629
    1412.000     -125343.2793
    1413.000     -125569.9239
    1414.000     -125389.8327
    1415.000     -125552.8773
    1416.000     -125517.1380
    1417.000     -125426.7945
    1418.000     -125570.2155
    1419.000     -125449.5963
    1420.000     -125352.3376
    1421.000     -125617.9910
    1422.000     -125403.6479
    1423.000     -125440.0423
    1424.000     -125592.0275
    1425.000     -125467.6421
    1426.000     -125734.7325
    1427.000     -125771.6978
    1428.000     -125784.4089
    1429.000     -125403.4264
    1430.000     -125588.0680
    1431.000     -125356.6351
    1432.000     -125515.1321
    1433.000     -125711.1924
    1434.000     -125448.1410
    1435.000     -125530.2359
    1436.000     -125478.8224
    1437.000     -125725.6043
    1438.000     -125349.1087
    1439.000     -125075.7866
    1440.000     -125222.7562
    1441.000     -125661.9089
    1442.000     -125474.9506
    1443.000     -125591.6073
    1444.000     -125833.4236
    1445.000     -125374.6064
    1446.000     -125286.8159
    1447.000     -125527.5807
    1448.000     -125344.7072
    1449.000     -125368.1220
    1450.000     -125644.7107
    1451.000     -125477.8763
    1452.000     -125802.8687
    1453.000     -125321.0293
    1454.000     -125575.5868
    1455.000     -125264.8736
    1456.000     -125293.5534
    1457.000     -125507.5190
    1458.000     -125586.9693
    1459.000     -125374.7733
    1460.000     -125301.8047
    1461.000     -125404.7711
    1462.000     -125697.3694
    1463.000     -125544.5748
    1464.000     -125567.3481
    1465.000     -125546.9921
    1466.000     -125421.2011
    1467.000     -125480.4497
    1468.000     -125479.5784
    1469.000     -125477.1842
    1470.000     -125366.1961
    1471.000     -125405.7938
    1472.000     -125532.3008
    1473.000     -125580.4854
    1474.000     -125488.3559
    1475.000     -125363.6790
    1476.000     -125520.5646
    1477.000     -125396.6234
    1478.000     -125950.9397
    1479.000     -125636.5941
    1480.000     -125817.7399
    1481.000     -125648.6152
    1482.000     -125562.4032
    1483.000     -125656.9362
    1484.000     -125536.5588
    1485.000     -125475.7849
    1486.000     -125358.9445
    1487.000     -125665.8481
    1488.000     -125462.9972
    1489.000     -125399.0686
    1490.000     -125690.8686
    1491.000     -125643.3345
    1492.000     -125426.6330
    1493.000     -125308.4689
    1494.000     -125589.1494
    1495.000     -125846.0320
    1496.000     -125419.8540
    1497.000     -125407.4262
    1498.000     -125480.5403
    1499.000     -125499.8356
    1500.000     -125732.8245
    1501.000     -125584.6689
    1502.000     -125590.7197
    1503.000     -125298.3839
    1504.000     -125520.0032
    1505.000     -125585.8068
    1506.000     -125576.8526
    1507.000     -125739.1501
    1508.000     -125281.7848
    1509.000     -125849.4316
    1510.000     -125541.9348
    1511.000     -125530.8437
    1512.000     -125718.6788
    1513.000     -125641.6758
    1514.000     -125493.0853
    1515.000     -125732.2159
    1516.000     -125593.3801
    1517.000     -125807.7118
    1518.000     -125866.3048
    1519.000     -125551.6349
    1520.000     -125809.1294
    1521.000     -125786.2603
    1522.000     -125607.5090
    1523.000     -125520.9524
    1524.000     -125502.4647
    1525.000     -125515.4007
    1526.000     -125538.3500
    1527.000     -125507.3604
    1528.000     -125752.1901
    1529.000     -125615.7025
    1530.000     -125588.0896
    1531.000     -125633.7345
    1532.000     -125410.8341
    1533.000     -125515.3474
    1534.000     -125622.0975
    1535.000     -125452.7853
    1536.000     -125551.3609
    1537.000     -125767.2706
    1538.000     -125543.5216
    1539.000     -125755.1526
    1540.000     -125614.9818
    1541.000     -125524.6640
    1542.000     -125774.6605
    1543.000     -125849.9571
    1544.000     -125768.3141
    1545.000     -125580.9831
    1546.000     -125998.5280
    1547.000     -125730.3106
    1548.000     -125633.4612
    1549.000     -125751.7245
    1550.000     -125590.0895
    1551.000     -125672.8685
    1552.000     -125390.4303
    1553.000     -125695.6390
    1554.000     -125468.1824
    1555.000     -125324.4374
    1556.000     -125559.5955
    1557.000     -125504.8409
    1558.000     -125549.8699
    1559.000     -125606.9919
    1560.000     -125665.7095
    1561.000     -125691.4575
    1562.000     -125620.3858
    1563.000     -125782.8167
    1564.000     -125928.2921
    1565.000     -125302.7519
    1566.000     -125789.7730
    1567.000     -125585.4768
    1568.000     -125353.1705
    1569.000     -125595.5381
    1570.000     -125403.5178
    1571.000     -125707.9618
    1572.000     -125602.6195
    1573.000     -125641.0541
    1574.000     -125472.2920
    1575.000     -125366.4572
    1576.000     -125307.2980
    1577.000     -125596.9992
    1578.000     -125366.0745
    1579.000     -125175.9094
    1580.000     -125592.6777
    1581.000     -125661.1760
    1582.000     -125686.2897
    1583.000     -125945.4768
    1584.000     -125398.6842
    1585.000     -125501.3774
    1586.000     -125519.2959
    1587.000     -125770.0763
    1588.000     -125637.0455
    1589.000     -125696.9632
    1590.000     -125719.0870
    1591.000     -125604.9366
    1592.000     -125414.1480
    1593.000     -125419.7898
    1594.000     -125662.6364
    1595.000     -125545.1703
    1596.000     -125278.6785
    1597.000     -125470.9167
    1598.000     -125317.6289
    1599.000     -125779.0112
    1600.000     -125517.2684
    1601.000     -125502.8975
    1602.000     -125624.5424
    1603.000     -126024.3405
    1604.000     -125659.3164
    1605.000     -125772.1878
    1606.000     -125405.7017
    1607.000     -125468.3998
    1608.000     -125284.4125
    1609.000     -125425.1680
    1610.000     -125616.2754
    1611.000     -125415.5816
    1612.000     -125396.4298
    1613.000     -125589.1146
    1614.000     -125768.2965
    1615.000     -125694.9973
    1616.000     -125906.5632
    1617.000     -125497.5145
    1618.000     -125575.5278
    1619.000     -125486.4189
    1620.000     -125134.6464
    1621.000     -125984.6657
    1622.000     -125640.5045
    1623.000     -125359.0513
    1624.000     -125619.1688
    1625.000     -125643.1511
    1626.000     -125315.7872
    1627.000     -125770.1327
    1628.000     -125671.5268
    1629.000     -125741.9018
    1630.000     -125881.6937
    1631.000     -125779.8413
    1632.000     -125841.1959
    1633.000     -125749.9864
    1634.000     -125352.8109
    1635.000     -125532.4597
    1636.000     -125328.6558
    1637.000     -125381.6590
    1638.000     -125372.2351
    1639.000     -125458.0823
    1640.000     -125581.9476
    1641.000     -125616.2796
    1642.000     -125598.5627
    1643.000     -125702.7413
    1644.000     -125760.6391
    1645.000     -125799.8559
    1646.000     -125594.7914
    1647.000     -125768.9858
    1648.000     -125253.9717
    1649.000     -125484.2066
    1650.000     -125607.0536
    1651.000     -125346.7450
    1652.000     -125461.0900
    1653.000     -125255.5384
    1654.000     -125557.6965
    1655.000     -125717.6803
    1656.000     -125240.2748
    1657.000     -125294.2661
    1658.000     -125660.4499
    1659.000     -125278.7973
    1660.000     -125398.8117
    1661.000     -125642.2561
    1662.000     -125560.6769
    1663.000     -125540.6472
    1664.000     -125744.9400
    1665.000     -125772.9847
    1666.000     -125658.3440
    1667.000     -125563.1535
    1668.000     -125633.3936
    1669.000     -125621.8871
    1670.000     -125800.3847
    1671.000     -125803.0106
    1672.000     -125538.6997
    1673.000     -125600.6614
    1674.000     -125615.8616
    1675.000     -125781.5407
    1676.000     -125953.0578
    1677.000     -125655.1667
    1678.000     -125568.3223
    1679.000     -125444.4070
    1680.000     -125604.2050
    1681.000     -125259.4589
    1682.000     -125833.6472
    1683.000     -125695.8562
    1684.000     -125747.2235
    1685.000     -125632.2731
    1686.000     -125645.1331
    1687.000     -125658.0224
    1688.000     -125728.1943
    1689.000     -125404.1152
    1690.000     -125527.0710
    1691.000     -125713.7677
    1692.000     -125448.4356
    1693.000     -125825.8405
    1694.000     -125574.7215
    1695.000     -125593.3407
    1696.000     -125619.8155
    1697.000     -125431.5366
    1698.000     -125660.3132
    1699.000     -125534.2559
    1700.000     -125451.0501
    1701.000     -125559.7343
    1702.000     -125499.7524
    1703.000     -125532.2447
    1704.000     -125664.1675
    1705.000     -125540.7544
    1706.000     -125491.8392
    1707.000     -125523.5647
    1708.000     -125520.0174
    1709.000     -125720.1789
    1710.000     -125826.6558
    1711.000     -125724.2361
    1712.000     -125628.2963
    1713.000     -125852.9984
    1714.000     -125617.9617
    1715.000     -125675.0449
    1716.000     -125453.9971
    1717.000     -125283.9651
    1718.000     -125501.0797
    1719.000     -125682.8107
    1720.000     -125695.3345
    1721.000     -125465.4261
    1722.000     -125716.9889
    1723.000     -125550.9140
    1724.000     -125690.9460
    1725.000     -125798.0556
    1726.000     -125575.4287
    1727.000     -125566.2621
    1728.000     -125807.7095
    1729.000     -125367.2009
    1730.000     -125512.2358
    1731.000     -125619.5463
    1732.000     -125569.1158
    1733.000     -125525.5229
    1734.000     -125628.8402
    1735.000     -125430.9334
    1736.000     -125468.8668
    1737.000     -125630.0404
    1738.000     -125722.5571
    1739.000     -125679.0414
    1740.000     -125422.6725
    1741.000     -125833.6803
    1742.000     -125465.1928
    1743.000     -125678.3149
    1744.000     -125396.4586
    1745.000     -125726.2874
    1746.000     -125493.0217
    1747.000     -125427.2667
    1748.000     -125495.1710
    1749.000     -125543.9021
    1750.000     -125466.2407
    1751.000     -125771.9935
    1752.000     -125547.1979
    1753.000     -125999.1353
    1754.000     -125650.9918
    1755.000     -125221.7827
    1756.000     -125521.7493
    1757.000     -125356.0042
    1758.000     -125477.1496
    1759.000     -125470.2384
    1760.000     -125616.6968
    1761.000     -125813.1348
    1762.000     -125480.4756
    1763.000     -125342.5314
    1764.000     -125840.1584
    1765.000     -125937.9846
    1766.000     -125826.4112
    1767.000     -125593.1594
    1768.000     -125798.5707
    1769.000     -125788.2771
    1770.000     -125833.0939
    1771.000     -125877.0190
    1772.000     -125477.6442
    1773.000     -125715.0266
    1774.000     -125692.2985
    1775.000     -125715.7194
    1776.000     -125569.7516
    1777.000     -125698.5482
    1778.000     -125737.9703
    1779.000     -125445.5724
    1780.000     -125367.4121
    1781.000     -125676.2979
    1782.000     -125666.6556
    1783.000     -125616.4257
    1784.000     -125787.3574
    1785.000     -125806.2132
    1786.000     -125786.5804
    1787.000     -125464.9299
    1788.000     -125985.2017
    1789.000     -125641.0775
    1790.000     -125286.8664
    1791.000     -125714.6003
    1792.000     -125433.2591
    1793.000     -125342.7653
    1794.000     -125651.1545
    1795.000     -125554.5381
    1796.000     -125396.0286
    1797.000     -125588.6962
    1798.000     -125273.9155
    1799.000     -125769.3088
    1800.000     -125586.6634
    1801.000     -125467.2591
    1802.000     -125671.5286
    1803.000     -125545.8120
    1804.000     -125525.2431
    1805.000     -125548.9073
    1806.000     -125546.9895
    1807.000     -125669.9492
    1808.000     -125423.9422
    1809.000     -125368.9026
    1810.000     -125539.7596
    1811.000     -125399.7243
    1812.000     -125584.4586
    1813.000     -125754.4154
    1814.000     -125749.2236
    1815.000     -125630.2890
    1816.000     -125746.6672
    1817.000     -125648.1289
    1818.000     -125785.9274
    1819.000     -125461.7777
    1820.000     -125624.4966
    1821.000     -125558.4202
    1822.000     -125438.1479
    1823.000     -125516.9346
    1824.000     -125597.8818
    1825.000     -125558.8568
    1826.000     -125472.9698
    1827.000     -125368.0943
    1828.000     -125298.2646
    1829.000     -125752.9761
    1830.000     -125562.1204
    1831.000     -125611.2308
    1832.000     -125342.1785
    1833.000     -125746.8622
    1834.000     -125782.8360
    1835.000     -125637.7291
    1836.000     -125666.2148
    1837.000     -125612.6711
    1838.000     -125543.5069
    1839.000     -125382.6926
    1840.000     -125526.5565
    1841.000     -125580.0806
    1842.000     -125846.4833
    1843.000     -125673.2394
    1844.000     -125712.5211
    1845.000     -125430.8008
    1846.000     -125761.6264
    1847.000     -125879.7571
    1848.000     -125639.5763
    1849.000     -125572.1346
    1850.000     -125544.9507
    1851.000     -125364.0014
    1852.000     -125459.3357
    1853.000     -125905.6496
    1854.000     -125980.0676
    1855.000     -125233.9055
    1856.000     -125751.6620
    1857.000     -125406.2224
    1858.000     -125666.1025
    1859.000     -125630.0355
    1860.000     -125586.3838
    1861.000     -125590.2944
    1862.000     -125361.0741
    1863.000     -125538.7463
    1864.000     -126051.7687
    1865.000     -125863.0065
    1866.000     -125767.6942
    1867.000     -125506.5432
    1868.000     -125786.5478
    1869.000     -125534.3184
    1870.000     -125686.8285
    1871.000     -125670.5740
    1872.000     -125658.4710
    1873.000     -125889.3953
    1874.000     -125521.6502
    1875.000     -125704.5352
    1876.000     -125539.8029
    1877.000     -125551.4087
    1878.000     -125757.5697
    1879.000     -125536.6228
    1880.000     -125730.5937
    1881.000     -125502.4512
    1882.000     -125594.5860
    1883.000     -125519.6981
    1884.000     -125616.7192
    1885.000     -125442.1275
    1886.000     -125838.3276
    1887.000     -125935.6910
    1888.000     -125875.1861
    1889.000     -125691.1783
    1890.000     -125513.9612
    1891.000     -125567.7834
    1892.000     -125548.9925
    1893.000     -125667.4545
    1894.000     -125466.4283
    1895.000     -125704.1353
    1896.000     -125463.7500
    1897.000     -126045.4932
    1898.000     -125570.9536
    1899.000     -125491.3324
    1900.000     -125798.5463
    1901.000     -125737.4706
    1902.000     -125976.6726
    1903.000     -125731.7144
    1904.000     -125634.6376
    1905.000     -125559.4249
    1906.000     -125774.4531
    1907.000     -126006.4451
    1908.000     -125750.4121
    1909.000     -125692.8835
    1910.000     -125627.5000
    1911.000     -125456.5360
    1912.000     -125748.1208
    1913.000     -125749.3185
    1914.000     -125765.3498
    1915.000     -125653.3540
    1916.000     -125560.9936
    1917.000     -125652.7508
    1918.000     -125756.7019
    1919.000     -125720.5748
    1920.000     -125205.4688
    1921.000     -125404.7016
    1922.000     -125675.0923
    1923.000     -125765.7448
    1924.000     -125603.0280
    1925.000     -125770.1828
    1926.000     -125510.8733
    1927.000     -125697.3327
    1928.000     -125886.8467
    1929.000     -125407.4194
    1930.000     -125882.0626
    1931.000     -125401.2118
    1932.000     -125731.5354
    1933.000     -125874.9180
    1934.000     -125352.7069
    1935.000     -125638.0779
    1936.000     -125308.6758
    1937.000     -125620.1257
    1938.000     -125694.0926
    1939.000     -125754.9136
    1940.000     -125688.2145
    1941.000     -125430.1630
    1942.000     -125786.1451
    1943.000     -125607.3573
    1944.000     -125780.1551
    1945.000     -125790.9275
    1946.000     -125900.1805
    1947.000     -125459.7165
    1948.000     -125922.0648
    1949.000     -125609.8808
    1950.000     -125697.9484
    1951.000     -125773.8861
    1952.000     -125735.0523
    1953.000     -125876.8659
    1954.000     -125844.0320
    1955.000     -125754.7984
    1956.000     -125536.4191
    1957.000     -125535.2496
    1958.000     -125197.7467
    1959.000     -125714.6146
    1960.000     -125865.8081
    1961.000     -125451.5137
    1962.000     -125757.5647
    1963.000     -125646.0685
    1964.000     -125679.4841
    1965.000     -125683.6772
    1966.000     -125705.3641
    1967.000     -125766.7422
    1968.000     -125736.6039
    1969.000     -125669.7367
    1970.000     -125423.6733
    1971.000     -125713.0612
    1972.000     -125482.8208
    1973.000     -125943.4715
    1974.000     -125855.8459
    1975.000     -125679.3711
    1976.000     -125853.2934
    1977.000     -125640.2073
    1978.000     -125561.6428
    1979.000     -125755.7812
    1980.000     -125748.1709
    1981.000     -125698.6926
    1982.000     -125823.3950
    1983.000     -125692.4126
    1984.000     -125537.3015
    1985.000     -125459.4413
    1986.000     -125439.9421
    1987.000     -125644.8010
    1988.000     -125629.8660
    1989.000     -125380.0080
    1990.000     -125634.0703
    1991.000     -125577.3964
    1992.000     -125511.4812
    1993.000     -125621.8239
    1994.000     -125437.4829
    1995.000     -125791.1048
    1996.000     -125349.4279
    1997.000     -125878.1616
    1998.000     -125516.6779
    1999.000     -125405.5343
    2000.000     -125640.3644
    2001.000     -125312.3124
    2002.000     -125658.7169
    2003.000     -125490.3656
    2004.000     -125448.2793
    2005.000     -125626.4426
    2006.000     -125518.3699
    2007.000     -125523.5532
    2008.000     -125561.2005
    2009.000     -125607.8992
    2010.000     -125802.6194
    2011.000     -125747.8877
    2012.000     -125280.9771
    2013.000     -125551.4740
    2014.000     -125344.3598
    2015.000     -125503.4418
    2016.000     -125614.5080
    2017.000     -125595.3994
    2018.000     -125577.4348
    2019.000     -125669.8143
    2020.000     -125681.8621
    2021.000     -125831.4687
    2022.000     -125655.6674
    2023.000     -125383.8505
    2024.000     -125478.9124
    2025.000     -125582.9339
    2026.000     -125356.4020
    2027.000     -125557.2442
    2028.000     -125780.8229
    2029.000     -125411.1713
    2030.000     -125511.0174
    2031.000     -125867.6590
    2032.000     -126038.8596
    2033.000     -125764.3552
    2034.000     -125619.6832
    2035.000     -125865.4086
    2036.000     -125998.3112
    2037.000     -125846.3560
    2038.000     -125557.7596
    2039.000     -125868.2138
    2040.000     -125864.2465
    2041.000     -125837.3599
    2042.000     -125629.2701
    2043.000     -125574.0299
    2044.000     -125660.2257
    2045.000     -125754.3295
    2046.000     -125751.6626
    2047.000     -125507.9899
    2048.000     -125629.4628
    2049.000     -125899.3941
    2050.000     -125853.1609
    2051.000     -125716.5746
    2052.000     -126003.6423
    2053.000     -125696.6442
    2054.000     -125878.1032
    2055.000     -125646.5288
    2056.000     -125663.5280
    2057.000     -125670.6965
    2058.000     -125584.7385
    2059.000     -125773.1526
    2060.000     -125882.2712
    2061.000     -125829.0533
    2062.000     -125608.3327
    2063.000     -125641.3252
    2064.000     -125869.5758
    2065.000     -125823.7971
    2066.000     -125531.6205
    2067.000     -125859.3510
    2068.000     -125376.7836
    2069.000     -125704.3282
    2070.000     -125760.3900
    2071.000     -125613.8595
    2072.000     -125399.3446
    2073.000     -125514.2475
    2074.000     -125553.8231
    2075.000     -125536.2950
    2076.000     -125871.2168
    2077.000     -125640.7260
    2078.000     -125529.0639
    2079.000     -125742.6419
    2080.000     -125796.0114
    2081.000     -125664.4283
    2082.000     -125678.0249
    2083.000     -125724.0639
    2084.000     -125826.0073
    2085.000     -125456.4568
    2086.000     -125504.2416
    2087.000     -125721.9838
    2088.000     -125507.3118
    2089.000     -125503.5275
    2090.000     -125491.9148
    2091.000     -125661.7055
    2092.000     -125965.2061
    2093.000     -125909.9661
    2094.000     -125857.3058
    2095.000     -125658.2449
    2096.000     -125650.7344
    2097.000     -125701.3448
    2098.000     -126063.7179
    2099.000     -125698.2380
    2100.000     -125721.6874
    2101.000     -125605.2127
    2102.000     -125396.1273
    2103.000     -125630.3916
    2104.000     -125553.2125
    2105.000     -125397.7457
    2106.000     -125585.2702
    2107.000     -125680.6285
    2108.000     -125578.6933
    2109.000     -125820.9452
    2110.000     -125731.5321
    2111.000     -125451.8142
    2112.000     -125614.1844
    2113.000     -125742.9394
    2114.000     -125652.5521
    2115.000     -125449.4119
    2116.000     -125836.0976
    2117.000     -125716.1150
    2118.000     -125775.9423
    2119.000     -125840.2886
    2120.000     -125756.7177
    2121.000     -125609.6242
    2122.000     -125730.9142
    2123.000     -125674.4656
    2124.000     -125456.6876
    2125.000     -125503.2413
    2126.000     -125916.6263
    2127.000     -125687.3323
    2128.000     -125370.4316
    2129.000     -125509.2928
    2130.000     -126038.8403
    2131.000     -125525.6071
    2132.000     -125638.9587
    2133.000     -125820.1666
    2134.000     -125736.2311
    2135.000     -125694.4335
    2136.000     -125714.3751
    2137.000     -125445.0244
    2138.000     -125475.8055
    2139.000     -125736.1454
    2140.000     -125634.3016
    2141.000     -125344.5117
    2142.000     -125594.1713
    2143.000     -125659.0489
    2144.000     -125588.9379
    2145.000     -125369.6031
    2146.000     -125846.6640
    2147.000     -125888.0317
    2148.000     -125325.3703
    2149.000     -125821.3421
    2150.000     -125582.2095
    2151.000     -125642.6954
    2152.000     -125589.6955
    2153.000     -125781.6782
    2154.000     -125755.4479
    2155.000     -125675.6994
    2156.000     -125374.1505
    2157.000     -125648.4851
    2158.000     -125716.8546
    2159.000     -125541.1839
    2160.000     -125794.2700
    2161.000     -125998.0326
    2162.000     -125873.6527
    2163.000     -125448.9434
    2164.000     -125738.9130
    2165.000     -125741.3764
    2166.000     -125787.9368
    2167.000     -125639.4416
    2168.000     -125332.1496
    2169.000     -125537.3433
    2170.000     -125712.2390
    2171.000     -125671.8829
    2172.000     -125594.9341
    2173.000     -125732.7489
    2174.000     -125722.2094
    2175.000     -125490.4630
    2176.000     -125662.8229
    2177.000     -125873.4301
    2178.000     -125560.5331
    2179.000     -125707.1256
    2180.000     -125630.5100
    2181.000     -125673.6901
    2182.000     -125987.9882
    2183.000     -125765.0063
    2184.000     -125573.9600
    2185.000     -125413.1639
    2186.000     -125308.0320
    2187.000     -125426.8689
    2188.000     -125728.7439
    2189.000     -125472.5578
    2190.000     -125652.2074
    2191.000     -125552.6786
    2192.000     -125803.4736
    2193.000     -125597.6018
    2194.000     -125964.9612
    2195.000     -125738.1177
    2196.000     -126002.0244
    2197.000     -125748.3820
    2198.000     -125331.4439
    2199.000     -125454.3916
    2200.000     -125444.1259
    2201.000     -125546.9012
    2202.000     -125691.4329
    2203.000     -125587.4905
    2204.000     -125352.2048
    2205.000     -125608.4055
    2206.000     -125705.4956
    2207.000     -125800.4297
    2208.000     -125556.4141
    2209.000     -125655.6845
    2210.000     -125727.4952
    2211.000     -125713.0056
    2212.000     -125899.9311
    2213.000     -125912.2245
    2214.000     -125535.8142
    2215.000     -125763.3020
    2216.000     -125751.6325
    2217.000     -125817.9855
    2218.000     -125707.5611
    2219.000     -125635.9562
    2220.000     -125695.7775
    2221.000     -125637.6912
    2222.000     -125363.6813
    2223.000     -125673.4027
    2224.000     -125843.3619
    2225.000     -125799.5229
    2226.000     -125660.2918
    2227.000     -125431.4516
    2228.000     -125780.4876
    2229.000     -125675.9525
    2230.000     -125518.3639
    2231.000     -125386.2689
    2232.000     -125760.9259
    2233.000     -125728.4093
    2234.000     -125365.0694
    2235.000     -125703.0407
    2236.000     -125477.5108
    2237.000     -125769.4604
    2238.000     -125814.1819
    2239.000     -125492.2383
    2240.000     -125684.8874
    2241.000     -125513.4535
    2242.000     -125557.5834
    2243.000     -125590.0083
    2244.000     -125927.2797
    2245.000     -125614.3437
    2246.000     -125690.0517
    2247.000     -125535.9163
    2248.000     -125618.7896
    2249.000     -125791.4718
    2250.000     -125992.5318
    2251.000     -125434.3013
    2252.000     -125828.5023
    2253.000     -125911.0857
    2254.000     -125642.7693
    2255.000     -125825.4239
    2256.000     -125610.8653
    2257.000     -125918.8765
    2258.000     -125851.3564
    2259.000     -125708.6945
    2260.000     -125716.9454
    2261.000     -125554.8690
    2262.000     -125813.8568
    2263.000     -125636.2027
    2264.000     -125467.7940
    2265.000     -125862.2616
    2266.000     -125309.7575
    2267.000     -125524.7654
    2268.000     -125626.9449
    2269.000     -125471.7930
    2270.000     -125411.3437
    2271.000     -125581.9913
    2272.000     -125642.4182
    2273.000     -125550.0790
    2274.000     -125836.2812
    2275.000     -125792.9514
    2276.000     -125918.8815
    2277.000     -125866.6931
    2278.000     -125613.2815
    2279.000     -125341.1097
    2280.000     -125301.4551
    2281.000     -125655.2050
    2282.000     -125699.6131
    2283.000     -125682.9774
    2284.000     -125629.6836
    2285.000     -125300.8345
    2286.000     -125347.5826
    2287.000     -125390.3829
    2288.000     -125911.1624
    2289.000     -125231.9659
    2290.000     -125676.9428
    2291.000     -125661.4802
    2292.000     -125418.6050
    2293.000     -125570.0396
    2294.000     -125889.9706
    2295.000     -125817.9712
    2296.000     -125462.7566
    2297.000     -125486.1781
    2298.000     -125776.5572
    2299.000     -125254.2800
    2300.000     -125717.3599
    2301.000     -125509.9411
    2302.000     -125638.2001
    2303.000     -125406.1288
    2304.000     -125774.0204
    2305.000     -126103.7400
    2306.000     -125912.1278
    2307.000     -125830.8917
    2308.000     -125673.2952
    2309.000     -125914.1014
    2310.000     -125719.0911
    2311.000     -125822.9663
    2312.000     -125737.5639
    2313.000     -125712.2611
    2314.000     -125720.9029
    2315.000     -125721.2548
    2316.000     -125555.5058
    2317.000     -125536.2842
    2318.000     -125648.5267
    2319.000     -125670.6442
    2320.000     -125610.1767
    2321.000     -125830.8589
    2322.000     -125854.2018
    2323.000     -125513.9225
    2324.000     -125516.6044
    2325.000     -125692.9808
    2326.000     -125811.3444
    2327.000     -125382.5322
    2328.000     -125768.2314
    2329.000     -125741.9553
    2330.000     -125597.0596
    2331.000     -125824.7702
    2332.000     -125399.3068
    2333.000     -125507.9757
    2334.000     -125687.1132
    2335.000     -125624.0128
    2336.000     -125504.2135
    2337.000     -125629.6100
    2338.000     -125441.3646
    2339.000     -125764.5794
    2340.000     -125633.6281
    2341.000     -125605.0278
    2342.000     -125694.9626
    2343.000     -125481.8000
    2344.000     -125781.1246
    2345.000     -125705.2438
    2346.000     -125830.2257
    2347.000     -125663.7321
    2348.000     -125585.5819
    2349.000     -125442.9428
    2350.000     -125599.1415
    2351.000     -125520.4092
    2352.000     -125509.2776
    2353.000     -125640.6433
    2354.000     -125621.1247
    2355.000     -125753.3721
    2356.000     -125674.6607
    2357.000     -125526.3657
    2358.000     -125294.7851
    2359.000     -125789.3640
    2360.000     -125397.5698
    2361.000     -125671.8408
    2362.000     -125303.7135
    2363.000     -125391.0935
    2364.000     -125578.7333
    2365.000     -125744.6845
    2366.000     -125690.7286
    2367.000     -125627.8772
    2368.000     -125510.8184
    2369.000     -125627.6407
    2370.000     -125690.0680
    2371.000     -125539.3819
    2372.000     -125631.7765
    2373.000     -125885.2256
    2374.000     -125412.7681
    2375.000     -125350.4434
    2376.000     -125435.2023
    2377.000     -125626.8552
    2378.000     -125527.7538
    2379.000     -125616.7756
    2380.000     -125765.1290
    2381.000     -125622.4129
    2382.000     -125618.2898
    2383.000     -125643.9234
    2384.000     -125706.1784
    2385.000     -125686.9320
    2386.000     -125739.6142
    2387.000     -125602.7901
    2388.000     -125637.5305
    2389.000     -125870.8423
    2390.000     -125447.8582
    2391.000     -125688.2400
    2392.000     -125581.3001
    2393.000     -125827.3034
    2394.000     -125433.2760
    2395.000     -125469.1533
    2396.000     -125665.4397
    2397.000     -125548.9948
    2398.000     -125596.1184
    2399.000     -125636.2541
    2400.000     -125726.8548
    2401.000     -125605.0501
    2402.000     -125650.2249
    2403.000     -125763.1744
    2404.000     -125424.7832
    2405.000     -125636.8546
    2406.000     -125488.7995
    2407.000     -125573.7112
    2408.000     -125635.1952
    2409.000     -125711.1028
    2410.000     -125863.6987
    2411.000     -125716.1965
    2412.000     -125597.4801
    2413.000     -125934.7114
    2414.000     -125307.2192
    2415.000     -125472.6273
    2416.000     -125871.0115
    2417.000     -125612.0331
    2418.000     -125571.8617
    2419.000     -125576.6974
    2420.000     -125501.7538
    2421.000     -125672.6609
    2422.000     -125594.6595
    2423.000     -125713.5811
    2424.000     -125584.5839
    2425.000     -125432.7650
    2426.000     -125506.7836
    2427.000     -125542.9354
    2428.000     -125851.5920
    2429.000     -125514.9737
    2430.000     -125511.8684
    2431.000     -125838.9522
    2432.000     -125789.5107
    2433.000     -125795.6665
    2434.000     -125134.9406
    2435.000     -125534.4873
    2436.000     -125671.8812
    2437.000     -125786.2887
    2438.000     -125646.9628
    2439.000     -125510.1762
    2440.000     -125580.4383
    2441.000     -125706.9325
    2442.000     -125524.9502
    2443.000     -125442.3463
    2444.000     -125789.4197
    2445.000     -125644.8027
    2446.000     -125714.7639
    2447.000     -125739.6182
    2448.000     -125593.2147
    2449.000     -125401.6208
    2450.000     -125639.1123
    2451.000     -125623.4256
    2452.000     -125510.9295
    2453.000     -125508.1503
    2454.000     -125736.8569
    2455.000     -125941.6228
    2456.000     -125939.4242
    2457.000     -126063.4874
    2458.000     -125592.3960
    2459.000     -125446.3285
    2460.000     -125575.6602
    2461.000     -125832.2486
    2462.000     -125460.5988
    2463.000     -125604.1467
    2464.000     -125530.0844
    2465.000     -125521.8310
    2466.000     -125756.9906
    2467.000     -125684.3404
    2468.000     -125424.5171
    2469.000     -125565.8555
    2470.000     -125615.1771
    2471.000     -125911.8242
    2472.000     -125908.0287
    2473.000     -125741.2375
    2474.000     -125776.8291
    2475.000     -125781.1839
    2476.000     -125856.7385
    2477.000     -125271.4423
    2478.000     -125673.9725
    2479.000     -125583.8296
    2480.000     -125719.7887
    2481.000     -125581.6231
    2482.000     -125725.7847
    2483.000     -125807.2248
    2484.000     -125753.1837
    2485.000     -125521.0144
    2486.000     -125590.2371
    2487.000     -125890.5411
    2488.000     -125593.6452
    2489.000     -125583.5855
    2490.000     -125829.9937
    2491.000     -125625.5067
    2492.000     -126031.5143
    2493.000     -125779.4229
    2494.000     -125787.0905
    2495.000     -125690.4528
    2496.000     -125708.9515
    2497.000     -125577.0183
    2498.000     -126006.3036
    2499.000     -125639.7002
    2500.000     -125493.5698
    2501.000     -125707.5255
    2502.000     -125451.3517
    2503.000     -126063.9717
    2504.000     -125857.2783
    2505.000     -125603.2661
    2506.000     -125618.5909
    2507.000     -125537.4849
    2508.000     -125642.4359
    2509.000     -125688.5595
    2510.000     -125423.9393
    2511.000     -125473.7539
    2512.000     -125671.6946
    2513.000     -125884.0582
    2514.000     -125789.2927
    2515.000     -125445.9712
    2516.000     -125541.8315
    2517.000     -125424.4276
    2518.000     -125912.1491
    2519.000     -125664.8274
    2520.000     -125519.8313
    2521.000     -125788.3448
    2522.000     -125683.5416
    2523.000     -125573.2255
    2524.000     -125698.9165
    2525.000     -125709.6503
    2526.000     -125623.4172
    2527.000     -125481.5896
    2528.000     -125571.7293
    2529.000     -125359.9642
    2530.000     -125458.7087
    2531.000     -125400.2040
    2532.000     -125656.4367
    2533.000     -125639.1338
    2534.000     -125717.6796
    2535.000     -125835.4615
    2536.000     -125686.3867
    2537.000     -125974.5289
    2538.000     -125811.1693
    2539.000     -125711.8865
    2540.000     -125666.5742
    2541.000     -125685.4926
    2542.000     -125600.1665
    2543.000     -125576.8478
    2544.000     -126063.9834
    2545.000     -125679.6032
    2546.000     -125603.7959
    2547.000     -125724.9441
    2548.000     -125889.8643
    2549.000     -125615.4872
    2550.000     -125904.2301
    2551.000     -125375.7400
    2552.000     -125677.8865
    2553.000     -125592.9590
    2554.000     -125664.2807
    2555.000     -125423.4295
    2556.000     -125756.7859
    2557.000     -125961.7059
    2558.000     -125860.9509
    2559.000     -125642.2935
    2560.000     -125540.9422
    2561.000     -125768.4427
    2562.000     -125480.3793
    2563.000     -125905.5577
    2564.000     -125296.1434
    2565.000     -125497.8014
    2566.000     -125900.1863
    2567.000     -125589.2978
    2568.000     -125611.5977
    2569.000     -125769.3805
    2570.000     -125576.5003
    2571.000     -125520.7103
    2572.000     -125569.9904
    2573.000     -125688.5759
    2574.000     -125605.9273
    2575.000     -125910.3049
    2576.000     -125643.4109
    2577.000     -125747.9680
    2578.000     -125534.9771
    2579.000     -125722.8071
    2580.000     -125573.6854
    2581.000     -125636.8614
    2582.000     -125642.6730
    2583.000     -125445.2350
    2584.000     -125578.1883
    2585.000     -125503.3901
    2586.000     -125422.7552
    2587.000     -125791.7817
    2588.000     -125655.0299
    2589.000     -125747.7227
    2590.000     -125355.7324
    2591.000     -125674.0146
    2592.000     -125695.8763
    2593.000     -125825.9191
    2594.000     -125701.8879
    2595.000     -126085.4620
    2596.000     -125538.8520
    2597.000     -125929.0545
    2598.000     -125632.4654
    2599.000     -125558.4148
    2600.000     -125307.0981
    2601.000     -125792.6366
    2602.000     -125654.8955
    2603.000     -125898.3315
    2604.000     -125980.5399
    2605.000     -125648.3904
    2606.000     -125773.7030
    2607.000     -125669.5997
    2608.000     -125323.2661
    2609.000     -125600.9171
    2610.000     -125337.3792
    2611.000     -125530.3118
    2612.000     -125850.6641
    2613.000     -125536.7528
    2614.000     -126011.2084
    2615.000     -125406.0678
    2616.000     -125777.3265
    2617.000     -125883.6088
    2618.000     -125999.5345
    2619.000     -125671.1425
    2620.000     -125983.6852
    2621.000     -125739.2479
    2622.000     -125902.0196
    2623.000     -125754.2537
    2624.000     -125732.1651
    2625.000     -125615.9826
    2626.000     -125590.9669
    2627.000     -125496.2791
    2628.000     -125621.4578
    2629.000     -125775.4575
    2630.000     -125809.6409
    2631.000     -125882.3396
    2632.000     -125956.8543
    2633.000     -126030.9001
    2634.000     -125712.6806
    2635.000     -125484.0876
    2636.000     -125517.1089
    2637.000     -125400.3562
    2638.000     -125853.8442
    2639.000     -125557.6104
    2640.000     -125740.9171
    2641.000     -125881.5725
    2642.000     -125870.0810
    2643.000     -125631.3418
    2644.000     -125634.8765
    2645.000     -125831.2767
    2646.000     -125696.6886
    2647.000     -125446.7609
    2648.000     -125701.8761
    2649.000     -125514.9247
    2650.000     -125589.6470
    2651.000     -125774.3578
    2652.000     -125661.1121
    2653.000     -125678.1536
    2654.000     -125652.3514
    2655.000     -125912.2932
    2656.000     -125889.8987
    2657.000     -125796.6562
    2658.000     -125837.0594
    2659.000     -125769.5444
    2660.000     -125658.2933
    2661.000     -125819.2581
    2662.000     -125578.4069
    2663.000     -125942.6832
    2664.000     -125437.5334
    2665.000     -125777.2172
    2666.000     -125804.5283
    2667.000     -125337.9706
    2668.000     -125617.3493
    2669.000     -125767.9451
    2670.000     -125841.8702
    2671.000     -125641.1986
    2672.000     -125795.6835
    2673.000     -125686.5070
    2674.000     -125847.5155
    2675.000     -125889.4076
    2676.000     -125712.7973
    2677.000     -125547.6909
    2678.000     -125688.1261
    2679.000     -125386.2449
    2680.000     -125680.0793
    2681.000     -125733.2436
    2682.000     -125824.7582
    2683.000     -125552.9030
    2684.000     -125680.1286
    2685.000     -125826.8936
    2686.000     -125807.8907
    2687.000     -125684.6759
    2688.000     -125730.2235
    2689.000     -125525.9993
    2690.000     -125540.9310
    2691.000     -125808.4202
    2692.000     -125815.8499
    2693.000     -125574.9216
    2694.000     -125674.1936
    2695.000     -125687.2034
    2696.000     -125563.8734
    2697.000     -125503.8748
    2698.000     -125543.2840
    2699.000     -125772.3648
    2700.000     -125665.4905
    2701.000     -125831.2288
    2702.000     -125591.9682
    2703.000     -125800.3586
    2704.000     -125605.4583
    2705.000     -125611.9865
    2706.000     -125915.1177
    2707.000     -125616.2882
    2708.000     -125850.3847
    2709.000     -125551.0297
    2710.000     -125710.4824
    2711.000     -125834.6195
    2712.000     -125868.6832
    2713.000     -125537.1764
    2714.000     -125830.0417
    2715.000     -125748.6921
    2716.000     -125646.0485
    2717.000     -125799.4065
    2718.000     -125656.0628
    2719.000     -125875.3463
    2720.000     -125756.5311
    2721.000     -125824.2324
    2722.000     -125707.9938
    2723.000     -125699.5228
    2724.000     -125709.4220
    2725.000     -125960.1554
    2726.000     -125608.7707
    2727.000     -125557.7942
    2728.000     -125532.2356
    2729.000     -125391.5946
    2730.000     -125712.5598
    2731.000     -125650.2272
    2732.000     -125708.1798
    2733.000     -125769.8557
    2734.000     -125511.1840
    2735.000     -125742.5177
    2736.000     -125815.4367
    2737.000     -125808.4861
    2738.000     -125855.0558
    2739.000     -125683.4519
    2740.000     -125550.9039
    2741.000     -125689.7318
    2742.000     -125932.4854
    2743.000     -125828.4186
    2744.000     -125735.3326
    2745.000     -125492.1166
    2746.000     -125233.6103
    2747.000     -125726.4059
    2748.000     -125391.4589
    2749.000     -125876.2507
    2750.000     -125593.6605
    2751.000     -125344.8374
    2752.000     -125491.1592
    2753.000     -125748.4379
    2754.000     -125845.0851
    2755.000     -125709.1661
    2756.000     -125802.7952
    2757.000     -125713.7085
    2758.000     -125513.8774
    2759.000     -125678.1357
    2760.000     -125741.5813
    2761.000     -125946.8928
    2762.000     -125602.6811
    2763.000     -125526.1564
    2764.000     -125624.1858
    2765.000     -125396.6769
    2766.000     -125572.7763
    2767.000     -125665.8928
    2768.000     -125715.6320
    2769.000     -125828.3056
    2770.000     -125790.5916
    2771.000     -125531.7711
    2772.000     -125665.8695
    2773.000     -125513.0099
    2774.000     -125791.2958
    2775.000     -125516.8659
    2776.000     -125519.2671
    2777.000     -125836.1468
    2778.000     -125831.0865
    2779.000     -125710.3871
    2780.000     -125460.8245
    2781.000     -125563.1464
    2782.000     -125462.1963
    2783.000     -125639.7042
    2784.000     -125535.3338
    2785.000     -125964.4251
    2786.000     -125715.6153
    2787.000     -125648.5045
    2788.000     -125545.9584
    2789.000     -125712.7603
    2790.000     -125705.8871
    2791.000     -125730.4422
    2792.000     -125680.2793
    2793.000     -125655.3296
    2794.000     -125573.6735
    2795.000     -125320.8805
    2796.000     -125538.9724
    2797.000     -125965.1996
    2798.000     -125687.0731
    2799.000     -125705.0095
    2800.000     -125781.5170
    2801.000     -125829.0138
    2802.000     -125612.8551
    2803.000     -126051.4257
    2804.000     -125644.7609
    2805.000     -125526.3563
    2806.000     -125278.6012
    2807.000     -125664.2615
    2808.000     -125823.7747
    2809.000     -125965.3597
    2810.000     -125594.6729
    2811.000     -125588.5954
    2812.000     -125882.6644
    2813.000     -125948.8613
    2814.000     -125908.3869
    2815.000     -125803.3671
    2816.000     -125762.6149
    2817.000     -125854.7395
    2818.000     -125881.0176
    2819.000     -125640.4195
    2820.000     -125971.5950
    2821.000     -125813.1516
    2822.000     -125785.1763
    2823.000     -125577.7909
    2824.000     -125655.8328
    2825.000     -125591.0878
    2826.000     -125334.5420
    2827.000     -125487.7658
    2828.000     -125347.6745
    2829.000     -125522.5163
    2830.000     -125859.5803
    2831.000     -125879.8503
    2832.000     -125530.6502
    2833.000     -125875.3798
    2834.000     -125729.4569
    2835.000     -125281.2906
    2836.000     -125724.2296
    2837.000     -125756.0660
    2838.000     -125886.6286
    2839.000     -126225.3154
    2840.000     -126148.1532
    2841.000     -125555.7688
    2842.000     -125678.0573
    2843.000     -125946.1153
    2844.000     -125676.4646
    2845.000     -125838.7971
    2846.000     -125931.0731
    2847.000     -125834.7104
    2848.000     -125801.2940
    2849.000     -125906.6038
    2850.000     -125561.6041
    2851.000     -125524.1686
    2852.000     -125830.9390
    2853.000     -125395.2539
    2854.000     -125788.0453
    2855.000     -125859.3886
    2856.000     -125625.8891
    2857.000     -125536.0406
    2858.000     -125586.0098
    2859.000     -126013.5082
    2860.000     -125663.1067
    2861.000     -125892.8292
    2862.000     -125536.7142
    2863.000     -125657.6841
    2864.000     -125851.5635
    2865.000     -125638.5850
    2866.000     -125523.8304
    2867.000     -125903.6315
    2868.000     -125440.4615
    2869.000     -125482.9547
    2870.000     -125839.1720
    2871.000     -125788.1918
    2872.000     -125805.1891
    2873.000     -125616.1532
    2874.000     -125398.8648
    2875.000     -125532.8675
    2876.000     -125470.0415
    2877.000     -125675.8422
    2878.000     -125815.7703
    2879.000     -125720.2600
    2880.000     -125675.9118
    2881.000     -125745.4367
    2882.000     -125890.9025
    2883.000     -125764.9518
    2884.000     -125893.2967
    2885.000     -125687.9857
    2886.000     -125539.3046
    2887.000     -125836.6999
    2888.000     -125908.2245
    2889.000     -125614.8720
    2890.000     -125511.7596
    2891.000     -125485.9518
    2892.000     -125605.1889
    2893.000     -125773.5510
    2894.000     -125773.8192
    2895.000     -125610.1652
    2896.000     -125499.0101
    2897.000     -125402.7733
    2898.000     -125557.3233
    2899.000     -125942.2145
    2900.000     -125826.0293
    2901.000     -125849.2776
    2902.000     -125620.4033
    2903.000     -125572.4426
    2904.000     -125839.3713
    2905.000     -125880.3644
    2906.000     -125529.2375
    2907.000     -125766.3382
    2908.000     -125947.4388
    2909.000     -125577.3465
    2910.000     -125658.6406
    2911.000     -125563.1065
    2912.000     -125779.8616
    2913.000     -125552.6341
    2914.000     -125839.2183
    2915.000     -125523.0064
    2916.000     -125452.2515
    2917.000     -125603.6281
    2918.000     -125652.8234
    2919.000     -126256.2815
    2920.000     -125927.7790
    2921.000     -125716.8732
    2922.000     -125670.5992
    2923.000     -125566.0921
    2924.000     -125783.4997
    2925.000     -125696.7081
    2926.000     -125500.9375
    2927.000     -125845.7605
    2928.000     -125669.4634
    2929.000     -125797.0474
    2930.000     -125977.7395
    2931.000     -125414.7670
    2932.000     -125803.9722
    2933.000     -125795.7016
    2934.000     -125665.8818
    2935.000     -125577.6139
    2936.000     -125626.8634
    2937.000     -125879.8996
    2938.000     -125743.8449
    2939.000     -125785.9695
    2940.000     -125744.6775
    2941.000     -125755.3426
    2942.000     -125473.4159
    2943.000     -125632.2241
    2944.000     -125724.0155
    2945.000     -125556.1899
    2946.000     -125676.3616
    2947.000     -125881.1944
    2948.000     -125770.1392
    2949.000     -125686.8964
    2950.000     -125718.3887
    2951.000     -125599.4821
    2952.000     -125559.2931
    2953.000     -125896.0630
    2954.000     -126010.5450
    2955.000     -125928.1329
    2956.000     -126021.2278
    2957.000     -125409.9948
    2958.000     -125608.6386
    2959.000     -125669.9397
    2960.000     -125608.7113
    2961.000     -125793.0716
    2962.000     -125823.5356
    2963.000     -125566.2351
    2964.000     -125612.8797
    2965.000     -125847.3515
    2966.000     -125615.1023
    2967.000     -125960.1321
    2968.000     -125858.9258
    2969.000     -125667.9489
    2970.000     -125449.4342
    2971.000     -125526.9143
    2972.000     -125720.1822
    2973.000     -125658.2865
    2974.000     -125705.5183
    2975.000     -125843.9387
    2976.000     -125664.4457
    2977.000     -125423.4813
    2978.000     -125395.7839
    2979.000     -125785.5189
    2980.000     -125643.7219
    2981.000     -125543.4692
    2982.000     -125720.9115
    2983.000     -125761.9564
    2984.000     -125544.5990
    2985.000     -125515.6489
    2986.000     -125325.3679
    2987.000     -125887.0455
    2988.000     -125796.5527
    2989.000     -125981.0112
    2990.000     -125929.0304
    2991.000     -125829.9938
    2992.000     -125712.7747
    2993.000     -125818.8388
    2994.000     -126045.2897
    2995.000     -125628.7274
    2996.000     -125563.0120
    2997.000     -125804.1219
    2998.000     -125785.0058
    2999.000     -125713.1010
    3000.000     -125694.4473
    3001.000     -125730.1009
    3002.000     -125679.0086
    3003.000     -125961.3305
    3004.000     -125826.4742
    3005.000     -125956.6862
    3006.000     -125566.8408
    3007.000     -125769.5811
    3008.000     -125827.8675
    3009.000     -125764.4782
    3010.000     -125780.8919
    3011.000     -125388.7215
    3012.000     -125586.1161
    3013.000     -125777.4384
    3014.000     -125744.4652
    3015.000     -125799.2510
    3016.000     -125719.0290
    3017.000     -125573.7683
    3018.000     -125728.5341
    3019.000     -125580.9905
    3020.000     -125851.6017
    3021.000     -125416.2156
    3022.000     -125775.8169
    3023.000     -125816.3401
    3024.000     -125824.1581
    3025.000     -125670.5470
    3026.000     -125697.0539
    3027.000     -125538.3550
    3028.000     -125715.4391
    3029.000     -125977.8496
    3030.000     -125761.4645
    3031.000     -125545.9772
    3032.000     -125872.6417
    3033.000     -125884.7597
    3034.000     -125733.8458
    3035.000     -125913.8491
    3036.000     -125782.8785
    3037.000     -125866.7991
    3038.000     -125535.9063
    3039.000     -125671.3635
    3040.000     -125464.2094
