     141.000      -97406.7694
     142.000      -97723.7145
     143.000      -98663.7674
     144.000      -98717.6254
     145.000      -98847.4337
     146.000      -99002.9951
     147.000      -99088.4673
     148.000      -99157.6154
     149.000      -99499.2857
     150.000      -99647.5622
     151.000      -99332.6203
     152.000     -100008.3650
     153.000      -99660.5382
     154.000      -99449.1157
     155.000      -99487.0621
     156.000      -99433.0257
     157.000      -99368.4673
     158.000      -99649.5340
     159.000      -99671.7392
     160.000      -99940.7803
     161.000     -100033.6228
     162.000      -99940.1682
     163.000      -99670.9223
     164.000      -99427.2564
     165.000      -99395.7611
     166.000      -99369.9838
     167.000      -99724.5179
     168.000      -99440.8036
     169.000      -99384.5756
     170.000      -99588.6322
     171.000      -99815.1665
     172.000      -99662.6020
     173.000     -100018.8915
     174.000      -99797.9474
     175.000      -99629.3528
     176.000      -99525.4143
     177.000      -99804.9549
     178.000      -99638.3216
     179.000      -99653.2906
     180.000      -99576.1834
     181.000      -99593.0922
     182.000      -99966.4335
     183.000      -99815.2776
     184.000      -99609.2747
     185.000      -99870.6329
     186.000     -100086.7565
     187.000      -99678.2178
     188.000      -99760.3117
     189.000      -99720.3533
     190.000      -99825.9836
     191.000     -100036.2301
     192.000      -99483.4575
     193.000      -99723.8366
     194.000      -99886.7272
     195.000      -99914.5103
     196.000      -99862.9706
     197.000      -99831.6495
     198.000      -99739.6482
     199.000      -99715.6386
     200.000      -99403.8851
     201.000      -99795.1383
     202.000      -99401.1192
     203.000      -99332.9120
     204.000      -99416.0996
     205.000      -99877.7001
     206.000      -99937.3157
     207.000      -99912.2121
     208.000      -99509.0117
     209.000      -99537.7854
     210.000      -99506.3837
     211.000      -99674.1523
     212.000      -99771.7718
     213.000      -99357.7877
     214.000      -99549.8936
     215.000      -99492.7750
     216.000      -99749.3383
     217.000      -99900.9763
     218.000      -99589.5683
     219.000      -99930.7491
     220.000      -99719.2189
     221.000      -99606.5019
     222.000      -99589.3206
     223.000      -99878.5584
     224.000      -99793.7107
     225.000      -99995.3548
     226.000      -99976.4786
     227.000      -99774.5518
     228.000      -99991.9805
     229.000      -99383.7295
     230.000      -99818.9363
     231.000      -99660.2533
     232.000      -99934.2991
     233.000      -99703.7376
     234.000      -99790.0395
     235.000      -99563.9493
     236.000      -99540.2726
     237.000      -99564.1715
     238.000      -99614.2480
     239.000      -99336.3609
     240.000     -100022.2870
     241.000      -99843.2749
     242.000      -99928.8376
     243.000      -99756.0071
     244.000      -99540.2383
     245.000      -99734.2452
     246.000      -99867.3518
     247.000      -99689.9695
     248.000      -99446.1747
     249.000      -99564.1631
     250.000      -99688.2532
     251.000      -99620.4120
     252.000      -99714.8862
     253.000      -99738.5865
     254.000      -99860.0786
     255.000      -99665.1927
     256.000      -99866.5125
     257.000      -99689.2150
     258.000      -99599.5995
     259.000      -99805.8307
     260.000      -99742.1427
     261.000      -99789.6433
     262.000      -99657.8415
     263.000      -99722.2376
     264.000      -99663.7491
     265.000      -99552.4462
     266.000      -99911.9163
     267.000      -99565.6234
     268.000     -100058.4588
     269.000      -99881.6171
     270.000     -100218.9890
     271.000     -100028.0254
     272.000      -99853.9618
     273.000      -99548.1820
     274.000      -99775.6861
     275.000      -99600.0988
     276.000      -99350.4839
     277.000      -99756.8635
     278.000      -99615.8326
     279.000      -99546.3650
     280.000      -99806.2626
     281.000      -99870.7133
     282.000     -100010.8014
     283.000      -99901.2042
     284.000      -99674.6107
     285.000      -99935.5968
     286.000      -99948.5074
     287.000      -99987.8714
     288.000     -100004.3114
     289.000      -99387.7579
     290.000      -99541.9608
     291.000     -100053.9752
     292.000      -99716.9934
     293.000      -99332.3969
     294.000      -99509.2402
     295.000      -99883.3674
     296.000      -99676.5754
     297.000     -100130.4712
     298.000      -99746.3572
     299.000      -99701.5056
     300.000      -99611.4512
     301.000      -99870.2963
     302.000      -99638.3471
     303.000      -99461.3648
     304.000      -99931.6424
     305.000      -99809.0157
     306.000      -99577.4884
     307.000      -99588.2479
     308.000      -99722.8547
     309.000      -99587.0365
     310.000      -99808.8652
     311.000      -99592.2257
     312.000      -99733.1742
     313.000      -99607.0001
     314.000      -99641.2802
     315.000      -99616.8943
     316.000      -99795.3116
     317.000      -99986.0947
     318.000      -99908.9493
     319.000      -99698.3467
     320.000      -99605.0207
     321.000      -99901.4736
     322.000      -99555.3985
     323.000      -99656.9563
     324.000      -99890.8721
     325.000      -99355.8072
     326.000      -99709.4566
     327.000      -99580.1458
     328.000      -99262.9321
     329.000      -99736.6389
     330.000      -99757.7604
     331.000      -99525.8684
     332.000      -99848.9665
     333.000      -99710.8323
     334.000      -99640.7647
     335.000      -99735.9016
     336.000      -99795.0813
     337.000      -99811.0780
     338.000      -99892.6609
     339.000      -99673.5174
     340.000      -99679.4265
     341.000      -99956.6555
     342.000     -100115.1351
     343.000      -99805.0124
     344.000      -99220.6889
     345.000     -100097.8888
     346.000      -99617.7388
     347.000      -99789.0862
     348.000     -100012.4090
     349.000      -99676.9410
     350.000      -99447.9251
     351.000      -99670.4722
     352.000      -99659.3772
     353.000      -99811.8130
     354.000      -99868.9842
     355.000      -99875.0498
     356.000      -99785.8523
     357.000      -99903.8206
     358.000      -99738.2646
     359.000      -99645.7036
     360.000      -99653.3194
     361.000      -99300.9813
     362.000      -99630.2469
     363.000      -99302.8775
     364.000      -99972.9003
     365.000      -99570.9448
     366.000      -99591.1292
     367.000      -99685.6744
     368.000      -99613.2451
     369.000      -99879.3085
     370.000      -99895.0602
     371.000      -99720.1242
     372.000      -99545.0965
     373.000      -99563.1958
     374.000      -99814.4172
     375.000      -99841.3793
     376.000      -99705.9339
     377.000      -99917.2690
     378.000     -100274.6304
     379.000      -99847.6605
     380.000     -100078.1631
     381.000      -99681.4992
     382.000      -99657.6523
     383.000      -99933.0162
     384.000      -99934.1891
     385.000      -99851.3201
     386.000      -99544.7912
     387.000      -99870.9777
     388.000      -99808.0451
     389.000      -99535.3879
     390.000      -99938.4656
     391.000     -100193.1208
     392.000     -100012.5215
     393.000      -99621.7160
     394.000     -100200.6796
     395.000      -99903.0027
     396.000      -99710.7091
     397.000      -99440.6990
     398.000      -99694.6282
     399.000      -99889.7859
     400.000      -99733.5249
     401.000      -99526.7036
     402.000      -99559.9094
     403.000      -99444.4306
     404.000      -99365.0641
     405.000      -99695.2208
     406.000      -99896.6650
     407.000     -100083.2333
     408.000      -99900.8793
     409.000     -100050.8144
     410.000      -99647.1669
     411.000     -100062.6799
     412.000      -99922.0686
     413.000      -99441.5188
     414.000      -99876.5069
     415.000      -99729.4874
     416.000      -99865.9251
     417.000     -100075.9328
     418.000      -99993.7986
     419.000      -99624.8939
     420.000      -99439.8786
     421.000      -99896.4593
     422.000      -99822.4966
     423.000      -99841.6662
     424.000      -99817.9226
     425.000      -99920.7065
     426.000      -99455.1613
     427.000      -99604.7497
     428.000      -99547.4596
     429.000      -99601.9761
     430.000      -99605.3645
     431.000      -99874.8992
     432.000      -99678.6407
     433.000      -99883.6214
     434.000      -99959.6233
     435.000      -99826.9217
     436.000      -99720.3346
     437.000      -99548.8547
     438.000      -99526.8931
     439.000      -99757.9044
     440.000      -99785.7875
     441.000      -99983.0347
     442.000     -100004.9745
     443.000      -99865.9401
     444.000      -99688.1426
     445.000      -99672.3081
     446.000      -99916.1550
     447.000      -99767.6748
     448.000      -99737.8875
     449.000      -99673.7618
     450.000      -99910.7692
     451.000     -100018.6334
     452.000      -99822.1475
     453.000      -99692.0075
     454.000      -99567.6647
     455.000      -99658.0017
     456.000      -99713.9632
     457.000      -99884.5316
     458.000      -99787.5445
     459.000      -99960.6966
     460.000     -100031.1864
     461.000      -99972.7108
     462.000      -99941.7863
     463.000      -99861.2789
     464.000      -99633.1252
     465.000      -99774.9691
     466.000     -100031.8133
     467.000      -99535.7456
     468.000      -99700.2419
     469.000      -99636.4187
     470.000      -99352.2911
     471.000      -99698.1346
     472.000      -99925.0371
     473.000      -99375.9080
     474.000      -99794.1561
     475.000      -99693.6456
     476.000      -99649.7320
     477.000      -99769.1461
     478.000      -99623.1271
     479.000      -99775.9552
     480.000      -99838.2978
     481.000      -99520.5961
     482.000      -99652.9156
     483.000      -99835.2422
     484.000      -99624.1272
     485.000     -100038.3439
     486.000      -99365.1775
     487.000      -99450.2052
     488.000      -99826.1910
     489.000      -99419.9599
     490.000      -99783.3749
     491.000      -99692.6675
     492.000      -99781.2873
     493.000      -99609.4985
     494.000      -99929.2166
     495.000      -99699.2325
     496.000      -99903.3178
     497.000     -100034.8316
     498.000      -99835.9462
     499.000     -100057.1293
     500.000      -99997.2897
     501.000      -99694.8066
     502.000      -99631.9900
     503.000      -99945.2417
     504.000      -99884.5547
     505.000      -99723.3483
     506.000     -100253.6906
     507.000      -99559.6444
     508.000      -99866.4718
     509.000      -99909.6764
     510.000      -99828.5481
     511.000      -99768.0880
     512.000      -99919.6516
     513.000     -100266.2763
     514.000      -99702.8778
     515.000      -99767.0312
     516.000     -100035.6730
     517.000      -99840.7147
     518.000      -99765.0747
     519.000      -99887.4657
     520.000      -99797.4075
     521.000      -99565.3511
     522.000      -99641.9559
     523.000      -99750.4383
     524.000     -100104.0782
     525.000      -99788.9657
     526.000     -100153.5422
     527.000      -99643.0373
     528.000      -99744.2787
     529.000      -99384.8834
     530.000     -100092.4038
     531.000      -99910.4222
     532.000      -99558.5515
     533.000      -99810.1729
     534.000      -99805.1315
     535.000      -99730.7396
     536.000     -100000.0178
     537.000     -100202.1007
     538.000      -99559.5652
     539.000     -100018.9952
     540.000     -100000.8984
     541.000      -99714.2082
     542.000      -99887.6462
     543.000     -100040.6704
     544.000      -99783.2800
     545.000      -99926.5318
     546.000      -99829.2050
     547.000     -100146.2653
     548.000      -99886.7114
     549.000      -99786.2438
     550.000      -99846.6413
     551.000      -99641.3997
     552.000      -99985.0441
     553.000      -99570.2760
     554.000      -99453.6456
     555.000      -99722.6430
     556.000      -99611.3115
     557.000      -99904.1764
     558.000      -99563.3409
     559.000      -99999.9597
     560.000      -99624.1120
     561.000      -99467.7269
     562.000      -99524.8909
     563.000     -100028.6884
     564.000     -100104.2956
     565.000     -100037.3331
     566.000      -99904.0370
     567.000     -100067.0197
     568.000      -99839.1057
     569.000      -99820.3548
     570.000     -100114.5352
     571.000     -100067.5670
     572.000      -99761.8585
     573.000      -99582.2007
     574.000      -99949.5502
     575.000      -99738.2287
     576.000      -99939.3206
     577.000     -100147.0519
     578.000      -99665.9460
     579.000      -99893.6491
     580.000     -100051.0800
     581.000      -99765.5865
     582.000      -99613.5910
     583.000      -99698.2106
     584.000      -99579.6809
     585.000      -99804.0963
     586.000      -99431.2670
     587.000      -99831.1840
     588.000      -99317.9663
     589.000      -99921.8453
     590.000      -99837.3981
     591.000      -99673.8658
     592.000      -99726.7139
     593.000      -99481.5993
     594.000      -99878.6663
     595.000      -99611.9716
     596.000      -99818.1938
     597.000      -99710.3064
     598.000      -99824.7268
     599.000     -100021.8529
     600.000      -99679.3749
     601.000      -99439.6575
     602.000      -99626.9948
     603.000      -99560.7161
     604.000      -99420.3452
     605.000      -99652.3126
     606.000      -99838.2326
     607.000      -99884.2271
     608.000     -100034.6251
     609.000      -99739.3456
     610.000      -99863.1923
     611.000      -99728.4222
     612.000     -100043.1886
     613.000      -99610.5563
     614.000      -99699.9275
     615.000      -99593.0868
     616.000      -99785.7510
     617.000      -99893.8803
     618.000     -100003.2034
     619.000      -99593.7107
     620.000      -99927.3409
     621.000      -99696.0738
     622.000      -99930.8404
     623.000      -99779.1506
     624.000     -100023.8115
     625.000      -99751.9964
     626.000      -99609.8208
     627.000      -99918.2255
     628.000      -99648.0433
     629.000      -99525.2905
     630.000      -99828.3403
     631.000      -99833.2480
     632.000      -99944.6017
     633.000      -99873.7658
     634.000     -100030.9731
     635.000      -99900.0897
     636.000      -99966.9756
     637.000      -99734.4852
     638.000      -99792.5288
     639.000      -99657.7048
     640.000     -100323.6424
     641.000     -100117.0641
     642.000      -99799.8752
     643.000      -99711.1944
     644.000      -99967.6225
     645.000      -99451.0407
     646.000     -100230.3065
     647.000     -100129.1919
     648.000     -100351.0404
     649.000      -99958.5692
     650.000      -99803.3893
     651.000      -99752.0568
     652.000     -100014.2716
     653.000      -99731.5426
     654.000      -99929.1797
     655.000      -99862.6259
     656.000      -99833.9731
     657.000      -99822.0501
     658.000      -99931.8395
     659.000      -99976.1641
     660.000      -99543.7301
     661.000      -99888.8204
     662.000      -99847.3910
     663.000      -99994.2752
     664.000      -99901.8239
     665.000      -99823.3422
     666.000      -99591.5058
     667.000      -99621.7633
     668.000      -99495.2521
     669.000      -99851.3237
     670.000      -99827.1991
     671.000      -99843.9247
     672.000     -100287.4969
     673.000      -99918.2197
     674.000      -99536.7432
     675.000     -100202.0918
     676.000      -99770.3408
     677.000      -99601.8488
     678.000      -99910.6055
     679.000      -99887.9281
     680.000      -99910.5163
     681.000     -100025.6194
     682.000     -100261.1046
     683.000     -100216.4938
     684.000      -99690.8630
     685.000      -99779.9106
     686.000      -99764.1918
     687.000     -100073.9994
     688.000      -99519.6418
     689.000     -100086.4777
     690.000     -100022.4021
     691.000     -100259.7675
     692.000     -100256.7098
     693.000      -99969.2463
     694.000     -100128.9723
     695.000      -99958.2788
     696.000      -99936.0146
     697.000      -99605.9572
     698.000      -99806.5533
     699.000      -99912.1497
     700.000      -99771.9417
     701.000      -99860.2249
     702.000     -100200.1392
     703.000      -99846.4633
     704.000      -99809.4466
     705.000      -99497.7222
     706.000      -99829.1681
     707.000     -100238.2350
     708.000      -99957.7344
     709.000      -99728.8317
     710.000      -99699.6625
     711.000      -99880.0996
     712.000      -99639.8238
     713.000      -99625.9717
     714.000      -99618.1318
     715.000     -100042.3845
     716.000      -99514.2021
     717.000      -99401.3898
     718.000      -99488.0444
     719.000     -100257.7743
     720.000      -99652.0466
     721.000      -99587.2283
     722.000      -99623.9278
     723.000     -100190.7422
     724.000      -99618.4010
     725.000      -99684.7271
     726.000      -99793.7748
     727.000     -100002.5681
     728.000      -99990.8112
     729.000      -99834.3206
     730.000     -100083.7927
     731.000      -99670.9449
     732.000      -99762.5896
     733.000      -99576.5208
     734.000      -99620.5303
     735.000      -99668.4446
     736.000      -99893.4462
     737.000      -99875.1986
     738.000      -99540.3770
     739.000      -99658.9847
     740.000      -99795.5514
     741.000      -99778.9813
     742.000     -100410.9182
     743.000     -100191.1197
     744.000     -100186.2038
     745.000     -100079.6302
     746.000     -100190.8973
     747.000      -99741.4876
     748.000      -99986.4528
     749.000      -99913.5387
     750.000     -100132.5323
     751.000     -100062.5134
     752.000      -99791.9287
     753.000      -99927.9536
     754.000      -99573.1355
     755.000      -99924.0333
     756.000     -100280.9230
     757.000      -99647.0520
     758.000      -99869.6928
     759.000      -99992.7245
     760.000     -100364.7408
     761.000     -100403.4965
     762.000      -99939.9173
     763.000      -99800.4421
     764.000     -100018.6849
     765.000      -99879.9803
     766.000     -100148.0598
     767.000     -100148.4381
     768.000     -100044.1537
     769.000      -99869.7485
     770.000      -99943.9676
     771.000      -99870.6139
     772.000      -99513.8674
     773.000     -100078.3642
     774.000      -99895.4769
     775.000      -99692.6988
     776.000      -99676.6004
     777.000      -99526.5626
     778.000      -99884.1642
     779.000      -99848.5586
     780.000      -99391.2411
     781.000      -99621.6902
     782.000      -99472.3583
     783.000      -99753.9518
     784.000      -99874.3570
     785.000      -99664.9255
     786.000     -100441.1099
     787.000      -99696.8711
     788.000      -99858.3138
     789.000      -99743.2807
     790.000      -99604.6264
     791.000      -99689.9698
     792.000      -99588.9030
     793.000      -99778.4090
     794.000      -99807.1677
     795.000      -99900.4539
     796.000      -99455.8435
     797.000     -100030.5050
     798.000      -99965.5392
     799.000      -99456.1668
     800.000      -99671.4247
     801.000      -99375.9659
     802.000     -100246.3470
     803.000     -100058.9540
     804.000      -99755.1043
     805.000      -99789.2082
     806.000      -99835.1491
     807.000      -99894.4383
     808.000     -100404.5911
     809.000      -99863.1579
     810.000      -99651.3083
     811.000      -99530.3059
     812.000      -99741.5106
     813.000      -99843.8550
     814.000      -99619.6099
     815.000      -99824.3387
     816.000      -99953.5378
     817.000     -100058.3291
     818.000      -99948.6365
     819.000     -100348.7109
     820.000     -100039.4730
     821.000      -99998.8754
     822.000      -99973.0307
     823.000     -100018.9006
     824.000      -99908.1832
     825.000     -100022.0758
     826.000      -99988.4358
     827.000     -100034.8310
     828.000      -99793.1978
     829.000      -99843.8931
     830.000     -100011.7237
     831.000      -99916.8518
     832.000     -100087.3855
     833.000      -99723.0895
     834.000      -99413.0950
     835.000      -99926.2314
     836.000      -99968.0186
     837.000     -100357.6189
     838.000     -100013.9977
     839.000     -100034.9182
     840.000      -99903.5637
     841.000     -100018.3171
     842.000     -100020.5393
     843.000      -99755.0536
     844.000      -99798.9805
     845.000      -99870.8026
     846.000      -99671.2310
     847.000      -99958.6105
     848.000     -100223.5913
     849.000      -99838.8220
     850.000      -99821.9778
     851.000     -100092.3546
     852.000     -100009.7250
     853.000      -99829.2081
     854.000     -100063.1168
     855.000      -99848.2065
     856.000      -99829.9314
     857.000     -100182.5993
     858.000      -99903.8379
     859.000      -99864.2685
     860.000     -100008.2135
     861.000     -100365.6431
     862.000     -100131.4906
     863.000      -99906.6466
     864.000     -100126.0639
     865.000     -100034.6695
     866.000      -99762.1687
     867.000     -100268.6299
     868.000      -99858.9736
     869.000     -100089.7913
     870.000     -100075.8918
     871.000      -99666.2874
     872.000      -99501.0136
     873.000      -99789.9505
     874.000     -100007.2949
     875.000      -99705.5418
     876.000      -99292.7284
     877.000      -99796.8033
     878.000      -99801.3123
     879.000     -100003.5513
     880.000     -100135.0403
     881.000      -99656.5400
     882.000      -99655.2079
     883.000     -100275.0158
     884.000     -100006.0656
     885.000     -100156.6071
     886.000      -99869.6925
     887.000      -99708.9008
     888.000     -100004.1131
     889.000     -100165.1105
     890.000      -99828.3414
     891.000      -99749.2139
     892.000      -99951.1364
     893.000      -99828.4425
     894.000      -99806.2983
     895.000      -99978.3703
     896.000      -99950.2814
     897.000      -99858.3213
     898.000      -99872.2559
     899.000     -100078.7821
     900.000     -100021.2388
     901.000      -99977.5910
     902.000      -99541.8743
     903.000      -99605.0264
     904.000      -99460.6790
     905.000      -99637.5546
     906.000      -99682.4777
     907.000      -99867.6771
     908.000     -100064.9971
     909.000      -99842.7457
     910.000      -99866.9112
     911.000      -99809.9038
     912.000      -99939.5261
     913.000     -100023.0848
     914.000      -99872.9847
     915.000      -99934.6619
     916.000      -99822.1180
     917.000     -100093.2700
     918.000     -100194.5633
     919.000     -100128.3342
     920.000      -99941.5140
     921.000      -99974.3373
     922.000     -100174.0815
     923.000      -99901.9310
     924.000      -99765.2476
     925.000      -99991.1541
     926.000      -99480.7006
     927.000      -99928.6969
     928.000      -99825.4591
     929.000     -100155.8750
     930.000     -100126.6990
     931.000      -99693.7463
     932.000     -100079.0241
     933.000      -99882.9544
     934.000     -100220.8089
     935.000     -100148.0264
     936.000      -99931.1036
     937.000      -99697.2486
     938.000      -99556.3037
     939.000      -99638.5523
     940.000     -100057.0824
     941.000      -99682.3944
     942.000      -99759.2602
     943.000      -99853.8511
     944.000      -99702.1745
     945.000      -99650.0736
     946.000     -100174.3067
     947.000      -99592.4073
     948.000      -99448.4068
     949.000      -99780.0544
     950.000      -99951.2189
     951.000     -100076.0771
     952.000      -99868.9453
     953.000      -99835.2134
     954.000     -100184.3753
     955.000      -99997.0222
     956.000     -100416.1416
     957.000      -99835.1227
     958.000      -99566.3401
     959.000     -100190.5649
     960.000      -99941.7734
     961.000     -100319.9792
     962.000      -99896.8711
     963.000      -99926.7592
     964.000      -99812.5728
     965.000     -100181.7571
     966.000      -99991.1030
     967.000      -99956.9089
     968.000      -99857.4063
     969.000      -99995.8765
     970.000     -100286.4342
     971.000      -99881.7574
     972.000      -99911.4374
     973.000      -99728.0140
     974.000      -99411.0135
     975.000      -99917.4509
     976.000      -99780.2435
     977.000      -99611.4706
     978.000      -99706.5615
     979.000     -100077.5344
     980.000     -100197.9408
     981.000      -99906.1127
     982.000      -99974.3731
     983.000      -99931.1270
     984.000      -99910.1816
     985.000      -99619.8216
     986.000      -99817.9119
     987.000      -99826.4142
     988.000     -100076.9570
     989.000     -100352.8900
     990.000     -100397.6316
     991.000     -100354.0612
     992.000     -100172.1227
     993.000      -99767.0756
     994.000      -99971.8621
     995.000     -100190.4093
     996.000     -100312.6675
     997.000     -100063.5456
     998.000     -100021.2080
     999.000      -99788.8311
    1000.000      -99815.9192
    1001.000     -100162.7842
    1002.000     -100125.9935
    1003.000     -100136.8467
    1004.000     -100107.7908
    1005.000      -99819.9979
    1006.000     -100043.6203
    1007.000      -99847.1939
    1008.000      -99958.2279
    1009.000      -99688.1936
    1010.000     -100015.8078
    1011.000      -99923.9882
    1012.000     -100238.7120
    1013.000      -99948.9514
    1014.000     -100119.4818
    1015.000     -100004.7137
    1016.000      -99945.3964
    1017.000      -99794.0384
    1018.000     -100036.5871
    1019.000      -99908.5300
    1020.000     -100002.9655
    1021.000      -99764.2027
    1022.000      -99763.7506
    1023.000      -99813.4754
    1024.000      -99580.1071
    1025.000      -99859.4612
    1026.000     -100201.2616
    1027.000     -100036.3244
    1028.000      -99807.1020
    1029.000      -99954.7068
    1030.000     -100209.5412
    1031.000      -99998.1162
    1032.000     -100079.5358
    1033.000      -99907.9248
    1034.000     -100325.3410
    1035.000      -99982.5684
    1036.000      -99820.8603
    1037.000      -99711.7125
    1038.000     -100043.5843
    1039.000     -100317.8635
    1040.000      -99900.3664
    1041.000      -99853.4393
    1042.000     -100144.8491
    1043.000      -99887.5163
    1044.000      -99791.3781
    1045.000      -99607.9954
    1046.000      -99893.6246
    1047.000      -99625.2047
    1048.000     -100099.3316
    1049.000      -99927.2175
    1050.000     -100624.3965
    1051.000     -100316.1480
    1052.000     -100349.1416
    1053.000      -99782.3087
    1054.000     -100525.4417
    1055.000      -99922.1888
    1056.000      -99693.0587
    1057.000      -99913.7170
    1058.000      -99656.2548
    1059.000     -100232.1428
    1060.000      -99998.1430
    1061.000      -99849.4242
    1062.000     -100384.6530
    1063.000     -100106.1121
    1064.000      -99789.3410
    1065.000      -99813.5307
    1066.000      -99882.8523
    1067.000      -99811.9390
    1068.000     -100161.4358
    1069.000      -99933.7304
    1070.000     -100183.1204
    1071.000      -99558.2348
    1072.000      -99803.4179
    1073.000      -99732.8795
    1074.000      -99805.8302
    1075.000      -99920.6987
    1076.000      -99745.0395
    1077.000     -100022.6102
    1078.000      -99981.3838
    1079.000      -99718.3154
    1080.000     -100037.4265
    1081.000     -100087.8337
    1082.000     -100033.1313
    1083.000      -99858.2814
    1084.000      -99999.9981
    1085.000      -99895.4649
    1086.000     -100048.9367
    1087.000      -99726.0642
    1088.000     -100371.8322
    1089.000     -100294.5257
    1090.000      -99749.2686
    1091.000      -99415.2043
    1092.000      -99938.0611
    1093.000     -100231.8751
    1094.000     -100333.3450
    1095.000      -99680.6322
    1096.000      -99853.6990
    1097.000      -99711.0096
    1098.000      -99917.9645
    1099.000      -99974.1713
    1100.000      -99874.4864
    1101.000     -100121.0331
    1102.000     -100047.3154
    1103.000     -100160.1676
    1104.000      -99851.3807
    1105.000      -99907.5314
    1106.000     -100088.0574
    1107.000     -100151.0788
    1108.000     -100033.1712
    1109.000     -100081.9147
    1110.000     -100329.2144
    1111.000      -99889.4868
    1112.000     -100169.1221
    1113.000      -99809.4312
    1114.000     -100007.9642
    1115.000      -99962.2589
    1116.000      -99341.7895
    1117.000     -100014.7986
    1118.000      -99814.7463
    1119.000      -99687.2516
    1120.000      -99835.4174
    1121.000      -99721.0126
    1122.000      -99858.2023
    1123.000      -99887.2513
    1124.000      -99098.1875
    1125.000     -100086.0941
    1126.000      -99897.8098
    1127.000      -99975.3531
    1128.000     -100041.2220
    1129.000     -100155.1175
    1130.000     -100130.8531
    1131.000      -99745.2032
    1132.000      -99886.9053
    1133.000     -100145.5203
    1134.000     -100033.4164
    1135.000      -99618.1255
    1136.000      -99944.3918
    1137.000      -99864.6939
    1138.000     -100064.3542
    1139.000     -100166.4079
    1140.000      -99882.8818
    1141.000     -100291.4524
    1142.000      -99923.6974
    1143.000      -99859.0835
    1144.000      -99713.8985
    1145.000      -99893.9003
    1146.000     -100088.8767
    1147.000     -100086.3704
    1148.000     -100304.6286
    1149.000      -99996.1732
    1150.000      -99987.4006
    1151.000      -99897.4908
    1152.000     -100169.9455
    1153.000      -99831.2876
    1154.000      -99756.8913
    1155.000      -99971.6006
    1156.000      -99737.2782
    1157.000      -99654.1681
    1158.000      -99914.0653
    1159.000     -100134.2443
    1160.000      -99819.3789
    1161.000      -99742.5777
    1162.000      -99724.0424
    1163.000      -99898.9265
    1164.000      -99884.0463
    1165.000     -100187.2781
    1166.000      -99604.9392
    1167.000     -100164.3942
    1168.000      -99974.4534
    1169.000      -99896.5534
    1170.000      -99927.9470
    1171.000     -100002.9179
    1172.000      -99685.9436
    1173.000      -99860.9446
    1174.000     -100036.7597
    1175.000     -100229.8690
    1176.000     -100121.9978
    1177.000      -99939.9759
    1178.000      -99996.1700
    1179.000     -100197.2510
    1180.000     -100043.5046
    1181.000     -100156.7272
    1182.000      -99848.1726
    1183.000      -99996.5114
    1184.000     -100039.3503
    1185.000     -100418.0177
    1186.000      -99711.3434
    1187.000      -99950.3105
    1188.000      -99697.1443
    1189.000      -99749.4302
    1190.000      -99997.4621
    1191.000     -100174.9011
    1192.000      -99762.6163
    1193.000     -100018.6352
    1194.000      -99596.2139
    1195.000      -99848.6814
    1196.000      -99698.3549
    1197.000      -99569.1210
    1198.000      -99551.4453
    1199.000      -99995.7858
    1200.000      -99620.5442
    1201.000      -99986.7059
    1202.000     -100085.6414
    1203.000      -99974.8495
    1204.000     -100037.7923
    1205.000     -100262.8256
    1206.000     -100221.7428
    1207.000     -100029.5634
    1208.000      -99915.4329
    1209.000      -99961.5176
    1210.000      -99933.0132
    1211.000      -99830.8244
    1212.000      -99983.1080
    1213.000     -100234.3218
    1214.000     -100144.8913
    1215.000      -99940.7573
    1216.000      -99499.9709
    1217.000      -99517.6844
    1218.000      -99880.6005
    1219.000      -99882.5439
    1220.000     -100002.1878
    1221.000     -100043.0134
    1222.000     -100030.9510
    1223.000      -99610.3664
    1224.000     -100006.5301
    1225.000     -100265.1609
    1226.000      -99873.4894
    1227.000      -99257.8373
    1228.000      -99673.8636
    1229.000      -99704.8993
    1230.000     -100188.1831
    1231.000     -100134.9944
    1232.000     -100162.3874
    1233.000     -100105.7099
    1234.000     -100128.7127
    1235.000      -99795.3711
    1236.000     -100135.6679
    1237.000     -100139.0538
    1238.000     -100228.0448
    1239.000      -99986.6417
    1240.000      -99683.6261
    1241.000     -100022.9303
    1242.000      -99400.7649
    1243.000      -99782.7820
    1244.000      -99759.6839
    1245.000      -99841.1709
    1246.000      -99781.3914
    1247.000     -100077.6640
    1248.000      -99833.2758
    1249.000      -99776.5359
    1250.000      -99225.6487
    1251.000      -99780.9714
    1252.000      -99929.2109
    1253.000      -99573.4891
    1254.000      -99926.6099
    1255.000      -99822.3024
    1256.000     -100077.7050
    1257.000      -99932.8363
    1258.000     -100603.2148
    1259.000     -100267.4988
    1260.000      -99942.6038
    1261.000     -100506.5845
    1262.000      -99845.2485
    1263.000      -99701.0410
    1264.000      -99953.4107
    1265.000      -99877.2223
    1266.000     -100325.5508
    1267.000     -100414.1892
    1268.000     -100207.8934
    1269.000     -100284.0837
    1270.000     -100025.7447
    1271.000      -99931.4396
    1272.000      -99811.0321
    1273.000      -99858.8139
    1274.000      -99926.6343
    1275.000      -99744.2234
    1276.000      -99917.2372
    1277.000      -99656.5878
    1278.000     -100037.6162
    1279.000      -99751.3111
    1280.000      -99979.5277
    1281.000      -99701.3450
    1282.000      -99665.2776
    1283.000     -100191.3322
    1284.000     -100242.6710
    1285.000      -99860.1769
    1286.000     -100153.1641
    1287.000      -99942.7210
    1288.000      -99975.0843
    1289.000      -99915.4428
    1290.000     -100154.0504
    1291.000     -100195.8697
    1292.000     -100119.6249
    1293.000     -100167.7399
    1294.000     -100189.0376
    1295.000      -99976.2398
    1296.000      -99883.7262
    1297.000     -100023.3175
    1298.000     -100132.6022
    1299.000      -99790.9660
    1300.000     -100134.5599
    1301.000      -99988.5568
    1302.000      -99904.9007
    1303.000      -99969.0662
    1304.000     -100209.2957
    1305.000     -100117.4058
    1306.000      -99951.9514
    1307.000     -100166.0781
    1308.000     -100008.1194
    1309.000      -99578.0585
    1310.000      -99808.5460
    1311.000      -99851.4001
    1312.000      -99759.8148
    1313.000      -99882.1113
    1314.000      -99827.6122
    1315.000      -99929.0283
    1316.000      -99538.9605
    1317.000      -99878.4037
    1318.000     -100039.2961
    1319.000      -99858.5072
    1320.000     -100025.1803
    1321.000      -99429.5988
    1322.000      -99664.9089
    1323.000     -100023.7865
    1324.000     -100173.2428
    1325.000     -100223.6173
    1326.000     -100212.8938
    1327.000     -100168.4022
    1328.000      -99965.7141
    1329.000      -99978.5567
    1330.000     -100121.9539
    1331.000     -100177.1106
    1332.000      -99978.6900
    1333.000      -99966.5556
    1334.000      -99884.3459
    1335.000      -99662.7774
    1336.000      -99594.6943
    1337.000     -100278.1236
    1338.000      -99869.1499
    1339.000      -99832.9911
    1340.000      -99620.0925
    1341.000      -99935.6240
    1342.000      -99820.0199
    1343.000     -100226.9842
    1344.000     -100235.1771
    1345.000     -100215.6256
    1346.000      -99799.5380
    1347.000      -99750.8624
    1348.000      -99863.0261
    1349.000     -100113.6569
    1350.000      -99792.1659
    1351.000      -99726.5911
    1352.000     -100305.4952
    1353.000     -100119.8311
    1354.000     -100167.9307
    1355.000     -100131.9855
    1356.000      -99910.0401
    1357.000     -100323.5665
    1358.000     -100257.1946
    1359.000      -99993.9962
    1360.000     -100163.0324
    1361.000     -100225.1936
    1362.000     -100348.0217
    1363.000     -100336.0942
    1364.000      -99867.1521
    1365.000     -100097.5411
    1366.000      -99850.1819
    1367.000     -100076.0928
    1368.000     -100099.8800
    1369.000      -99880.4913
    1370.000      -99897.7036
    1371.000     -100053.7976
    1372.000      -99900.3482
    1373.000      -99964.8596
    1374.000     -100493.8936
    1375.000     -100204.8411
    1376.000     -100145.5720
    1377.000      -99699.4070
    1378.000      -99730.7009
    1379.000     -100428.7595
    1380.000     -100050.6965
    1381.000     -100346.8792
    1382.000     -100031.1063
    1383.000      -99723.3913
    1384.000     -100069.8393
    1385.000      -99924.9723
    1386.000     -100128.6757
    1387.000     -100184.8444
    1388.000     -100014.4766
    1389.000      -99658.9993
    1390.000      -99785.5100
    1391.000      -99925.0818
    1392.000      -99918.1139
    1393.000     -100122.4710
    1394.000     -100090.2201
    1395.000     -100013.7005
    1396.000      -99973.0131
    1397.000      -99997.6393
    1398.000      -99699.6774
    1399.000      -99851.3168
    1400.000      -99877.6545
    1401.000      -99593.1548
    1402.000      -99679.3403
    1403.000      -99900.9608
    1404.000     -100001.0518
    1405.000      -99449.6743
    1406.000     -100124.7117
    1407.000      -99821.5501
    1408.000     -100165.1227
    1409.000     -100024.3232
    1410.000      -99937.5835
    1411.000      -99747.7312
    1412.000      -99712.0996
    1413.000     -100016.9844
    1414.000      -99712.9499
    1415.000      -99725.4183
    1416.000      -99960.7611
    1417.000      -99828.9059
    1418.000     -100007.0182
    1419.000      -99980.0963
    1420.000      -99917.5544
    1421.000     -100204.8895
    1422.000      -99833.3471
    1423.000      -99829.8704
    1424.000     -100062.9963
    1425.000      -99872.7320
    1426.000     -100120.8360
    1427.000     -100118.8208
    1428.000     -100291.4655
    1429.000      -99698.5787
    1430.000     -100046.1598
    1431.000      -99568.2152
    1432.000      -99975.9603
    1433.000     -100023.9561
    1434.000      -99747.7816
    1435.000      -99813.6578
    1436.000      -99774.5568
    1437.000     -100283.2293
    1438.000      -99761.2864
    1439.000      -99511.2436
    1440.000      -99548.0003
    1441.000     -100085.4265
    1442.000      -99817.0717
    1443.000     -100188.9588
    1444.000     -100249.1697
    1445.000      -99983.7626
    1446.000      -99603.6342
    1447.000      -99932.1158
    1448.000      -99705.8830
    1449.000      -99792.9892
    1450.000     -100103.0154
    1451.000      -99892.1263
    1452.000     -100035.6519
    1453.000      -99454.9394
    1454.000      -99774.4501
    1455.000      -99738.4673
    1456.000      -99707.7917
    1457.000      -99967.3042
    1458.000     -100190.6998
    1459.000      -99973.7811
    1460.000      -99733.7539
    1461.000      -99768.5739
    1462.000      -99796.9788
    1463.000      -99939.8033
    1464.000     -100205.8266
    1465.000     -100103.2031
    1466.000      -99797.0761
    1467.000      -99852.5864
    1468.000     -100118.1018
    1469.000      -99966.1393
    1470.000      -99838.1727
    1471.000      -99843.8134
    1472.000      -99918.2442
    1473.000      -99886.1963
    1474.000     -100071.7817
    1475.000      -99759.7435
    1476.000      -99781.0040
    1477.000      -99728.5219
    1478.000     -100293.8967
    1479.000      -99846.0941
    1480.000     -100089.8844
    1481.000     -100088.0273
    1482.000      -99890.0575
    1483.000     -100187.8444
    1484.000     -100082.4318
    1485.000      -99900.9607
    1486.000      -99751.8078
    1487.000     -100012.5981
    1488.000     -100127.5793
    1489.000      -99777.1428
    1490.000     -100304.0796
    1491.000     -100237.1470
    1492.000      -99834.5177
    1493.000      -99854.1759
    1494.000     -100044.0420
    1495.000     -100389.7391
    1496.000      -99972.5610
    1497.000      -99743.4515
    1498.000      -99859.6829
    1499.000      -99754.1266
    1500.000     -100106.3948
    1501.000     -100124.5068
    1502.000      -99964.4150
    1503.000      -99948.5128
    1504.000     -100061.0403
    1505.000     -100106.8361
    1506.000      -99930.9698
    1507.000     -100261.2107
    1508.000      -99727.9899
    1509.000     -100246.4434
    1510.000     -100224.1086
    1511.000     -100041.6366
    1512.000     -100203.0655
    1513.000     -100122.9160
    1514.000      -99779.4915
    1515.000     -100225.4034
    1516.000     -100096.1008
    1517.000     -100377.3602
    1518.000     -100458.8653
    1519.000     -100039.2227
    1520.000     -100227.4302
    1521.000     -100266.4322
    1522.000     -100118.9504
    1523.000      -99950.2493
    1524.000      -99907.9920
    1525.000      -99583.7523
    1526.000      -99931.4516
    1527.000      -99800.3604
    1528.000     -100144.3874
    1529.000     -100089.9564
    1530.000      -99931.9333
    1531.000     -100082.9591
    1532.000      -99849.1603
    1533.000      -99824.1424
    1534.000     -100097.9257
    1535.000      -99935.1837
    1536.000      -99829.9507
    1537.000     -100398.7354
    1538.000      -99898.4279
    1539.000     -100056.9006
    1540.000     -100093.4408
    1541.000      -99898.1328
    1542.000     -100418.4085
    1543.000     -100548.9962
    1544.000     -100212.4606
    1545.000      -99971.0045
    1546.000     -100482.6061
    1547.000     -100457.8888
    1548.000     -100044.4651
    1549.000     -100214.9257
    1550.000      -99853.1598
    1551.000     -100061.8665
    1552.000      -99827.3717
    1553.000     -100091.1097
    1554.000     -100049.0730
    1555.000      -99791.8944
    1556.000      -99990.4666
    1557.000      -99908.4346
    1558.000      -99896.6726
    1559.000     -100062.8122
    1560.000     -100205.2935
    1561.000     -100092.5786
    1562.000      -99982.2823
    1563.000     -100219.6839
    1564.000     -100413.6417
    1565.000      -99769.7285
    1566.000     -100069.4663
    1567.000      -99924.1252
    1568.000      -99656.7330
    1569.000     -100000.8740
    1570.000      -99907.3049
    1571.000     -100106.0731
    1572.000     -100178.0199
    1573.000      -99936.3041
    1574.000      -99847.9639
    1575.000      -99584.1916
    1576.000      -99507.1222
    1577.000      -99989.9601
    1578.000      -99776.4436
    1579.000      -99594.0188
    1580.000      -99967.0449
    1581.000     -100091.1213
    1582.000     -100115.0905
    1583.000     -100557.3850
    1584.000      -99976.6725
    1585.000      -99824.3227
    1586.000      -99862.5049
    1587.000     -100211.1564
    1588.000     -100089.2232
    1589.000      -99984.5999
    1590.000     -100037.1768
    1591.000      -99748.9171
    1592.000      -99761.8159
    1593.000      -99658.1590
    1594.000     -100105.7731
    1595.000     -100035.9106
    1596.000      -99719.1023
    1597.000     -100055.2780
    1598.000      -99742.2012
    1599.000     -100182.7807
    1600.000      -99900.2899
    1601.000      -99824.6983
    1602.000      -99911.1772
    1603.000     -100481.8327
    1604.000     -100213.0273
    1605.000     -100052.5042
    1606.000      -99676.1509
    1607.000      -99900.4037
    1608.000      -99619.2543
    1609.000      -99975.4043
    1610.000      -99937.4610
    1611.000      -99911.6754
    1612.000      -99889.1661
    1613.000      -99835.0345
    1614.000     -100380.2359
    1615.000      -99970.0402
    1616.000     -100351.4363
    1617.000      -99993.9149
    1618.000     -100076.1899
    1619.000     -100090.1396
    1620.000      -99477.5995
    1621.000     -100387.2672
    1622.000      -99961.0728
    1623.000      -99658.3072
    1624.000      -99994.1258
    1625.000     -100219.7390
    1626.000      -99860.9922
    1627.000     -100396.4237
    1628.000     -100373.8607
    1629.000     -100024.4506
    1630.000     -100247.3695
    1631.000     -100033.9135
    1632.000     -100272.0514
    1633.000     -100091.2735
    1634.000      -99900.8187
    1635.000      -99918.5300
    1636.000      -99685.1694
    1637.000      -99652.4383
    1638.000      -99875.0144
    1639.000      -99924.5120
    1640.000     -100042.4008
    1641.000      -99889.1664
    1642.000     -100099.0275
    1643.000     -100044.5577
    1644.000     -100280.5005
    1645.000     -100212.3930
    1646.000      -99796.5238
    1647.000     -100150.1342
    1648.000      -99893.8662
    1649.000      -99890.1089
    1650.000     -100162.4149
    1651.000      -99633.9461
    1652.000      -99852.4611
    1653.000      -99382.3724
    1654.000     -100104.0871
    1655.000     -100180.4674
    1656.000      -99809.1713
    1657.000      -99747.2153
    1658.000     -100154.4890
    1659.000      -99578.5981
    1660.000      -99780.4094
    1661.000     -100167.4279
    1662.000      -99875.3918
    1663.000      -99997.0691
    1664.000     -100206.0494
    1665.000     -100151.2113
    1666.000     -100021.6545
    1667.000     -100047.4016
    1668.000     -100198.9933
    1669.000      -99941.6937
    1670.000     -100163.1210
    1671.000     -100202.0750
    1672.000     -100035.8364
    1673.000     -100051.9388
    1674.000      -99972.7873
    1675.000     -100313.7204
    1676.000     -100488.2316
    1677.000     -100085.1277
    1678.000     -100127.4727
    1679.000      -99790.2370
    1680.000      -99992.9277
    1681.000      -99631.6874
    1682.000     -100096.7507
    1683.000     -100009.7996
    1684.000     -100104.0380
    1685.000     -100236.8903
    1686.000     -100273.7230
    1687.000     -100203.0302
    1688.000      -99985.2080
    1689.000      -99943.7676
    1690.000      -99891.1452
    1691.000     -100127.4963
    1692.000      -99841.4727
    1693.000     -100201.9108
    1694.000     -100041.6239
    1695.000     -100154.3524
    1696.000      -99972.0987
    1697.000      -99881.7065
    1698.000     -100031.7311
    1699.000     -100096.3302
    1700.000     -100050.4563
    1701.000      -99851.6757
    1702.000      -99716.1137
    1703.000      -99785.6783
    1704.000      -99967.7710
    1705.000     -100122.0981
    1706.000     -100053.0209
    1707.000     -100186.4651
    1708.000      -99951.6326
    1709.000     -100218.9543
    1710.000     -100145.1851
    1711.000      -99959.9724
    1712.000      -99879.0287
    1713.000     -100306.2523
    1714.000     -100134.6277
    1715.000     -100196.8984
    1716.000      -99871.0479
    1717.000      -99546.4885
    1718.000      -99881.2223
    1719.000     -100123.6799
    1720.000     -100429.5669
    1721.000      -99956.9691
    1722.000     -100045.4323
    1723.000      -99987.4862
    1724.000      -99995.4792
    1725.000     -100200.2138
    1726.000      -99825.2314
    1727.000      -99806.0277
    1728.000     -100355.5259
    1729.000      -99988.9236
    1730.000      -99782.2866
    1731.000     -100099.6459
    1732.000      -99944.1608
    1733.000      -99878.5854
    1734.000     -100097.0570
    1735.000      -99999.1385
    1736.000     -100051.8883
    1737.000     -100104.7826
    1738.000     -100144.7602
    1739.000     -100080.0668
    1740.000      -99737.8502
    1741.000     -100592.3053
    1742.000      -99945.9428
    1743.000      -99793.4242
    1744.000     -100069.9293
    1745.000     -100415.3284
    1746.000      -99864.8440
    1747.000      -99905.1124
    1748.000      -99879.7549
    1749.000     -100011.1756
    1750.000      -99852.4966
    1751.000     -100243.1380
    1752.000     -100118.8346
    1753.000     -100364.2642
    1754.000     -100398.6773
    1755.000      -99787.4370
    1756.000      -99928.2454
    1757.000      -99630.2073
    1758.000      -99789.9817
    1759.000     -100037.6720
    1760.000     -100035.3355
    1761.000     -100252.7461
    1762.000      -99866.6240
    1763.000      -99653.2501
    1764.000     -100323.0647
    1765.000     -100400.2756
    1766.000     -100196.1397
    1767.000      -99945.5813
    1768.000     -100051.5161
    1769.000     -100419.2537
    1770.000     -100224.6017
    1771.000     -100288.9370
    1772.000      -99915.6325
    1773.000      -99958.6438
    1774.000     -100058.9782
    1775.000     -100256.9264
    1776.000     -100009.6657
    1777.000     -100388.5267
    1778.000     -100247.1148
    1779.000      -99741.5392
    1780.000     -100048.5254
    1781.000     -100001.6709
    1782.000     -100125.4681
    1783.000     -100052.1640
    1784.000     -100216.7988
    1785.000     -100112.6507
    1786.000      -99985.2776
    1787.000      -99775.4729
    1788.000     -100301.0767
    1789.000      -99938.8393
    1790.000      -99741.0636
    1791.000     -100249.0280
    1792.000      -99722.3684
    1793.000     -100003.8805
    1794.000     -100119.6155
    1795.000     -100063.2568
    1796.000      -99654.0462
    1797.000      -99711.0243
    1798.000      -99700.0855
    1799.000     -100233.6740
    1800.000      -99970.7083
    1801.000      -99873.2298
    1802.000     -100025.2551
    1803.000      -99831.1265
    1804.000      -99832.3779
    1805.000     -100020.2549
    1806.000     -100095.8704
    1807.000     -100074.9140
    1808.000      -99801.5379
    1809.000      -99724.5276
    1810.000      -99912.0916
    1811.000      -99769.8122
    1812.000      -99996.2711
    1813.000     -100174.9427
    1814.000      -99963.9696
    1815.000     -100198.2187
    1816.000     -100104.9836
    1817.000     -100256.8086
    1818.000     -100139.9743
    1819.000      -99823.2504
    1820.000      -99915.1841
    1821.000      -99899.5120
    1822.000      -99838.1616
    1823.000     -100059.2842
    1824.000      -99928.7470
    1825.000      -99944.7904
    1826.000      -99819.1261
    1827.000      -99804.3190
    1828.000      -99890.5439
    1829.000     -100310.0698
    1830.000     -100035.5930
    1831.000     -100148.3090
    1832.000      -99814.0965
    1833.000      -99958.1825
    1834.000     -100126.5977
    1835.000     -100374.5396
    1836.000     -100251.2499
    1837.000     -100185.3234
    1838.000      -99817.7002
    1839.000      -99932.8508
    1840.000      -99872.1601
    1841.000      -99900.5455
    1842.000     -100384.6122
    1843.000     -100131.7609
    1844.000     -100198.3316
    1845.000      -99757.4961
    1846.000     -100228.3882
    1847.000     -100416.3703
    1848.000      -99968.1759
    1849.000     -100142.9510
    1850.000     -100005.0874
    1851.000      -99782.8881
    1852.000     -100143.1892
    1853.000     -100407.1535
    1854.000     -100387.9445
    1855.000      -99490.5735
    1856.000     -100074.6405
    1857.000      -99736.4939
    1858.000     -100084.8935
    1859.000      -99873.7190
    1860.000      -99919.3545
    1861.000     -100140.9467
    1862.000      -99699.5409
    1863.000      -99939.2073
    1864.000     -100598.2491
    1865.000     -100144.1471
    1866.000     -100170.4051
    1867.000      -99928.8088
    1868.000     -100085.4677
    1869.000     -100099.5820
    1870.000      -99928.9105
    1871.000     -100090.2908
    1872.000     -100208.3245
    1873.000     -100290.7449
    1874.000      -99838.1033
    1875.000     -100135.9200
    1876.000      -99939.4572
    1877.000      -99894.1665
    1878.000      -99941.3978
    1879.000      -99627.6111
    1880.000      -99972.4394
    1881.000      -99987.3653
    1882.000     -100147.6915
    1883.000     -100015.3876
    1884.000      -99996.1333
    1885.000      -99736.0572
    1886.000     -100199.8882
    1887.000     -100467.3004
    1888.000     -100389.6295
    1889.000     -100034.3541
    1890.000      -99997.5002
    1891.000     -100155.8576
    1892.000      -99999.2699
    1893.000     -100036.3959
    1894.000      -99958.4264
    1895.000     -100330.2135
    1896.000      -99982.9336
    1897.000     -100302.2921
    1898.000      -99868.8090
    1899.000      -99840.8090
    1900.000     -100140.1674
    1901.000     -100196.6073
    1902.000     -100605.2781
    1903.000     -100193.6305
    1904.000     -100050.0497
    1905.000      -99855.6984
    1906.000     -100341.5234
    1907.000     -100467.4412
    1908.000     -100304.6328
    1909.000     -100121.2878
    1910.000     -100096.4121
    1911.000      -99749.6474
    1912.000     -100149.6149
    1913.000     -100151.1447
    1914.000     -100078.5725
    1915.000     -100393.3072
    1916.000      -99865.6967
    1917.000     -100141.7352
    1918.000     -100082.3074
    1919.000     -100026.2760
    1920.000      -99961.9669
    1921.000      -99964.1957
    1922.000      -99692.9516
    1923.000     -100181.8659
    1924.000     -100234.3347
    1925.000     -100071.7843
    1926.000      -99988.1331
    1927.000     -100236.0144
    1928.000     -100610.9971
    1929.000      -99741.7710
    1930.000     -100073.3399
    1931.000      -99791.5594
    1932.000     -100207.5237
    1933.000     -100420.4336
    1934.000      -99529.3124
    1935.000     -100095.9002
    1936.000      -99515.5372
    1937.000     -100041.5026
    1938.000     -100362.9696
    1939.000     -100034.9917
    1940.000     -100106.1305
    1941.000      -99754.9814
    1942.000     -100060.3853
    1943.000     -100180.7381
    1944.000     -100089.0536
    1945.000      -99869.4119
    1946.000     -100307.5282
    1947.000      -99888.3083
    1948.000     -100222.5199
    1949.000      -99895.5429
    1950.000     -100128.6281
    1951.000     -100196.8021
    1952.000     -100243.2183
    1953.000     -100549.6159
    1954.000     -100400.2898
    1955.000     -100155.2534
    1956.000      -99895.0831
    1957.000      -99746.1910
    1958.000      -99661.4479
    1959.000     -100199.7943
    1960.000     -100147.4819
    1961.000     -100039.1876
    1962.000     -100176.2757
    1963.000     -100095.9220
    1964.000     -100096.8122
    1965.000     -100091.8413
    1966.000     -100113.0301
    1967.000     -100408.1914
    1968.000     -100038.0356
    1969.000      -99842.6703
    1970.000      -99802.5463
    1971.000      -99882.8971
    1972.000      -99870.4575
    1973.000     -100303.2918
    1974.000     -100113.7014
    1975.000     -100230.8320
    1976.000     -100415.4028
    1977.000     -100009.6859
    1978.000     -100029.8069
    1979.000     -100140.5039
    1980.000     -100001.0732
    1981.000     -100201.6926
    1982.000     -100175.3521
    1983.000     -100147.4810
    1984.000      -99894.9382
    1985.000      -99841.3670
    1986.000      -99732.3249
    1987.000      -99642.4963
    1988.000     -100173.6864
    1989.000     -100002.7326
    1990.000      -99857.8574
    1991.000     -100109.4120
    1992.000     -100027.8913
    1993.000     -100084.3610
    1994.000     -100055.6235
    1995.000     -100301.7298
    1996.000      -99763.0197
    1997.000     -100151.2436
    1998.000     -100018.4494
    1999.000      -99840.2686
    2000.000     -100111.4172
    2001.000      -99724.0096
    2002.000     -100018.6466
    2003.000      -99633.6645
    2004.000      -99988.0567
    2005.000     -100068.3001
    2006.000      -99882.6277
    2007.000      -99831.7524
    2008.000     -100030.9642
    2009.000     -100251.7507
    2010.000     -100045.2425
    2011.000     -100049.2276
    2012.000      -99907.1001
    2013.000     -100015.7963
    2014.000      -99733.4457
    2015.000      -99926.4652
    2016.000     -100026.7697
    2017.000      -99850.8858
    2018.000     -100131.6125
    2019.000     -100132.3768
    2020.000      -99836.3562
    2021.000     -100307.9960
    2022.000     -100083.4682
    2023.000      -99871.0282
    2024.000      -99913.1897
    2025.000      -99875.5237
    2026.000      -99590.9430
    2027.000      -99905.2130
    2028.000     -100186.8424
    2029.000      -99963.1693
    2030.000      -99916.2889
    2031.000     -100292.7059
    2032.000     -100593.2404
    2033.000     -100099.2575
    2034.000      -99965.9781
    2035.000     -100306.5883
    2036.000     -100254.9440
    2037.000     -100228.0591
    2038.000     -100227.9549
    2039.000     -100406.3192
    2040.000     -100351.4711
    2041.000     -100174.8990
    2042.000     -100073.5982
    2043.000     -100036.2135
    2044.000     -100311.9620
    2045.000     -100107.7924
    2046.000     -100102.9282
    2047.000      -99896.7634
    2048.000     -100192.0057
    2049.000     -100291.3628
    2050.000     -100207.3992
    2051.000     -100074.7172
    2052.000     -100222.9977
    2053.000      -99949.6735
    2054.000     -100198.7477
    2055.000     -100146.2417
    2056.000     -100210.0319
    2057.000      -99809.4465
    2058.000     -100012.2209
    2059.000     -100156.6604
    2060.000     -100452.5603
    2061.000     -100297.3384
    2062.000     -100105.8483
    2063.000      -99988.0342
    2064.000     -100254.8454
    2065.000     -100219.2111
    2066.000      -99890.6459
    2067.000     -100198.0658
    2068.000      -99743.7152
    2069.000     -100000.2130
    2070.000     -100275.1908
    2071.000     -100159.1837
    2072.000     -100090.6043
    2073.000     -100142.3725
    2074.000     -100244.1024
    2075.000     -100077.3907
    2076.000     -100149.8301
    2077.000      -99975.7103
    2078.000     -100048.9389
    2079.000     -100300.7942
    2080.000     -100339.4254
    2081.000      -99992.7643
    2082.000     -100006.2475
    2083.000     -100085.1577
    2084.000     -100259.3159
    2085.000      -99914.1600
    2086.000      -99913.3959
    2087.000      -99994.7670
    2088.000     -100011.1907
    2089.000      -99861.2287
    2090.000      -99800.4461
    2091.000     -100088.4398
    2092.000     -100284.8839
    2093.000     -100285.6810
    2094.000     -100271.9640
    2095.000     -100185.3191
    2096.000     -100096.5332
    2097.000     -100289.0714
    2098.000     -100466.1574
    2099.000     -100073.6208
    2100.000     -100135.4804
    2101.000     -100155.0213
    2102.000      -99915.2757
    2103.000      -99938.6631
    2104.000     -100114.6500
    2105.000     -100009.0328
    2106.000      -99857.7155
    2107.000     -100087.2164
    2108.000     -100070.1816
    2109.000     -100093.4100
    2110.000     -100383.1532
    2111.000     -100007.4821
    2112.000      -99983.4695
    2113.000     -100300.5722
    2114.000     -100041.9271
    2115.000     -100052.3474
    2116.000     -100198.3828
    2117.000     -100175.2752
    2118.000     -100003.9560
    2119.000     -100346.4234
    2120.000     -100202.0224
    2121.000      -99900.9172
    2122.000     -100246.2150
    2123.000     -100013.5477
    2124.000      -99901.3282
    2125.000      -99903.2179
    2126.000     -100366.1751
    2127.000     -100137.8049
    2128.000      -99804.8906
    2129.000      -99942.3748
    2130.000     -100437.0044
    2131.000      -99979.5212
    2132.000     -100269.5095
    2133.000     -100407.2311
    2134.000     -100179.1041
    2135.000     -100222.1972
    2136.000      -99972.5333
    2137.000      -99671.7608
    2138.000      -99861.0106
    2139.000     -100093.0673
    2140.000     -100006.3992
    2141.000      -99767.3730
    2142.000      -99963.1576
    2143.000     -100048.2676
    2144.000     -100141.5160
    2145.000      -99760.7769
    2146.000     -100042.3261
    2147.000     -100416.7231
    2148.000      -99729.9289
    2149.000     -100242.1546
    2150.000     -100079.8424
    2151.000     -100180.7150
    2152.000     -100201.1466
    2153.000     -100207.8266
    2154.000     -100235.9831
    2155.000      -99900.0393
    2156.000      -99758.6603
    2157.000      -99841.5222
    2158.000     -100059.0850
    2159.000      -99998.9788
    2160.000     -100242.2153
    2161.000     -100306.7573
    2162.000     -100183.7738
    2163.000      -99951.0606
    2164.000     -100269.7118
    2165.000      -99793.6733
    2166.000     -100262.5071
    2167.000     -100154.7814
    2168.000      -99609.8313
    2169.000     -100114.6265
    2170.000     -100220.2781
    2171.000     -100172.6798
    2172.000     -100282.6294
    2173.000     -100217.7782
    2174.000     -100323.3032
    2175.000     -100039.3302
    2176.000     -100132.9284
    2177.000     -100378.7153
    2178.000      -99963.6034
    2179.000     -100066.1822
    2180.000      -99860.6995
    2181.000     -100100.3444
    2182.000     -100498.6971
    2183.000      -99965.5863
    2184.000      -99800.0284
    2185.000      -99627.9159
    2186.000      -99855.5223
    2187.000      -99791.8435
    2188.000     -100233.9060
    2189.000      -99773.0559
    2190.000      -99903.4749
    2191.000      -99846.5908
    2192.000     -100254.7920
    2193.000     -100024.3655
    2194.000     -100551.3245
    2195.000     -100130.3170
    2196.000     -100570.6924
    2197.000     -100272.1593
    2198.000      -99859.2447
    2199.000     -100012.9697
    2200.000     -100010.9658
    2201.000     -100022.6746
    2202.000     -100129.2532
    2203.000      -99807.7718
    2204.000      -99489.2517
    2205.000     -100166.8782
    2206.000     -100169.3569
    2207.000     -100027.5117
    2208.000      -99868.7579
    2209.000     -100194.0419
    2210.000     -100297.5557
    2211.000     -100254.7205
    2212.000     -100327.9096
    2213.000     -100342.4628
    2214.000      -99968.2868
    2215.000     -100394.3684
    2216.000     -100295.8317
    2217.000     -100168.6534
    2218.000     -100059.4009
    2219.000      -99833.5265
    2220.000      -99977.2580
    2221.000     -100126.8826
    2222.000      -99710.9450
    2223.000     -100154.6664
    2224.000     -100188.9596
    2225.000     -100114.5854
    2226.000     -100064.9480
    2227.000      -99873.4302
    2228.000     -100105.3958
    2229.000     -100270.5208
    2230.000      -99983.9088
    2231.000      -99493.5795
    2232.000     -100464.4962
    2233.000     -100050.7237
    2234.000      -99863.5889
    2235.000     -100058.2672
    2236.000      -99956.5636
    2237.000     -100405.7670
    2238.000     -100094.1487
    2239.000      -99889.1308
    2240.000     -100012.3464
    2241.000      -99789.2171
    2242.000      -99823.3392
    2243.000     -100032.2446
    2244.000     -100377.0083
    2245.000     -100072.7089
    2246.000     -100026.7861
    2247.000      -99969.9456
    2248.000     -100161.5161
    2249.000     -100306.3586
    2250.000     -100384.4615
    2251.000      -99854.3033
    2252.000     -100266.0414
    2253.000     -100292.0935
    2254.000     -100030.7166
    2255.000     -100233.6934
    2256.000     -100079.9434
    2257.000     -100284.2281
    2258.000     -100383.4970
    2259.000     -100067.3878
    2260.000     -100269.2872
    2261.000      -99945.2030
    2262.000     -100047.4936
    2263.000     -100056.7418
    2264.000      -99777.5675
    2265.000     -100146.3671
    2266.000      -99576.8786
    2267.000     -100144.3045
    2268.000     -100085.4273
    2269.000      -99857.2559
    2270.000      -99689.0117
    2271.000     -100118.0187
    2272.000     -100056.5823
    2273.000      -99967.9384
    2274.000     -100066.7480
    2275.000     -100557.1565
    2276.000     -100483.5104
    2277.000     -100078.3318
    2278.000      -99991.5940
    2279.000      -99716.3031
    2280.000      -99656.3555
    2281.000      -99925.9667
    2282.000     -100224.0116
    2283.000     -100013.9266
    2284.000      -99994.7657
    2285.000      -99751.3696
    2286.000      -99888.8072
    2287.000      -99849.3985
    2288.000     -100216.8889
    2289.000      -99674.8389
    2290.000     -100064.1498
    2291.000     -100244.7009
    2292.000      -99710.0054
    2293.000      -99798.3541
    2294.000     -100224.7753
    2295.000     -100456.2524
    2296.000      -99680.1688
    2297.000      -99757.0668
    2298.000     -100402.6705
    2299.000      -99448.5710
    2300.000     -100054.6587
    2301.000      -99890.3298
    2302.000     -100019.0438
    2303.000      -99873.9959
    2304.000     -100132.6395
    2305.000     -100470.3201
    2306.000     -100309.8895
    2307.000     -100229.6690
    2308.000      -99905.1174
    2309.000     -100590.9022
    2310.000     -100147.8275
    2311.000     -100347.3335
    2312.000     -100356.9760
    2313.000     -100085.8979
    2314.000     -100205.6079
    2315.000     -100155.2001
    2316.000     -100069.9980
    2317.000     -100029.9424
    2318.000     -100015.1888
    2319.000      -99970.1598
    2320.000     -100033.1611
    2321.000     -100266.2222
    2322.000     -100091.7136
    2323.000      -99768.9108
    2324.000     -100098.8876
    2325.000     -100202.1546
    2326.000     -100320.4616
    2327.000      -99623.3799
    2328.000     -100185.4502
    2329.000     -100161.3557
    2330.000     -100162.6202
    2331.000     -100225.5007
    2332.000      -99756.0607
    2333.000     -100105.2960
    2334.000     -100180.4628
    2335.000      -99932.9229
    2336.000      -99914.0006
    2337.000     -100110.6569
    2338.000      -99875.7338
    2339.000     -100357.0384
    2340.000     -100165.7492
    2341.000     -100074.0531
    2342.000      -99965.8591
    2343.000      -99821.1789
    2344.000     -100236.8473
    2345.000     -100156.3864
    2346.000     -100260.9522
    2347.000     -100090.7165
    2348.000     -100007.1014
    2349.000      -99684.1459
    2350.000      -99935.8290
    2351.000      -99879.0615
    2352.000      -99746.2170
    2353.000     -100143.4050
    2354.000      -99885.6579
    2355.000     -100200.6221
    2356.000     -100226.1548
    2357.000     -100085.2251
    2358.000      -99653.3476
    2359.000     -100276.4636
    2360.000     -100041.9234
    2361.000     -100011.1905
    2362.000      -99567.9831
    2363.000      -99661.2263
    2364.000      -99910.2939
    2365.000     -100117.2470
    2366.000     -100062.7403
    2367.000     -100029.2327
    2368.000      -99973.5528
    2369.000      -99959.3185
    2370.000     -100250.2477
    2371.000      -99955.1182
    2372.000     -100244.2374
    2373.000     -100285.2920
    2374.000      -99792.2720
    2375.000      -99760.5294
    2376.000      -99918.6105
    2377.000      -99834.7223
    2378.000      -99879.6171
    2379.000     -100095.9104
    2380.000     -100241.2188
    2381.000     -100153.2977
    2382.000     -100161.5085
    2383.000     -100164.0523
    2384.000     -100155.4323
    2385.000     -100220.0629
    2386.000     -100145.1356
    2387.000      -99923.0401
    2388.000      -99757.7687
    2389.000     -100146.6080
    2390.000      -99855.4559
    2391.000     -100186.8689
    2392.000     -100139.3275
    2393.000     -100310.1237
    2394.000      -99555.8815
    2395.000      -99862.1337
    2396.000      -99912.6565
    2397.000      -99973.0670
    2398.000      -99960.8508
    2399.000     -100197.6330
    2400.000      -99951.0501
    2401.000      -99995.6653
    2402.000     -100207.3909
    2403.000     -100182.6861
    2404.000     -100065.2890
    2405.000     -100127.3351
    2406.000      -99897.7135
    2407.000     -100136.4417
    2408.000      -99933.2538
    2409.000     -100302.1810
    2410.000     -100499.0971
    2411.000      -99856.7394
    2412.000      -99912.3922
    2413.000     -100362.1118
    2414.000      -99804.4574
    2415.000      -99968.6742
    2416.000     -100325.5935
    2417.000      -99848.2733
    2418.000      -99964.0687
    2419.000     -100076.4845
    2420.000     -100178.0097
    2421.000     -100112.0730
    2422.000      -99990.0189
    2423.000     -100010.7061
    2424.000     -100089.8163
    2425.000      -99756.2611
    2426.000      -99938.4691
    2427.000      -99850.7069
    2428.000     -100320.3849
    2429.000      -99818.7217
    2430.000     -100056.3547
    2431.000     -100213.5264
    2432.000     -100170.7939
    2433.000     -100454.4946
    2434.000      -99713.4797
    2435.000     -100015.5771
    2436.000     -100206.3323
    2437.000     -100180.3238
    2438.000     -100136.0136
    2439.000      -99801.6625
    2440.000      -99973.3641
    2441.000     -100062.8095
    2442.000      -99939.7999
    2443.000      -99818.7857
    2444.000     -100317.9783
    2445.000     -100123.4199
    2446.000     -100213.0920
    2447.000     -100255.6885
    2448.000      -99948.4413
    2449.000      -99908.9489
    2450.000     -100129.7314
    2451.000     -100056.9568
    2452.000     -100077.8085
    2453.000      -99962.8221
    2454.000     -100354.7983
    2455.000     -100276.3533
    2456.000     -100186.2426
    2457.000     -100383.8742
    2458.000     -100061.7222
    2459.000      -99880.2015
    2460.000      -99994.0352
    2461.000     -100304.7154
    2462.000      -99956.4542
    2463.000     -100165.5061
    2464.000      -99899.8891
    2465.000      -99842.0576
    2466.000     -100129.2484
    2467.000     -100012.7447
    2468.000      -99983.3999
    2469.000     -100025.2481
    2470.000     -100076.9544
    2471.000     -100369.3223
    2472.000     -100365.7943
    2473.000     -100271.8430
    2474.000     -100009.6026
    2475.000     -100239.4417
    2476.000     -100168.5920
    2477.000      -99726.5536
    2478.000     -100095.4315
    2479.000      -99974.4390
    2480.000      -99839.2262
    2481.000      -99994.4082
    2482.000     -100339.3491
    2483.000     -100217.2756
    2484.000     -100143.6817
    2485.000      -99799.7918
    2486.000     -100051.4656
    2487.000     -100234.5685
    2488.000     -100298.9440
    2489.000     -100144.6909
    2490.000     -100269.6890
    2491.000     -100311.0809
    2492.000     -100570.3619
    2493.000      -99977.4131
    2494.000     -100324.4694
    2495.000     -100127.7595
    2496.000     -100268.2386
    2497.000     -100105.1140
    2498.000     -100418.8817
    2499.000     -100227.3838
    2500.000      -99832.4174
    2501.000     -100160.6349
    2502.000      -99856.6428
    2503.000     -100591.9620
    2504.000     -100398.0087
    2505.000      -99933.0454
    2506.000     -100209.8155
    2507.000     -100128.7252
    2508.000     -100053.5316
    2509.000     -100014.7314
    2510.000     -100086.1776
    2511.000      -99992.3575
    2512.000     -100093.8352
    2513.000     -100397.8687
    2514.000     -100243.7419
    2515.000      -99825.7641
    2516.000      -99964.4624
    2517.000     -100006.4667
    2518.000     -100425.7370
    2519.000      -99905.6204
    2520.000      -99860.9133
    2521.000      -99956.0909
    2522.000     -100005.1822
    2523.000     -100059.4266
    2524.000     -100434.7017
    2525.000     -100162.4003
    2526.000      -99990.7082
    2527.000     -100073.7830
    2528.000      -99939.8016
    2529.000      -99650.3627
    2530.000      -99818.8337
    2531.000      -99591.9306
    2532.000      -99941.2609
    2533.000     -100316.9502
    2534.000     -100041.2460
    2535.000     -100512.8776
    2536.000     -100084.7227
    2537.000     -100401.6793
    2538.000     -100255.1049
    2539.000      -99749.4803
    2540.000     -100208.1777
    2541.000     -100160.4008
    2542.000      -99977.5923
    2543.000      -99852.6251
    2544.000     -100497.3037
    2545.000      -99922.8923
    2546.000     -100040.4151
    2547.000     -100009.8894
    2548.000     -100503.2550
    2549.000      -99911.4677
    2550.000     -100310.2496
    2551.000      -99787.1072
    2552.000     -100075.5330
    2553.000     -100015.9356
    2554.000     -100089.1616
    2555.000      -99648.5721
    2556.000     -100261.2996
    2557.000     -100506.9286
    2558.000     -100495.9783
    2559.000      -99900.2075
    2560.000     -100087.9539
    2561.000     -100093.6790
    2562.000     -100010.0121
    2563.000     -100287.9601
    2564.000      -99749.6044
    2565.000      -99898.9967
    2566.000     -100152.9949
    2567.000      -99955.8915
    2568.000     -100098.1602
    2569.000     -100038.2243
    2570.000      -99911.0394
    2571.000      -99788.6615
    2572.000      -99807.2521
    2573.000      -99892.3240
    2574.000     -100168.9585
    2575.000     -100412.3772
    2576.000     -100140.7507
    2577.000     -100043.1301
    2578.000     -100028.6705
    2579.000     -100172.9536
    2580.000      -99635.2127
    2581.000     -100113.6817
    2582.000      -99909.0148
    2583.000      -99827.0045
    2584.000      -99945.0301
    2585.000     -100048.9135
    2586.000      -99899.6888
    2587.000     -100258.5219
    2588.000     -100102.7662
    2589.000     -100058.1172
    2590.000      -99853.1933
    2591.000     -100199.9345
    2592.000     -100075.5716
    2593.000     -100091.5226
    2594.000     -100229.0676
    2595.000     -100501.8703
    2596.000      -99771.1938
    2597.000     -100250.3689
    2598.000      -99929.2369
    2599.000      -99987.1121
    2600.000      -99830.9906
    2601.000     -100078.6483
    2602.000     -100418.6630
    2603.000     -100342.8471
    2604.000     -100464.0399
    2605.000     -100188.6248
    2606.000     -100271.8124
    2607.000     -100150.5528
    2608.000      -99822.6196
    2609.000      -99891.5695
    2610.000      -99636.2151
    2611.000      -99773.8665
    2612.000     -100398.7637
    2613.000      -99910.1122
    2614.000     -100428.9154
    2615.000     -100110.8432
    2616.000     -100387.7640
    2617.000     -100187.4818
    2618.000     -100217.3099
    2619.000      -99785.8456
    2620.000     -100307.5465
    2621.000     -100324.9920
    2622.000     -100270.7227
    2623.000     -100071.3474
    2624.000     -100373.5225
    2625.000      -99791.8966
    2626.000      -99805.8575
    2627.000      -99895.9197
    2628.000     -100348.5164
    2629.000     -100395.4145
    2630.000     -100197.6136
    2631.000     -100450.5818
    2632.000     -100402.9129
    2633.000     -100357.1501
    2634.000     -100124.0517
    2635.000     -100066.8005
    2636.000     -100032.1870
    2637.000      -99666.3601
    2638.000     -100495.3305
    2639.000     -100065.7510
    2640.000     -100241.3937
    2641.000     -100428.8967
    2642.000     -100424.3935
    2643.000     -100090.7774
    2644.000     -100099.2691
    2645.000     -100258.8099
    2646.000     -100017.0792
    2647.000      -99952.2999
    2648.000     -100184.0675
    2649.000     -100082.1044
    2650.000     -100037.5865
    2651.000     -100513.4516
    2652.000     -100036.8836
    2653.000     -100225.8938
    2654.000      -99956.0897
    2655.000     -100519.3381
    2656.000     -100135.1370
    2657.000     -100320.2519
    2658.000     -100265.4012
    2659.000     -100333.5581
    2660.000     -100104.4124
    2661.000     -100381.7132
    2662.000     -100152.5807
    2663.000     -100171.0797
    2664.000      -99919.2384
    2665.000     -100300.2445
    2666.000     -100272.6807
    2667.000      -99700.9862
    2668.000     -100289.8590
    2669.000     -100283.7108
    2670.000     -100260.9874
    2671.000     -100144.4799
    2672.000     -100232.6171
    2673.000     -100153.4250
    2674.000     -100332.6093
    2675.000     -100359.5814
    2676.000     -100036.1254
    2677.000      -99824.5600
    2678.000     -100020.0401
    2679.000      -99873.4617
    2680.000     -100036.2434
    2681.000     -100196.1382
    2682.000     -100273.0356
    2683.000     -100019.5397
    2684.000     -100136.7615
    2685.000     -100245.2784
    2686.000     -100288.4884
    2687.000     -100153.5861
    2688.000     -100346.4794
    2689.000     -100127.8607
    2690.000      -99873.0697
    2691.000     -100138.1312
    2692.000     -100238.4651
    2693.000      -99983.5232
    2694.000     -100002.1722
    2695.000     -100081.8382
    2696.000      -99925.7953
    2697.000      -99820.0779
    2698.000      -99888.1043
    2699.000     -100090.2125
    2700.000     -100079.7933
    2701.000     -100364.9084
    2702.000     -100196.6225
    2703.000     -100235.4153
    2704.000     -100074.3333
    2705.000      -99814.2912
    2706.000     -100294.9907
    2707.000     -100025.5421
    2708.000     -100419.7871
    2709.000     -100114.8617
    2710.000     -100225.7988
    2711.000     -100155.4984
    2712.000     -100373.1637
    2713.000     -100010.3971
    2714.000     -100358.3855
    2715.000     -100208.3640
    2716.000     -100040.4313
    2717.000     -100248.2932
    2718.000     -100118.4573
    2719.000     -100232.1627
    2720.000     -100114.0018
    2721.000     -100060.3339
    2722.000     -100340.3903
    2723.000      -99983.5267
    2724.000     -100242.7638
    2725.000     -100481.2374
    2726.000      -99864.5500
    2727.000      -99925.2474
    2728.000      -99956.7239
    2729.000      -99987.6610
    2730.000      -99928.8547
    2731.000      -99856.6451
    2732.000      -99906.5020
    2733.000     -100054.9123
    2734.000      -99679.2660
    2735.000     -100265.4669
    2736.000     -100190.3274
    2737.000     -100386.6228
    2738.000     -100306.5245
    2739.000     -100201.2937
    2740.000      -99967.7281
    2741.000     -100106.6185
    2742.000     -100341.6182
    2743.000     -100312.1217
    2744.000     -100054.5474
    2745.000      -99975.0209
    2746.000      -99654.9560
    2747.000     -100142.4723
    2748.000      -99845.2284
    2749.000     -100272.1921
    2750.000      -99924.9730
    2751.000      -99768.4878
    2752.000     -100072.1553
    2753.000     -100091.2035
    2754.000     -100271.3390
    2755.000     -100078.6485
    2756.000     -100200.4944
    2757.000     -100108.7788
    2758.000      -99950.3285
    2759.000     -100099.8681
    2760.000     -100174.2375
    2761.000     -100480.7815
    2762.000     -100069.0210
    2763.000      -99951.3791
    2764.000     -100109.9748
    2765.000      -99777.6417
    2766.000     -100013.8681
    2767.000     -100274.5178
    2768.000     -100156.9308
    2769.000     -100171.6474
    2770.000     -100232.3123
    2771.000     -100063.4977
    2772.000     -100217.1039
    2773.000     -100051.3986
    2774.000     -100146.6356
    2775.000      -99899.7526
    2776.000      -99954.7437
    2777.000     -100247.9281
    2778.000     -100378.9771
    2779.000     -100055.9476
    2780.000      -99794.4123
    2781.000      -99933.1484
    2782.000     -100010.2354
    2783.000     -100180.7511
    2784.000     -100027.4861
    2785.000     -100303.2102
    2786.000     -100188.1309
    2787.000      -99950.5260
    2788.000      -99959.1693
    2789.000      -99896.8521
    2790.000     -100179.1137
    2791.000     -100152.0672
    2792.000     -100073.1836
    2793.000     -100133.1772
    2794.000      -99988.9782
    2795.000      -99565.8473
    2796.000      -99868.0056
    2797.000     -100349.7875
    2798.000     -100182.0341
    2799.000     -100236.8709
    2800.000     -100159.7533
    2801.000     -100195.0490
    2802.000     -100086.0035
    2803.000     -100424.9354
    2804.000     -100226.9387
    2805.000     -100027.8192
    2806.000      -99783.4820
    2807.000      -99905.4529
    2808.000     -100304.2532
    2809.000     -100229.2640
    2810.000      -99917.5733
    2811.000     -100051.6110
    2812.000     -100360.1097
    2813.000     -100406.1757
    2814.000     -100256.6662
    2815.000     -100011.7108
    2816.000     -100394.2536
    2817.000     -100411.4876
    2818.000     -100326.7246
    2819.000     -100059.8160
    2820.000     -100408.8333
    2821.000     -100309.4660
    2822.000     -100008.4341
    2823.000     -100144.9569
    2824.000     -100079.1961
    2825.000      -99905.0429
    2826.000      -99788.8486
    2827.000      -99816.3244
    2828.000      -99848.1960
    2829.000     -100015.7311
    2830.000     -100084.1780
    2831.000     -100318.8893
    2832.000      -99840.7479
    2833.000     -100147.0947
    2834.000     -100297.0936
    2835.000      -99693.9781
    2836.000     -100112.8331
    2837.000     -100256.1051
    2838.000     -100272.9313
    2839.000     -100672.4560
    2840.000     -100577.9110
    2841.000     -100100.0539
    2842.000     -100163.5260
    2843.000     -100383.7286
    2844.000     -100145.5036
    2845.000     -100034.8752
    2846.000     -100214.5380
    2847.000     -100329.1479
    2848.000     -100191.5635
    2849.000     -100227.6878
    2850.000     -100102.9439
    2851.000     -100102.6373
    2852.000     -100461.5757
    2853.000      -99744.2656
    2854.000     -100168.2132
    2855.000     -100492.7480
    2856.000     -100204.5981
    2857.000      -99987.9430
    2858.000      -99914.9239
    2859.000     -100288.9613
    2860.000     -100017.4759
    2861.000     -100325.8937
    2862.000      -99920.1770
    2863.000      -99958.3931
    2864.000     -100204.8995
    2865.000     -100236.5733
    2866.000      -99677.8460
    2867.000     -100381.0358
    2868.000      -99847.4713
    2869.000      -99923.9918
    2870.000     -100264.2657
    2871.000     -100217.9652
    2872.000     -100197.1286
    2873.000      -99892.3797
    2874.000      -99871.1499
    2875.000      -99831.6410
    2876.000      -99932.5142
    2877.000     -100147.4438
    2878.000     -100104.1004
    2879.000     -100013.3576
    2880.000     -100054.9860
    2881.000     -100119.3273
    2882.000     -100408.8459
    2883.000     -100084.0163
    2884.000     -100440.2928
    2885.000     -100236.6068
    2886.000     -100068.8261
    2887.000     -100195.9558
    2888.000     -100460.9745
    2889.000      -99937.2509
    2890.000      -99969.3729
    2891.000      -99688.7174
    2892.000      -99976.2944
    2893.000     -100230.8088
    2894.000     -100216.8974
    2895.000     -100053.6319
    2896.000      -99785.9242
    2897.000      -99826.5350
    2898.000      -99938.0518
    2899.000     -100489.5348
    2900.000      -99985.6660
    2901.000     -100466.2093
    2902.000     -100099.8389
    2903.000      -99981.2668
    2904.000     -100526.7072
    2905.000     -100256.5832
    2906.000      -99854.9680
    2907.000     -100071.4222
    2908.000     -100432.8274
    2909.000     -100032.6141
    2910.000      -99859.2109
    2911.000     -100087.1554
    2912.000     -100295.3714
    2913.000     -100104.4232
    2914.000     -100250.4683
    2915.000      -99941.5200
    2916.000      -99752.5405
    2917.000      -99988.4582
    2918.000     -100123.3273
    2919.000     -100808.0061
    2920.000     -100152.4646
    2921.000     -100131.2950
    2922.000     -100139.8238
    2923.000     -100197.2581
    2924.000     -100363.9469
    2925.000      -99985.7393
    2926.000      -99937.8398
    2927.000     -100291.0672
    2928.000      -99978.0024
    2929.000     -100368.3228
    2930.000     -100216.2512
    2931.000      -99653.9506
    2932.000     -100098.3179
    2933.000     -100468.7855
    2934.000     -100254.1260
    2935.000      -99988.3483
    2936.000     -100107.2950
    2937.000     -100299.7297
    2938.000     -100130.8215
    2939.000     -100222.9460
    2940.000     -100085.1033
    2941.000     -100029.2489
    2942.000      -99917.9354
    2943.000      -99931.5541
    2944.000     -100277.1718
    2945.000     -100106.9106
    2946.000     -100093.5003
    2947.000     -100317.4171
    2948.000     -100124.7349
    2949.000     -100146.5194
    2950.000      -99995.4825
    2951.000     -100010.0505
    2952.000      -99757.4201
    2953.000     -100238.4693
    2954.000     -100443.1778
    2955.000     -100356.2990
    2956.000     -100481.8528
    2957.000      -99806.6881
    2958.000      -99829.8866
    2959.000      -99946.8303
    2960.000     -100048.8129
    2961.000     -100331.3958
    2962.000     -100117.8052
    2963.000      -99805.3620
    2964.000     -100079.0027
    2965.000     -100360.6914
    2966.000     -100025.3406
    2967.000     -100431.8724
    2968.000     -100077.2343
    2969.000     -100105.0836
    2970.000      -99822.2018
    2971.000      -99890.6096
    2972.000     -100230.1295
    2973.000     -100265.8451
    2974.000     -100136.0085
    2975.000     -100152.3762
    2976.000     -100168.8305
    2977.000      -99746.9521
    2978.000      -99783.7741
    2979.000     -100141.3900
    2980.000     -100044.6575
    2981.000      -99937.7055
    2982.000     -100174.3217
    2983.000     -100041.0404
    2984.000      -99869.9388
    2985.000      -99636.3677
    2986.000      -99684.1374
    2987.000     -100231.8912
    2988.000     -100343.6211
    2989.000     -100508.5757
    2990.000     -100241.9601
    2991.000     -100296.9684
    2992.000     -100024.1302
    2993.000     -100209.4365
    2994.000     -100272.7956
    2995.000     -100166.8739
    2996.000      -99936.6975
    2997.000     -100254.2371
    2998.000     -100208.7558
    2999.000     -100173.2006
    3000.000     -100328.4668
    3001.000      -99949.7669
    3002.000     -100028.5614
    3003.000     -100287.2055
    3004.000     -100178.7242
    3005.000     -100395.3913
    3006.000     -100018.7471
    3007.000     -100280.8878
    3008.000     -100147.0980
    3009.000     -100027.2673
    3010.000     -100242.5755
    3011.000      -99806.1688
    3012.000      -99962.0907
    3013.000     -100322.4189
    3014.000     -100166.8793
    3015.000     -100212.6670
    3016.000     -100205.2692
    3017.000     -100193.8522
    3018.000     -100129.7900
    3019.000     -100059.7932
    3020.000     -100354.4220
    3021.000      -99948.2449
    3022.000     -100067.1469
    3023.000     -100353.2268
    3024.000     -100256.8573
    3025.000     -100112.7579
    3026.000     -100185.2414
    3027.000      -99971.4175
    3028.000     -100052.8746
    3029.000     -100349.8163
    3030.000     -100232.4840
    3031.000      -99945.7233
    3032.000     -100217.3214
    3033.000     -100285.5918
    3034.000     -100364.8458
    3035.000     -100381.9057
    3036.000     -100468.2183
    3037.000     -100427.1585
    3038.000      -99761.5899
    3039.000     -100067.7150
    3040.000      -99924.2524
