     141.000   -846.2
     142.000   -498.9
     143.000   -444.0
     144.000   -532.1
     145.000    -61.4
     146.000   -184.4
     147.000    -79.5
     148.000   -141.4
     149.000    293.9
     150.000   -160.4
     151.000   -109.2
     152.000    -46.3
     153.000    -50.9
     154.000    -23.5
     155.000     93.2
     156.000   -143.4
     157.000     54.5
     158.000     39.6
     159.000    140.8
     160.000    173.8
     161.000    119.0
     162.000     90.0
     163.000    110.9
     164.000    118.8
     165.000    -96.7
     166.000      9.1
     167.000     44.2
     168.000     52.2
     169.000    168.4
     170.000     99.7
     171.000     89.0
     172.000     35.2
     173.000     93.4
     174.000    -14.0
     175.000    333.7
     176.000    -50.7
     177.000    239.5
     178.000    -44.7
     179.000   -148.8
     180.000    -53.9
     181.000   -162.9
     182.000    161.8
     183.000     90.9
     184.000    141.3
     185.000   -198.4
     186.000    130.0
     187.000    127.9
     188.000    157.8
     189.000    -90.7
     190.000    163.8
     191.000    -74.8
     192.000    -37.8
     193.000    -58.3
     194.000     23.1
     195.000    -25.2
     196.000    -60.4
     197.000    -76.1
     198.000   -156.7
     199.000     55.3
     200.000     39.7
     201.000     59.4
     202.000    -57.9
     203.000    -71.0
     204.000    107.7
     205.000    -96.5
     206.000    107.2
     207.000    -68.7
     208.000   -135.8
     209.000    -31.4
     210.000   -211.1
     211.000     31.0
     212.000    102.7
     213.000     97.8
     214.000   -131.8
     215.000    -56.1
     216.000    -64.5
     217.000    -34.8
     218.000   -138.0
     219.000   -121.1
     220.000      6.8
     221.000    125.5
     222.000   -231.9
     223.000    -37.3
     224.000     34.4
     225.000    -51.2
     226.000   -105.7
     227.000     75.2
     228.000     58.6
     229.000    -11.8
     230.000     12.4
     231.000   -150.1
     232.000    117.8
     233.000     58.0
     234.000   -197.1
     235.000     22.7
     236.000     93.9
     237.000    -38.4
     238.000    -69.7
     239.000     45.0
     240.000    -25.4
     241.000      0.5
     242.000   -172.4
     243.000    -73.1
     244.000    -58.1
     245.000     -5.9
     246.000     33.7
     247.000    -91.6
     248.000    -14.4
     249.000     61.7
     250.000    -27.5
     251.000    116.1
     252.000     -1.2
     253.000    -75.6
     254.000    -21.0
     255.000      7.8
     256.000     14.5
     257.000   -100.0
     258.000    126.1
     259.000     41.6
     260.000    127.3
     261.000    125.5
     262.000    -81.6
     263.000     52.7
     264.000     35.7
     265.000    119.3
     266.000     16.5
     267.000    123.9
     268.000     15.2
     269.000    -75.8
     270.000   -221.5
     271.000   -240.2
     272.000   -122.1
     273.000     95.1
     274.000    119.6
     275.000     83.9
     276.000    -71.4
     277.000     74.4
     278.000     52.4
     279.000    -51.3
     280.000     12.4
     281.000   -274.7
     282.000   -117.3
     283.000   -102.2
     284.000    -74.1
     285.000     78.7
     286.000     85.2
     287.000   -122.1
     288.000     52.9
     289.000     87.3
     290.000     96.7
     291.000    205.6
     292.000   -124.8
     293.000   -100.5
     294.000     57.5
     295.000   -129.2
     296.000    -46.0
     297.000    -81.1
     298.000     74.4
     299.000     -9.2
     300.000    -60.4
     301.000    123.8
     302.000    297.4
     303.000    -10.5
     304.000   -211.5
     305.000    159.6
     306.000    -73.7
     307.000    -58.8
     308.000     85.5
     309.000   -160.0
     310.000    -73.5
     311.000     75.2
     312.000    113.9
     313.000    128.3
     314.000    -26.2
     315.000    -70.0
     316.000    -99.8
     317.000    -87.4
     318.000    194.3
     319.000    -81.3
     320.000    145.0
     321.000   -166.9
     322.000    -38.7
     323.000   -166.2
     324.000     50.5
     325.000      5.8
     326.000   -103.0
     327.000    -11.1
     328.000     -0.6
     329.000     73.5
     330.000    -96.2
     331.000    -18.0
     332.000    -61.8
     333.000    184.8
     334.000    -33.2
     335.000    243.2
     336.000     82.5
     337.000    -41.1
     338.000   -243.9
     339.000     72.4
     340.000    -76.9
     341.000    -38.4
     342.000   -141.8
     343.000    140.6
     344.000   -114.7
     345.000    -62.1
     346.000    -89.5
     347.000   -242.8
     348.000   -122.7
     349.000    193.7
     350.000    -89.4
     351.000     81.5
     352.000     16.1
     353.000    130.3
     354.000   -152.8
     355.000    114.7
     356.000    233.4
     357.000   -120.7
     358.000    -46.0
     359.000     88.2
     360.000    159.8
     361.000     67.3
     362.000    -42.6
     363.000    209.6
     364.000     22.6
     365.000   -159.4
     366.000    -15.4
     367.000    252.4
     368.000    -27.6
     369.000     68.5
     370.000     47.3
     371.000   -173.6
     372.000     60.0
     373.000    -12.6
     374.000    -54.5
     375.000    131.5
     376.000    -87.5
     377.000    -51.3
     378.000    195.8
     379.000     54.3
     380.000    -18.2
     381.000    172.9
     382.000   -106.1
     383.000     26.1
     384.000   -225.7
     385.000   -317.8
     386.000   -294.5
     387.000     46.9
     388.000    -53.1
     389.000     62.3
     390.000    -54.8
     391.000    -11.5
     392.000    -29.9
     393.000    162.2
     394.000     23.7
     395.000    221.1
     396.000    -40.8
     397.000   -119.8
     398.000   -220.9
     399.000     55.6
     400.000   -161.1
     401.000     88.9
     402.000    104.4
     403.000    136.2
     404.000   -165.8
     405.000    -40.0
     406.000    101.1
     407.000    163.3
     408.000      6.3
     409.000   -123.8
     410.000     40.5
     411.000   -212.5
     412.000     10.1
     413.000    -70.6
     414.000     40.8
     415.000    -81.7
     416.000    166.4
     417.000     43.9
     418.000     39.1
     419.000     -2.5
     420.000     25.4
     421.000    -60.5
     422.000    174.8
     423.000   -139.6
     424.000   -300.5
     425.000    -65.2
     426.000    261.1
     427.000     51.2
     428.000    176.9
     429.000    153.6
     430.000    -16.6
     431.000     35.3
     432.000     25.7
     433.000     11.8
     434.000   -234.8
     435.000      4.2
     436.000    136.4
     437.000    -93.5
     438.000   -144.8
     439.000    211.2
     440.000    -18.8
     441.000    -19.7
     442.000   -131.9
     443.000    -95.2
     444.000   -137.7
     445.000     71.6
     446.000      0.0
     447.000    -14.0
     448.000   -132.8
     449.000    -42.4
     450.000    -78.7
     451.000   -100.8
     452.000   -125.6
     453.000   -132.4
     454.000    -25.0
     455.000    -50.8
     456.000    -61.3
     457.000   -122.5
     458.000      3.4
     459.000     74.6
     460.000    192.3
     461.000     28.7
     462.000    -44.9
     463.000   -221.4
     464.000    -47.5
     465.000     43.8
     466.000   -182.5
     467.000     -9.2
     468.000   -250.9
     469.000    -69.8
     470.000    129.2
     471.000    263.9
     472.000     52.2
     473.000    115.5
     474.000    -43.5
     475.000     69.2
     476.000     46.4
     477.000   -239.7
     478.000   -272.4
     479.000   -208.2
     480.000    153.7
     481.000    201.2
     482.000    149.1
     483.000     59.4
     484.000     42.2
     485.000   -111.3
     486.000    -49.0
     487.000     38.3
     488.000     79.2
     489.000    -93.5
     490.000    127.0
     491.000   -198.8
     492.000     31.3
     493.000     31.6
     494.000    -27.4
     495.000     61.4
     496.000    -18.7
     497.000    138.2
     498.000    121.2
     499.000     11.7
     500.000    -48.2
     501.000   -149.2
     502.000     54.2
     503.000   -156.4
     504.000    -66.6
     505.000   -100.9
     506.000   -260.0
     507.000   -148.2
     508.000    -39.1
     509.000     46.3
     510.000     30.7
     511.000    -87.5
     512.000    -13.4
     513.000    -40.1
     514.000     35.3
     515.000     -7.5
     516.000    -33.2
     517.000    321.3
     518.000     -2.1
     519.000    -97.3
     520.000   -218.5
     521.000    -41.2
     522.000     22.3
     523.000     81.6
     524.000    192.8
     525.000    102.1
     526.000    -48.8
     527.000    -88.7
     528.000    -94.2
     529.000    111.7
     530.000    316.7
     531.000    -75.8
     532.000     41.4
     533.000     84.2
     534.000   -239.8
     535.000    200.6
     536.000     63.0
     537.000     74.6
     538.000    165.8
     539.000     26.1
     540.000   -217.6
     541.000    137.7
     542.000     68.9
     543.000   -326.5
     544.000    115.0
     545.000     49.3
     546.000    -21.9
     547.000    -45.7
     548.000    -21.1
     549.000   -112.0
     550.000     -1.3
     551.000     64.0
     552.000    195.4
     553.000    -31.3
     554.000     88.7
     555.000     41.0
     556.000    134.7
     557.000    -58.6
     558.000     58.1
     559.000     52.3
     560.000     10.8
     561.000    200.6
     562.000     27.5
     563.000    -23.5
     564.000     -3.9
     565.000     81.4
     566.000     51.3
     567.000    -92.3
     568.000    205.9
     569.000     79.3
     570.000    -73.7
     571.000    -98.7
     572.000    -43.4
     573.000    -25.8
     574.000   -288.4
     575.000    -76.9
     576.000     57.9
     577.000    -29.4
     578.000    400.6
     579.000     -0.8
     580.000     56.4
     581.000    145.0
     582.000     99.5
     583.000    113.5
     584.000    123.0
     585.000    286.4
     586.000     28.7
     587.000    134.7
     588.000     94.2
     589.000    107.1
     590.000     -4.7
     591.000     93.8
     592.000   -197.1
     593.000   -101.4
     594.000     15.7
     595.000   -170.2
     596.000   -146.0
     597.000   -183.9
     598.000   -102.5
     599.000    -51.9
     600.000     71.9
     601.000     68.3
     602.000    -68.9
     603.000    -85.1
     604.000    -91.3
     605.000    -41.6
     606.000   -288.8
     607.000     -1.1
     608.000    125.4
     609.000     65.0
     610.000     28.5
     611.000   -138.5
     612.000    -61.2
     613.000     84.1
     614.000   -156.3
     615.000    -19.9
     616.000    -27.2
     617.000    -14.4
     618.000     -7.8
     619.000    -48.4
     620.000    -51.9
     621.000    -99.5
     622.000    114.2
     623.000     29.6
     624.000    161.3
     625.000   -150.6
     626.000     55.5
     627.000    -14.5
     628.000   -190.9
     629.000    -93.1
     630.000   -179.9
     631.000     12.5
     632.000     67.7
     633.000    -96.2
     634.000   -134.0
     635.000     -3.3
     636.000    121.7
     637.000   -191.9
     638.000    295.8
     639.000    168.9
     640.000    -84.8
     641.000    -53.6
     642.000     25.8
     643.000     55.0
     644.000     39.0
     645.000     89.5
     646.000     11.9
     647.000    -83.8
     648.000     90.3
     649.000   -197.5
     650.000    224.1
     651.000   -137.0
     652.000    136.7
     653.000     54.5
     654.000     45.7
     655.000   -110.9
     656.000   -129.4
     657.000    192.9
     658.000   -142.1
     659.000    337.5
     660.000   -163.5
     661.000   -160.4
     662.000   -154.7
     663.000    -51.2
     664.000    257.9
     665.000   -122.0
     666.000    133.7
     667.000    -68.4
     668.000    -47.9
     669.000    323.0
     670.000    -20.4
     671.000   -120.5
     672.000   -107.1
     673.000    160.0
     674.000   -235.5
     675.000     65.4
     676.000     19.9
     677.000    -86.5
     678.000    252.2
     679.000    -46.0
     680.000     59.5
     681.000    202.8
     682.000    317.7
     683.000     42.6
     684.000     34.7
     685.000    -75.7
     686.000    106.0
     687.000     53.9
     688.000    104.8
     689.000    176.0
     690.000    -18.2
     691.000    -26.0
     692.000    -80.5
     693.000      0.3
     694.000   -116.0
     695.000     44.7
     696.000    -44.7
     697.000     69.0
     698.000     -1.0
     699.000   -109.8
     700.000   -128.4
     701.000    -39.8
     702.000   -119.3
     703.000   -111.1
     704.000   -185.3
     705.000     21.8
     706.000    189.5
     707.000     82.2
     708.000    -16.7
     709.000    109.9
     710.000    -65.8
     711.000    222.6
     712.000     28.5
     713.000     63.0
     714.000    173.0
     715.000    234.4
     716.000    117.7
     717.000    -63.6
     718.000   -108.8
     719.000    125.5
     720.000   -217.7
     721.000    -76.8
     722.000    -29.3
     723.000   -227.0
     724.000    -44.6
     725.000    -61.6
     726.000    -44.4
     727.000    185.9
     728.000    -75.3
     729.000    183.1
     730.000    179.0
     731.000     47.2
     732.000    -78.0
     733.000    283.5
     734.000    -37.6
     735.000     36.2
     736.000   -147.9
     737.000      8.5
     738.000    101.3
     739.000    199.6
     740.000    -31.4
     741.000     33.6
     742.000   -304.9
     743.000      4.9
     744.000   -180.0
     745.000   -128.4
     746.000   -208.1
     747.000    117.2
     748.000   -222.2
     749.000      9.7
     750.000     46.2
     751.000    -75.8
     752.000    267.9
     753.000     -9.0
     754.000   -247.1
     755.000    -98.7
     756.000     -9.3
     757.000    248.7
     758.000    -44.2
     759.000    -89.3
     760.000     56.1
     761.000     -7.8
     762.000     71.3
     763.000    119.6
     764.000   -217.9
     765.000   -196.8
     766.000    108.9
     767.000     28.3
     768.000   -111.2
     769.000     77.9
     770.000     76.2
     771.000     10.9
     772.000    -39.0
     773.000   -122.2
     774.000    -75.6
     775.000     43.7
     776.000    133.6
     777.000   -115.3
     778.000      5.9
     779.000     55.4
     780.000    -20.7
     781.000     31.0
     782.000     24.8
     783.000    -50.1
     784.000     19.9
     785.000    -59.4
     786.000   -207.4
     787.000      3.9
     788.000    -17.8
     789.000      9.4
     790.000    -24.2
     791.000   -181.3
     792.000    -65.0
     793.000    181.0
     794.000   -175.4
     795.000    134.0
     796.000     49.8
     797.000     64.8
     798.000    109.7
     799.000     76.5
     800.000    -43.5
     801.000    -59.4
     802.000   -212.2
     803.000     71.7
     804.000     67.0
     805.000     52.9
     806.000    -11.7
     807.000    343.4
     808.000    110.7
     809.000    111.1
     810.000     28.6
     811.000    114.6
     812.000    117.7
     813.000     91.7
     814.000   -125.5
     815.000   -136.3
     816.000    118.2
     817.000   -110.4
     818.000   -113.8
     819.000    -45.4
     820.000    -23.9
     821.000     93.8
     822.000     29.2
     823.000    109.3
     824.000   -107.0
     825.000     38.5
     826.000    -32.3
     827.000   -132.6
     828.000     58.9
     829.000    -72.1
     830.000    -35.3
     831.000   -235.1
     832.000    -46.0
     833.000   -110.9
     834.000    139.3
     835.000    134.0
     836.000     84.5
     837.000   -113.7
     838.000     27.9
     839.000    236.8
     840.000     10.3
     841.000   -145.6
     842.000    -58.5
     843.000   -148.8
     844.000   -138.4
     845.000    138.1
     846.000   -170.7
     847.000     85.3
     848.000   -130.8
     849.000     41.4
     850.000    -45.0
     851.000   -110.0
     852.000    129.3
     853.000    -60.0
     854.000    110.7
     855.000   -227.8
     856.000   -116.3
     857.000    145.1
     858.000    105.9
     859.000   -180.1
     860.000   -119.4
     861.000     -1.8
     862.000    -50.7
     863.000    175.9
     864.000     50.9
     865.000     33.9
     866.000     14.3
     867.000   -108.8
     868.000    126.8
     869.000     14.5
     870.000    -19.1
     871.000     43.9
     872.000    196.4
     873.000    106.6
     874.000   -112.6
     875.000     11.4
     876.000    -72.5
     877.000   -185.5
     878.000    -10.5
     879.000      8.6
     880.000     35.4
     881.000    -32.8
     882.000     94.4
     883.000    214.0
     884.000    220.2
     885.000     17.0
     886.000   -135.3
     887.000    104.5
     888.000     52.5
     889.000   -104.1
     890.000     32.0
     891.000   -208.2
     892.000    -58.3
     893.000    -95.2
     894.000    140.9
     895.000   -183.9
     896.000   -119.9
     897.000     18.5
     898.000   -139.2
     899.000    -87.3
     900.000    -93.1
     901.000    -52.9
     902.000    174.5
     903.000    -93.0
     904.000   -120.9
     905.000    -91.2
     906.000    -28.3
     907.000    144.4
     908.000     53.2
     909.000    -82.6
     910.000    -25.3
     911.000     16.2
     912.000    -25.8
     913.000    -27.0
     914.000    116.1
     915.000   -154.2
     916.000    -33.9
     917.000    -40.0
     918.000    -50.9
     919.000    -44.7
     920.000     41.0
     921.000   -123.7
     922.000    -46.1
     923.000     50.1
     924.000    -88.4
     925.000    -60.9
     926.000   -129.9
     927.000    -65.6
     928.000    105.0
     929.000     46.5
     930.000     20.1
     931.000    165.0
     932.000    -64.0
     933.000     43.1
     934.000    -71.3
     935.000    -48.3
     936.000    112.2
     937.000    -91.1
     938.000      5.4
     939.000     92.4
     940.000    164.8
     941.000   -178.6
     942.000    -63.6
     943.000     10.0
     944.000    242.6
     945.000     -2.5
     946.000    207.7
     947.000     89.9
     948.000    -61.6
     949.000    112.5
     950.000    249.0
     951.000    218.9
     952.000   -210.0
     953.000    125.8
     954.000   -176.9
     955.000     52.7
     956.000    109.6
     957.000   -183.3
     958.000   -190.5
     959.000    116.3
     960.000     91.8
     961.000     60.4
     962.000     68.8
     963.000   -175.0
     964.000     21.8
     965.000   -218.4
     966.000    263.9
     967.000    -50.1
     968.000     34.1
     969.000      2.8
     970.000   -142.7
     971.000     51.7
     972.000    -16.7
     973.000      2.4
     974.000     88.3
     975.000      9.5
     976.000    -24.0
     977.000     48.7
     978.000    146.4
     979.000   -140.3
     980.000    -82.8
     981.000     40.7
     982.000     32.1
     983.000    118.5
     984.000    130.6
     985.000    -73.8
     986.000   -233.0
     987.000   -162.7
     988.000     17.5
     989.000    110.8
     990.000     41.4
     991.000    166.8
     992.000     66.6
     993.000   -249.4
     994.000     39.6
     995.000     20.3
     996.000     38.6
     997.000     60.0
     998.000   -157.6
     999.000   -107.3
    1000.000   -233.4
    1001.000   -250.5
    1002.000    193.3
    1003.000   -177.5
    1004.000    -59.7
    1005.000   -176.0
    1006.000     99.0
    1007.000    100.1
    1008.000    -86.7
    1009.000     21.3
    1010.000    143.1
    1011.000    -16.1
    1012.000    147.9
    1013.000    -64.7
    1014.000     97.4
    1015.000     -6.3
    1016.000     98.1
    1017.000     12.7
    1018.000     23.9
    1019.000    118.7
    1020.000    -38.9
    1021.000    -71.6
    1022.000   -112.9
    1023.000     19.2
    1024.000     23.6
    1025.000     -3.6
    1026.000    100.4
    1027.000    -23.3
    1028.000   -137.7
    1029.000    -10.3
    1030.000    -78.0
    1031.000     52.9
    1032.000    160.1
    1033.000    -46.9
    1034.000     10.3
    1035.000    176.0
    1036.000    -40.8
    1037.000     54.8
    1038.000    -79.8
    1039.000    -27.5
    1040.000     37.3
    1041.000     57.6
    1042.000     25.7
    1043.000    -97.5
    1044.000    -88.4
    1045.000     13.4
    1046.000    123.7
    1047.000   -120.9
    1048.000    -39.9
    1049.000    176.0
    1050.000    -94.4
    1051.000    220.1
    1052.000    173.6
    1053.000   -205.2
    1054.000    -37.0
    1055.000   -115.4
    1056.000    -18.6
    1057.000    -98.7
    1058.000   -173.0
    1059.000   -120.0
    1060.000   -208.2
    1061.000   -107.0
    1062.000    119.9
    1063.000    -94.4
    1064.000   -214.4
    1065.000    -51.1
    1066.000   -116.1
    1067.000     16.7
    1068.000     60.4
    1069.000     71.2
    1070.000    218.3
    1071.000     -2.6
    1072.000   -119.3
    1073.000    -94.9
    1074.000    -74.2
    1075.000      9.3
    1076.000    154.3
    1077.000   -150.3
    1078.000    106.2
    1079.000     87.2
    1080.000     29.7
    1081.000     47.4
    1082.000     -6.3
    1083.000     33.7
    1084.000     12.5
    1085.000    -54.6
    1086.000     95.8
    1087.000    250.9
    1088.000    154.5
    1089.000    199.1
    1090.000     77.2
    1091.000   -294.7
    1092.000      0.1
    1093.000    -33.3
    1094.000     76.1
    1095.000    -93.1
    1096.000     66.8
    1097.000    166.8
    1098.000    -50.5
    1099.000   -160.5
    1100.000     50.0
    1101.000    170.6
    1102.000    133.1
    1103.000    123.9
    1104.000    158.3
    1105.000   -219.2
    1106.000     99.9
    1107.000    -99.2
    1108.000    -70.9
    1109.000    173.7
    1110.000    -54.1
    1111.000     -3.7
    1112.000    -70.8
    1113.000    155.5
    1114.000   -142.6
    1115.000     81.1
    1116.000    144.5
    1117.000    222.6
    1118.000    -56.0
    1119.000      9.6
    1120.000    -43.8
    1121.000    -23.9
    1122.000    -36.9
    1123.000     88.4
    1124.000     72.7
    1125.000     64.1
    1126.000   -138.8
    1127.000   -297.0
    1128.000   -182.5
    1129.000   -101.6
    1130.000    226.0
    1131.000     32.6
    1132.000     34.5
    1133.000    -84.2
    1134.000    -82.9
    1135.000   -104.4
    1136.000     -4.7
    1137.000     28.5
    1138.000    -60.7
    1139.000     12.4
    1140.000    134.0
    1141.000    -74.6
    1142.000   -226.3
    1143.000    -28.7
    1144.000    -99.9
    1145.000     41.1
    1146.000    -69.2
    1147.000      3.6
    1148.000    -21.8
    1149.000   -127.8
    1150.000    -35.6
    1151.000   -110.1
    1152.000      4.4
    1153.000    223.9
    1154.000      8.3
    1155.000    -33.7
    1156.000   -108.5
    1157.000     70.3
    1158.000   -156.7
    1159.000   -162.9
    1160.000    -99.8
    1161.000    141.6
    1162.000   -188.1
    1163.000     39.3
    1164.000      2.2
    1165.000   -108.0
    1166.000     75.4
    1167.000    -83.3
    1168.000     53.5
    1169.000    -65.9
    1170.000     95.8
    1171.000   -200.7
    1172.000    -13.0
    1173.000    -51.6
    1174.000   -112.2
    1175.000    123.1
    1176.000    -96.9
    1177.000    -38.4
    1178.000     37.9
    1179.000    126.4
    1180.000    127.0
    1181.000    -79.0
    1182.000   -178.7
    1183.000     46.5
    1184.000      4.1
    1185.000   -162.4
    1186.000     88.0
    1187.000    114.8
    1188.000   -130.8
    1189.000   -152.0
    1190.000     68.5
    1191.000     -9.5
    1192.000     -9.4
    1193.000    201.4
    1194.000    113.3
    1195.000     45.8
    1196.000    -42.6
    1197.000     16.1
    1198.000    197.2
    1199.000    -33.5
    1200.000   -159.6
    1201.000     62.4
    1202.000    151.5
    1203.000   -259.5
    1204.000     75.8
    1205.000    103.1
    1206.000     -8.7
    1207.000     90.6
    1208.000    -38.0
    1209.000   -203.8
    1210.000   -124.9
    1211.000    112.6
    1212.000     64.3
    1213.000    118.4
    1214.000    -47.9
    1215.000     13.7
    1216.000     95.8
    1217.000    106.9
    1218.000    -65.7
    1219.000    -63.4
    1220.000      5.7
    1221.000    -19.2
    1222.000   -147.5
    1223.000     -0.2
    1224.000     74.8
    1225.000     70.1
    1226.000    -82.4
    1227.000   -173.6
    1228.000    -57.9
    1229.000    243.7
    1230.000    -51.2
    1231.000   -156.1
    1232.000   -158.1
    1233.000      5.9
    1234.000    -21.3
    1235.000    -25.0
    1236.000    158.4
    1237.000   -179.5
    1238.000     63.2
    1239.000     98.3
    1240.000    -31.6
    1241.000   -183.5
    1242.000     65.4
    1243.000     45.1
    1244.000    -70.2
    1245.000     70.7
    1246.000    190.6
    1247.000    172.1
    1248.000    -29.9
    1249.000   -159.7
    1250.000     54.1
    1251.000     40.2
    1252.000     10.4
    1253.000      7.2
    1254.000     18.7
    1255.000     24.3
    1256.000     35.1
    1257.000    -90.3
    1258.000   -103.8
    1259.000      2.6
    1260.000     41.8
    1261.000     73.8
    1262.000    222.2
    1263.000     16.2
    1264.000     27.7
    1265.000     -2.8
    1266.000    162.2
    1267.000     89.2
    1268.000     44.2
    1269.000      3.8
    1270.000    -44.7
    1271.000    -16.8
    1272.000    145.0
    1273.000    -86.0
    1274.000     36.3
    1275.000     -2.9
    1276.000     77.0
    1277.000     14.2
    1278.000    -56.3
    1279.000     64.3
    1280.000    -86.7
    1281.000     21.3
    1282.000    154.8
    1283.000     40.0
    1284.000    152.9
    1285.000    113.6
    1286.000   -210.6
    1287.000   -141.0
    1288.000     92.7
    1289.000   -149.7
    1290.000   -329.0
    1291.000     -8.4
    1292.000   -146.3
    1293.000    150.7
    1294.000   -223.0
    1295.000   -174.1
    1296.000    106.2
    1297.000    -84.7
    1298.000     20.3
    1299.000    -67.9
    1300.000     70.6
    1301.000    -25.4
    1302.000   -188.6
    1303.000   -135.2
    1304.000   -127.9
    1305.000      6.4
    1306.000    250.3
    1307.000     10.8
    1308.000    145.1
    1309.000     95.2
    1310.000    142.2
    1311.000     83.1
    1312.000   -169.7
    1313.000     85.2
    1314.000    112.7
    1315.000    108.4
    1316.000     42.6
    1317.000   -175.7
    1318.000    139.5
    1319.000     31.5
    1320.000     49.1
    1321.000     20.5
    1322.000   -131.9
    1323.000    -72.0
    1324.000    -77.1
    1325.000    171.4
    1326.000    -46.9
    1327.000     64.0
    1328.000      4.5
    1329.000     21.1
    1330.000   -108.3
    1331.000    108.7
    1332.000    183.5
    1333.000     22.8
    1334.000     71.3
    1335.000    -62.1
    1336.000     26.8
    1337.000     34.4
    1338.000    -47.1
    1339.000     85.3
    1340.000    -74.6
    1341.000   -176.1
    1342.000    164.5
    1343.000     16.1
    1344.000     95.2
    1345.000    164.9
    1346.000   -126.7
    1347.000    113.3
    1348.000     72.3
    1349.000    125.6
    1350.000     10.6
    1351.000     75.9
    1352.000    223.2
    1353.000     76.6
    1354.000    -33.7
    1355.000   -103.5
    1356.000    -89.1
    1357.000    -32.3
    1358.000    103.5
    1359.000   -168.2
    1360.000     10.6
    1361.000    111.0
    1362.000    111.3
    1363.000     25.1
    1364.000     67.3
    1365.000    -89.2
    1366.000    -43.3
    1367.000    -19.9
    1368.000     20.4
    1369.000    -50.4
    1370.000    241.3
    1371.000    113.9
    1372.000    123.2
    1373.000     42.7
    1374.000    -49.9
    1375.000    -28.2
    1376.000    -62.5
    1377.000    105.9
    1378.000     34.6
    1379.000    -59.9
    1380.000    -55.3
    1381.000     64.1
    1382.000     44.4
    1383.000    221.6
    1384.000    -69.2
    1385.000     40.2
    1386.000   -151.8
    1387.000   -104.2
    1388.000    -28.6
    1389.000     99.5
    1390.000    -49.9
    1391.000     -6.5
    1392.000     42.1
    1393.000    -96.8
    1394.000    -97.5
    1395.000    -24.8
    1396.000     69.2
    1397.000    158.5
    1398.000    -25.9
    1399.000     94.5
    1400.000   -157.5
    1401.000    -65.5
    1402.000    201.0
    1403.000    178.0
    1404.000    -52.6
    1405.000   -231.9
    1406.000     80.0
    1407.000    -10.8
    1408.000   -154.6
    1409.000    -32.7
    1410.000    -61.3
    1411.000   -169.2
    1412.000    125.3
    1413.000   -136.6
    1414.000   -202.5
    1415.000    -37.9
    1416.000      5.1
    1417.000     30.0
    1418.000   -133.8
    1419.000   -187.4
    1420.000    185.2
    1421.000    -68.6
    1422.000    -45.7
    1423.000    269.9
    1424.000   -109.6
    1425.000    112.3
    1426.000   -229.8
    1427.000    112.9
    1428.000     29.6
    1429.000     60.2
    1430.000    299.9
    1431.000     15.8
    1432.000    -74.2
    1433.000   -114.3
    1434.000     52.5
    1435.000    -79.3
    1436.000    101.6
    1437.000    -87.5
    1438.000     13.5
    1439.000    225.6
    1440.000     11.4
    1441.000    -90.2
    1442.000      0.8
    1443.000   -164.4
    1444.000    -98.6
    1445.000     90.1
    1446.000     47.0
    1447.000     40.7
    1448.000     37.5
    1449.000    205.0
    1450.000    -64.0
    1451.000    -70.0
    1452.000    323.1
    1453.000    -60.8
    1454.000    104.9
    1455.000    135.5
    1456.000    -62.1
    1457.000    377.0
    1458.000    145.2
    1459.000    -43.1
    1460.000     25.2
    1461.000     -3.8
    1462.000   -181.0
    1463.000    -34.9
    1464.000    -99.4
    1465.000    182.4
    1466.000    -52.4
    1467.000   -118.6
    1468.000    129.2
    1469.000   -167.7
    1470.000    144.4
    1471.000     -4.8
    1472.000    281.1
    1473.000     19.9
    1474.000     21.3
    1475.000    218.8
    1476.000   -123.5
    1477.000      1.8
    1478.000    -78.1
    1479.000     59.3
    1480.000   -192.6
    1481.000    -72.5
    1482.000     31.2
    1483.000     14.2
    1484.000    -91.6
    1485.000    191.7
    1486.000     59.9
    1487.000     41.9
    1488.000     55.1
    1489.000   -175.8
    1490.000    -31.8
    1491.000    -89.6
    1492.000    -17.1
    1493.000   -230.8
    1494.000    114.3
    1495.000   -128.6
    1496.000     89.1
    1497.000    -56.3
    1498.000     10.3
    1499.000      3.8
    1500.000     87.2
    1501.000   -174.3
    1502.000   -182.3
    1503.000    -34.7
    1504.000    132.5
    1505.000     54.3
    1506.000    -41.9
    1507.000    -21.5
    1508.000    211.9
    1509.000    -74.4
    1510.000    -25.0
    1511.000    -24.1
    1512.000      4.7
    1513.000     20.0
    1514.000    -52.1
    1515.000     51.2
    1516.000   -103.9
    1517.000     39.1
    1518.000   -212.8
    1519.000     -2.1
    1520.000    -23.7
    1521.000    -29.8
    1522.000    -11.2
    1523.000    108.2
    1524.000      5.9
    1525.000     33.6
    1526.000     27.7
    1527.000   -164.5
    1528.000     23.4
    1529.000   -107.6
    1530.000     43.1
    1531.000    249.5
    1532.000   -182.2
    1533.000    -50.9
    1534.000    154.0
    1535.000    -49.4
    1536.000     63.8
    1537.000    131.8
    1538.000    -60.2
    1539.000     86.5
    1540.000     88.2
    1541.000   -191.8
    1542.000   -188.8
    1543.000      9.2
    1544.000    -93.9
    1545.000    156.7
    1546.000    131.2
    1547.000     74.2
    1548.000    -13.4
    1549.000    -12.7
    1550.000   -115.9
    1551.000    -19.8
    1552.000    -23.2
    1553.000     99.9
    1554.000    -13.2
    1555.000    100.1
    1556.000    121.4
    1557.000     71.8
    1558.000     22.6
    1559.000    202.3
    1560.000   -217.4
    1561.000   -262.4
    1562.000    -97.4
    1563.000     31.5
    1564.000     41.4
    1565.000     95.3
    1566.000    -31.1
    1567.000    374.3
    1568.000   -239.8
    1569.000     98.4
    1570.000   -154.6
    1571.000    112.7
    1572.000     76.1
    1573.000   -105.2
    1574.000   -106.1
    1575.000    207.8
    1576.000     49.8
    1577.000   -122.7
    1578.000    -98.9
    1579.000    -60.9
    1580.000    178.8
    1581.000    -19.7
    1582.000     23.7
    1583.000    -59.7
    1584.000     28.3
    1585.000     50.4
    1586.000    -41.1
    1587.000     48.8
    1588.000     28.2
    1589.000   -106.4
    1590.000   -241.5
    1591.000     85.3
    1592.000    -16.6
    1593.000     64.7
    1594.000   -185.9
    1595.000    -56.3
    1596.000    -83.8
    1597.000   -122.9
    1598.000    -18.0
    1599.000   -180.8
    1600.000     -5.4
    1601.000    127.1
    1602.000   -111.3
    1603.000     24.2
    1604.000     47.9
    1605.000     65.5
    1606.000   -128.6
    1607.000     96.8
    1608.000    -46.5
    1609.000   -210.6
    1610.000    -56.3
    1611.000     34.2
    1612.000   -112.5
    1613.000    -28.4
    1614.000   -171.2
    1615.000    127.1
    1616.000     27.6
    1617.000   -188.5
    1618.000     38.6
    1619.000   -113.0
    1620.000    154.0
    1621.000     82.0
    1622.000   -215.6
    1623.000    -38.4
    1624.000    -86.9
    1625.000    -63.7
    1626.000      2.2
    1627.000     89.9
    1628.000     -7.2
    1629.000     60.1
    1630.000    -75.5
    1631.000    -99.5
    1632.000    209.7
    1633.000   -114.4
    1634.000     -6.5
    1635.000     24.0
    1636.000    191.2
    1637.000   -127.4
    1638.000     24.0
    1639.000      6.4
    1640.000   -102.8
    1641.000   -190.8
    1642.000   -181.5
    1643.000   -161.0
    1644.000   -139.0
    1645.000     19.9
    1646.000     -2.9
    1647.000   -245.8
    1648.000    -35.7
    1649.000     88.0
    1650.000     60.7
    1651.000    -21.3
    1652.000    117.7
    1653.000     16.6
    1654.000    103.8
    1655.000    -26.0
    1656.000    172.0
    1657.000     19.7
    1658.000     49.1
    1659.000     11.6
    1660.000   -259.8
    1661.000    -32.8
    1662.000     -7.6
    1663.000   -110.3
    1664.000     13.2
    1665.000   -140.5
    1666.000   -169.5
    1667.000    106.5
    1668.000     -9.4
    1669.000      1.1
    1670.000     -4.5
    1671.000    -48.1
    1672.000     49.0
    1673.000      6.7
    1674.000   -223.6
    1675.000    -22.6
    1676.000    149.0
    1677.000   -211.1
    1678.000   -123.3
    1679.000    114.3
    1680.000     -6.1
    1681.000    108.1
    1682.000   -188.3
    1683.000   -120.5
    1684.000     -2.0
    1685.000     29.9
    1686.000     30.2
    1687.000    176.3
    1688.000   -178.4
    1689.000      5.4
    1690.000   -154.6
    1691.000     -2.4
    1692.000     87.1
    1693.000    -82.2
    1694.000     83.1
    1695.000     27.4
    1696.000     48.3
    1697.000    -44.7
    1698.000    -31.8
    1699.000   -200.7
    1700.000    129.1
    1701.000      4.1
    1702.000   -161.4
    1703.000   -297.6
    1704.000   -154.7
    1705.000   -210.4
    1706.000     46.3
    1707.000   -135.9
    1708.000     -5.7
    1709.000     46.8
    1710.000     60.3
    1711.000   -106.2
    1712.000    207.0
    1713.000    -65.5
    1714.000   -282.7
    1715.000   -196.3
    1716.000    -86.7
    1717.000   -147.8
    1718.000    -92.2
    1719.000    -32.6
    1720.000    -36.3
    1721.000     29.9
    1722.000     13.1
    1723.000     60.8
    1724.000     -3.3
    1725.000     51.0
    1726.000     60.8
    1727.000     48.1
    1728.000    -18.9
    1729.000    330.4
    1730.000    248.4
    1731.000    154.9
    1732.000   -137.1
    1733.000    176.5
    1734.000    -49.5
    1735.000     66.1
    1736.000     63.2
    1737.000    186.0
    1738.000     71.3
    1739.000    204.9
    1740.000    -91.1
    1741.000    -54.5
    1742.000     38.9
    1743.000   -138.7
    1744.000    104.0
    1745.000    158.1
    1746.000     28.0
    1747.000   -166.0
    1748.000    -63.7
    1749.000     26.6
    1750.000    236.2
    1751.000    -14.6
    1752.000      7.8
    1753.000   -143.3
    1754.000     88.5
    1755.000    117.3
    1756.000    119.5
    1757.000     -2.4
    1758.000    118.8
    1759.000    165.3
    1760.000   -123.1
    1761.000     97.3
    1762.000   -147.3
    1763.000    -54.6
    1764.000     25.9
    1765.000    244.4
    1766.000     30.5
    1767.000     -9.6
    1768.000    186.5
    1769.000    152.2
    1770.000    -73.6
    1771.000    115.9
    1772.000    -68.0
    1773.000    166.7
    1774.000     96.3
    1775.000    -47.3
    1776.000     -1.3
    1777.000     75.4
    1778.000   -243.0
    1779.000     16.0
    1780.000     33.8
    1781.000     -8.8
    1782.000    -90.8
    1783.000      9.2
    1784.000    -82.1
    1785.000   -180.6
    1786.000     88.1
    1787.000     14.5
    1788.000   -257.6
    1789.000   -120.3
    1790.000    -31.9
    1791.000    139.2
    1792.000    193.8
    1793.000   -135.0
    1794.000    -42.9
    1795.000     93.8
    1796.000     55.1
    1797.000     90.6
    1798.000    178.8
    1799.000    203.6
    1800.000   -121.5
    1801.000    213.0
    1802.000     43.8
    1803.000   -126.3
    1804.000    -75.3
    1805.000    -99.0
    1806.000    -97.1
    1807.000     -4.8
    1808.000    157.7
    1809.000    -76.9
    1810.000   -208.2
    1811.000    -11.1
    1812.000    -17.1
    1813.000     54.3
    1814.000   -125.6
    1815.000    143.7
    1816.000    217.4
    1817.000     -7.3
    1818.000   -206.6
    1819.000    -93.7
    1820.000     11.6
    1821.000    158.2
    1822.000   -190.1
    1823.000    -55.7
    1824.000    -58.1
    1825.000     58.4
    1826.000    238.8
    1827.000   -121.7
    1828.000    -47.1
    1829.000   -124.0
    1830.000    326.7
    1831.000   -191.4
    1832.000     72.9
    1833.000    149.6
    1834.000     65.2
    1835.000    -37.2
    1836.000     38.3
    1837.000    -15.9
    1838.000    157.0
    1839.000    -53.8
    1840.000   -223.5
    1841.000   -176.2
    1842.000    -64.7
    1843.000   -138.1
    1844.000    -49.0
    1845.000    -50.5
    1846.000    -72.5
    1847.000    -41.4
    1848.000    164.2
    1849.000    221.5
    1850.000   -138.9
    1851.000    272.8
    1852.000    166.8
    1853.000    -56.0
    1854.000   -208.1
    1855.000     -3.8
    1856.000    -56.9
    1857.000    -33.1
    1858.000     66.0
    1859.000     91.0
    1860.000     48.2
    1861.000     21.5
    1862.000     81.9
    1863.000     45.0
    1864.000   -169.7
    1865.000   -126.4
    1866.000    349.3
    1867.000    -28.3
    1868.000      0.3
    1869.000     46.1
    1870.000      6.2
    1871.000    -10.5
    1872.000    -52.2
    1873.000   -178.4
    1874.000     79.8
    1875.000    179.7
    1876.000     75.1
    1877.000    -20.7
    1878.000    -29.8
    1879.000    -13.0
    1880.000    208.5
    1881.000    139.5
    1882.000    -61.3
    1883.000   -189.3
    1884.000   -196.5
    1885.000    316.8
    1886.000     -8.6
    1887.000    -44.8
    1888.000    -73.9
    1889.000    178.5
    1890.000    -14.0
    1891.000    -80.9
    1892.000    127.4
    1893.000   -194.7
    1894.000    183.5
    1895.000      3.1
    1896.000    -92.3
    1897.000    -20.8
    1898.000     -6.8
    1899.000    276.7
    1900.000   -195.4
    1901.000     65.1
    1902.000    324.2
    1903.000   -120.9
    1904.000    -10.7
    1905.000    -25.3
    1906.000    -64.2
    1907.000    141.6
    1908.000    105.9
    1909.000     49.1
    1910.000    205.2
    1911.000     17.1
    1912.000      1.6
    1913.000     66.4
    1914.000   -103.3
    1915.000     67.1
    1916.000    -99.0
    1917.000     19.7
    1918.000   -377.9
    1919.000    -50.7
    1920.000     97.2
    1921.000    -48.2
    1922.000     75.0
    1923.000     44.5
    1924.000   -167.0
    1925.000   -113.0
    1926.000    179.7
    1927.000    -53.7
    1928.000    -27.0
    1929.000     59.1
    1930.000    146.0
    1931.000     13.9
    1932.000    123.0
    1933.000    -61.0
    1934.000    -53.4
    1935.000    147.5
    1936.000   -113.9
    1937.000     -3.9
    1938.000    116.2
    1939.000   -119.7
    1940.000    256.0
    1941.000   -284.4
    1942.000    136.1
    1943.000    221.6
    1944.000   -317.3
    1945.000   -169.6
    1946.000     81.4
    1947.000     62.4
    1948.000     50.1
    1949.000    -23.0
    1950.000     91.3
    1951.000    -11.4
    1952.000     69.0
    1953.000    185.9
    1954.000      9.1
    1955.000   -177.4
    1956.000     57.7
    1957.000   -138.4
    1958.000    -15.5
    1959.000    110.0
    1960.000    -32.1
    1961.000     16.9
    1962.000    151.6
    1963.000    116.5
    1964.000    -68.7
    1965.000   -130.7
    1966.000   -126.4
    1967.000     -2.6
    1968.000      7.2
    1969.000    316.7
    1970.000     22.6
    1971.000     57.1
    1972.000    -56.2
    1973.000     35.2
    1974.000   -102.5
    1975.000     20.4
    1976.000   -138.2
    1977.000    -47.4
    1978.000   -223.6
    1979.000   -124.7
    1980.000    180.6
    1981.000   -109.1
    1982.000     -6.7
    1983.000     76.8
    1984.000   -146.4
    1985.000    123.6
    1986.000     55.9
    1987.000   -107.7
    1988.000   -224.7
    1989.000    -36.1
    1990.000     93.3
    1991.000    -94.8
    1992.000    114.5
    1993.000   -203.0
    1994.000     75.3
    1995.000   -131.1
    1996.000    151.0
    1997.000   -200.6
    1998.000     -7.6
    1999.000     41.0
    2000.000    120.1
    2001.000   -139.9
    2002.000   -254.2
    2003.000    107.8
    2004.000      1.5
    2005.000   -119.6
    2006.000   -122.7
    2007.000     66.0
    2008.000      6.8
    2009.000     61.8
    2010.000    124.1
    2011.000    163.7
    2012.000    -75.4
    2013.000     38.2
    2014.000     46.4
    2015.000   -158.6
    2016.000    169.6
    2017.000   -104.3
    2018.000    -51.0
    2019.000   -107.8
    2020.000   -324.7
    2021.000    -21.5
    2022.000    -28.5
    2023.000    191.0
    2024.000     45.1
    2025.000    155.8
    2026.000    196.0
    2027.000   -125.8
    2028.000   -130.7
    2029.000    143.4
    2030.000    -79.7
    2031.000   -251.7
    2032.000     91.6
    2033.000    -31.3
    2034.000    342.1
    2035.000     32.0
    2036.000     -3.2
    2037.000    202.8
    2038.000    169.4
    2039.000     74.1
    2040.000    150.5
    2041.000   -142.6
    2042.000     80.3
    2043.000    -81.1
    2044.000    117.5
    2045.000     31.0
    2046.000     49.3
    2047.000    198.5
    2048.000    210.9
    2049.000    146.5
    2050.000    -32.2
    2051.000    114.2
    2052.000    -83.2
    2053.000    242.5
    2054.000    122.5
    2055.000   -191.8
    2056.000     -8.5
    2057.000     31.7
    2058.000     92.3
    2059.000     24.0
    2060.000    -45.0
    2061.000    111.5
    2062.000     25.2
    2063.000     77.2
    2064.000   -152.8
    2065.000     93.2
    2066.000    103.4
    2067.000     45.2
    2068.000      8.4
    2069.000    -46.6
    2070.000    -94.1
    2071.000   -154.6
    2072.000   -124.7
    2073.000    324.8
    2074.000    -28.9
    2075.000    121.7
    2076.000   -280.3
    2077.000    104.7
    2078.000     74.8
    2079.000   -103.1
    2080.000    100.4
    2081.000    -88.0
    2082.000   -272.7
    2083.000   -239.4
    2084.000      9.8
    2085.000    153.5
    2086.000   -173.6
    2087.000     71.0
    2088.000     -6.1
    2089.000   -127.0
    2090.000    -11.4
    2091.000   -198.0
    2092.000   -149.9
    2093.000     -3.1
    2094.000   -109.3
    2095.000    101.7
    2096.000   -100.7
    2097.000   -158.8
    2098.000    318.0
    2099.000   -149.1
    2100.000   -153.5
    2101.000     71.0
    2102.000    147.4
    2103.000    -84.7
    2104.000   -137.1
    2105.000    -83.3
    2106.000     51.4
    2107.000    -50.6
    2108.000    -59.2
    2109.000     33.3
    2110.000    -65.6
    2111.000    296.8
    2112.000    -28.3
    2113.000      2.3
    2114.000     79.5
    2115.000     64.6
    2116.000     73.3
    2117.000   -223.0
    2118.000   -221.6
    2119.000     82.2
    2120.000    -68.7
    2121.000    -28.0
    2122.000    114.5
    2123.000    -13.2
    2124.000   -140.8
    2125.000    301.8
    2126.000    103.6
    2127.000     85.8
    2128.000     26.2
    2129.000    -25.1
    2130.000   -128.9
    2131.000    334.8
    2132.000     49.9
    2133.000     -1.9
    2134.000    120.3
    2135.000    -76.6
    2136.000    171.9
    2137.000     12.9
    2138.000   -119.4
    2139.000    -26.7
    2140.000   -165.8
    2141.000   -103.8
    2142.000   -113.8
    2143.000     26.3
    2144.000    179.1
    2145.000    164.4
    2146.000    -65.9
    2147.000   -430.8
    2148.000    -97.6
    2149.000    -77.8
    2150.000    -28.1
    2151.000    182.7
    2152.000   -137.6
    2153.000   -109.8
    2154.000    -25.9
    2155.000    -30.2
    2156.000   -203.5
    2157.000    117.8
    2158.000     42.1
    2159.000    -92.9
    2160.000     67.9
    2161.000    -64.0
    2162.000   -160.3
    2163.000   -106.2
    2164.000   -191.8
    2165.000      1.4
    2166.000     33.4
    2167.000    -27.3
    2168.000    -81.8
    2169.000    -55.2
    2170.000    -49.3
    2171.000     15.9
    2172.000    279.1
    2173.000   -148.7
    2174.000     48.2
    2175.000     91.9
    2176.000     21.2
    2177.000     -4.8
    2178.000      9.3
    2179.000    -58.3
    2180.000    -50.8
    2181.000     76.3
    2182.000   -185.0
    2183.000    -94.1
    2184.000     71.5
    2185.000    -88.7
    2186.000    -34.3
    2187.000    151.7
    2188.000    190.5
    2189.000    135.5
    2190.000    208.7
    2191.000    -86.9
    2192.000      4.8
    2193.000    -80.4
    2194.000     82.8
    2195.000    273.1
    2196.000    -38.1
    2197.000    -22.9
    2198.000     97.0
    2199.000     55.2
    2200.000    -30.3
    2201.000     -3.9
    2202.000    184.0
    2203.000    -14.1
    2204.000    -55.8
    2205.000    163.8
    2206.000    -55.9
    2207.000   -113.9
    2208.000    -94.3
    2209.000   -151.4
    2210.000     43.6
    2211.000    -93.6
    2212.000     31.8
    2213.000    -52.8
    2214.000    -16.7
    2215.000    -28.4
    2216.000   -129.1
    2217.000     33.9
    2218.000    -11.2
    2219.000    -33.2
    2220.000   -124.6
    2221.000     36.7
    2222.000    202.9
    2223.000    100.4
    2224.000     68.0
    2225.000    153.0
    2226.000   -207.7
    2227.000    -75.7
    2228.000    -96.5
    2229.000   -125.8
    2230.000    -59.4
    2231.000     62.7
    2232.000     60.5
    2233.000    177.1
    2234.000    -61.8
    2235.000     97.1
    2236.000     32.0
    2237.000    -47.3
    2238.000    156.3
    2239.000     -9.6
    2240.000   -119.3
    2241.000   -132.3
    2242.000     52.8
    2243.000   -201.3
    2244.000    -47.7
    2245.000    -34.3
    2246.000    157.7
    2247.000    105.3
    2248.000   -108.2
    2249.000    -44.0
    2250.000   -188.0
    2251.000    -39.9
    2252.000     22.3
    2253.000     91.6
    2254.000      4.9
    2255.000   -131.9
    2256.000    -69.5
    2257.000    140.5
    2258.000    -63.3
    2259.000    -96.4
    2260.000    -56.8
    2261.000     22.3
    2262.000   -235.9
    2263.000    174.0
    2264.000     58.0
    2265.000     92.9
    2266.000    -98.7
    2267.000    -90.6
    2268.000   -174.2
    2269.000   -143.2
    2270.000   -101.0
    2271.000   -244.3
    2272.000    -19.7
    2273.000     13.9
    2274.000    161.6
    2275.000   -138.5
    2276.000    -56.8
    2277.000    -26.7
    2278.000     60.7
    2279.000      5.3
    2280.000      4.9
    2281.000    -40.5
    2282.000     43.0
    2283.000    -49.2
    2284.000   -180.3
    2285.000     53.8
    2286.000    192.3
    2287.000     67.6
    2288.000    -43.1
    2289.000     52.6
    2290.000     22.1
    2291.000     68.6
    2292.000    107.6
    2293.000   -103.4
    2294.000     53.9
    2295.000    292.6
    2296.000    233.6
    2297.000    -72.3
    2298.000   -160.9
    2299.000    134.4
    2300.000     85.0
    2301.000   -192.9
    2302.000    -85.4
    2303.000    144.3
    2304.000    164.3
    2305.000   -199.8
    2306.000     24.4
    2307.000   -159.4
    2308.000     76.3
    2309.000     43.4
    2310.000     32.7
    2311.000    -16.2
    2312.000    261.0
    2313.000    141.9
    2314.000   -112.7
    2315.000    141.3
    2316.000    -78.4
    2317.000    300.4
    2318.000    -71.1
    2319.000    180.8
    2320.000    122.8
    2321.000    -26.6
    2322.000    -49.8
    2323.000     89.6
    2324.000     12.5
    2325.000    -22.6
    2326.000     75.9
    2327.000    -26.5
    2328.000     56.2
    2329.000    -71.3
    2330.000     45.5
    2331.000    -62.1
    2332.000    -36.9
    2333.000   -112.3
    2334.000     20.2
    2335.000    -71.7
    2336.000    -35.7
    2337.000     -4.2
    2338.000    115.9
    2339.000    170.6
    2340.000    123.8
    2341.000    157.2
    2342.000     61.9
    2343.000     85.7
    2344.000     31.3
    2345.000     52.3
    2346.000     53.0
    2347.000   -194.0
    2348.000    341.8
    2349.000    -43.5
    2350.000   -359.4
    2351.000     -8.3
    2352.000    110.3
    2353.000     14.3
    2354.000    -32.7
    2355.000    -28.7
    2356.000   -226.8
    2357.000     65.8
    2358.000    -28.9
    2359.000     30.9
    2360.000    189.0
    2361.000   -204.1
    2362.000     67.7
    2363.000    221.1
    2364.000    -84.3
    2365.000    207.4
    2366.000    -96.1
    2367.000     -3.9
    2368.000    -38.1
    2369.000     -4.9
    2370.000   -231.8
    2371.000   -319.2
    2372.000   -116.9
    2373.000     62.5
    2374.000     39.7
    2375.000    196.0
    2376.000   -108.0
    2377.000    146.7
    2378.000    127.2
    2379.000     10.6
    2380.000    104.4
    2381.000    -64.8
    2382.000     -1.9
    2383.000      0.7
    2384.000     24.1
    2385.000   -240.1
    2386.000     -6.2
    2387.000    160.3
    2388.000   -100.0
    2389.000   -211.0
    2390.000     -2.6
    2391.000     44.7
    2392.000   -232.3
    2393.000   -179.6
    2394.000    -36.6
    2395.000   -196.2
    2396.000    121.9
    2397.000    -74.5
    2398.000   -146.5
    2399.000     99.3
    2400.000    110.4
    2401.000    113.6
    2402.000   -135.8
    2403.000   -122.1
    2404.000    137.1
    2405.000    137.8
    2406.000     12.8
    2407.000    158.6
    2408.000    -64.3
    2409.000     95.6
    2410.000    -66.8
    2411.000    151.9
    2412.000     20.2
    2413.000   -235.8
    2414.000    185.2
    2415.000    -13.9
    2416.000    -79.2
    2417.000   -223.9
    2418.000     23.4
    2419.000    -15.0
    2420.000    -97.1
    2421.000   -141.7
    2422.000   -135.9
    2423.000   -125.3
    2424.000      6.0
    2425.000     38.3
    2426.000    -46.0
    2427.000   -111.0
    2428.000   -122.7
    2429.000    125.2
    2430.000   -126.0
    2431.000    -95.0
    2432.000    -14.9
    2433.000    -14.3
    2434.000    -36.7
    2435.000   -221.5
    2436.000   -159.3
    2437.000   -101.3
    2438.000    108.6
    2439.000     39.8
    2440.000   -143.3
    2441.000     48.4
    2442.000   -119.7
    2443.000      9.6
    2444.000   -114.8
    2445.000    223.1
    2446.000    140.7
    2447.000     88.2
    2448.000   -264.8
    2449.000    191.0
    2450.000    -27.5
    2451.000     95.7
    2452.000    245.8
    2453.000    -28.6
    2454.000    -90.6
    2455.000     66.7
    2456.000    -57.4
    2457.000    122.3
    2458.000     24.2
    2459.000    -72.0
    2460.000     63.1
    2461.000    124.3
    2462.000   -237.6
    2463.000    -61.1
    2464.000     90.1
    2465.000      5.2
    2466.000    -87.5
    2467.000   -184.7
    2468.000   -126.4
    2469.000   -142.3
    2470.000    120.2
    2471.000   -129.2
    2472.000     40.8
    2473.000     89.9
    2474.000     41.0
    2475.000      6.8
    2476.000    -32.7
    2477.000    -14.7
    2478.000      3.6
    2479.000    -62.5
    2480.000    237.0
    2481.000     -9.5
    2482.000    -55.1
    2483.000    -16.3
    2484.000    -15.7
    2485.000     -4.0
    2486.000     97.2
    2487.000    -40.7
    2488.000    169.1
    2489.000    177.2
    2490.000    153.3
    2491.000    106.8
    2492.000    -58.1
    2493.000   -133.6
    2494.000     43.0
    2495.000   -201.9
    2496.000     63.8
    2497.000    126.3
    2498.000     96.5
    2499.000   -122.3
    2500.000    102.0
    2501.000     10.0
    2502.000   -110.4
    2503.000     40.1
    2504.000     68.1
    2505.000    123.3
    2506.000    208.6
    2507.000    -60.3
    2508.000   -105.3
    2509.000    110.2
    2510.000    159.5
    2511.000     81.1
    2512.000     40.9
    2513.000     50.9
    2514.000     19.0
    2515.000   -219.0
    2516.000    -31.4
    2517.000    135.0
    2518.000     19.7
    2519.000    -28.5
    2520.000    212.9
    2521.000    107.7
    2522.000    -88.2
    2523.000    102.0
    2524.000    -24.0
    2525.000     40.5
    2526.000     -5.6
    2527.000     54.9
    2528.000    192.1
    2529.000   -180.3
    2530.000     -9.3
    2531.000     84.1
    2532.000   -136.8
    2533.000    106.8
    2534.000    165.7
    2535.000    371.5
    2536.000   -157.3
    2537.000    -86.3
    2538.000     83.9
    2539.000    137.8
    2540.000    -39.9
    2541.000    163.8
    2542.000    -37.2
    2543.000    -23.7
    2544.000      3.1
    2545.000   -246.4
    2546.000   -291.9
    2547.000    202.0
    2548.000     74.2
    2549.000    -49.6
    2550.000     26.4
    2551.000     43.6
    2552.000    -58.4
    2553.000     36.7
    2554.000     17.2
    2555.000     89.2
    2556.000    -58.2
    2557.000      5.7
    2558.000     -0.7
    2559.000   -101.8
    2560.000     73.0
    2561.000     -6.4
    2562.000    -99.1
    2563.000      9.8
    2564.000   -204.2
    2565.000     77.8
    2566.000    -88.3
    2567.000    194.7
    2568.000    104.7
    2569.000   -104.4
    2570.000   -122.1
    2571.000   -140.7
    2572.000    -76.9
    2573.000    195.9
    2574.000   -173.1
    2575.000   -160.7
    2576.000     92.1
    2577.000     22.2
    2578.000    -23.2
    2579.000     53.1
    2580.000     12.5
    2581.000    169.0
    2582.000   -104.9
    2583.000     60.6
    2584.000    -64.4
    2585.000    108.4
    2586.000   -103.8
    2587.000   -135.8
    2588.000      5.2
    2589.000   -218.5
    2590.000    231.9
    2591.000   -300.5
    2592.000    -95.1
    2593.000     67.6
    2594.000    151.0
    2595.000   -233.5
    2596.000    163.8
    2597.000   -213.9
    2598.000    -11.6
    2599.000   -145.6
    2600.000     16.9
    2601.000     46.3
    2602.000    -48.6
    2603.000     72.8
    2604.000    163.7
    2605.000    -47.8
    2606.000     26.3
    2607.000    322.1
    2608.000    161.1
    2609.000     -1.4
    2610.000     69.3
    2611.000    -33.8
    2612.000   -143.5
    2613.000    -23.5
    2614.000    -92.8
    2615.000     25.6
    2616.000   -143.7
    2617.000    -44.2
    2618.000   -101.1
    2619.000     25.4
    2620.000   -195.3
    2621.000    -38.4
    2622.000    -42.5
    2623.000     76.5
    2624.000   -105.2
    2625.000     30.8
    2626.000    142.1
    2627.000     13.1
    2628.000   -259.8
    2629.000   -206.7
    2630.000    -12.8
    2631.000     45.9
    2632.000    104.7
    2633.000   -143.8
    2634.000    118.6
    2635.000    -42.5
    2636.000   -195.8
    2637.000    -67.8
    2638.000     94.1
    2639.000    -80.2
    2640.000     85.7
    2641.000    -44.7
    2642.000     18.0
    2643.000    -23.3
    2644.000    -49.3
    2645.000     44.9
    2646.000   -186.4
    2647.000    -43.4
    2648.000    -68.7
    2649.000     89.4
    2650.000    -88.7
    2651.000   -137.8
    2652.000   -144.2
    2653.000      4.9
    2654.000     -9.6
    2655.000     48.6
    2656.000    -39.4
    2657.000     11.1
    2658.000    -64.4
    2659.000   -152.8
    2660.000     51.7
    2661.000   -242.6
    2662.000    -42.7
    2663.000     -9.0
    2664.000    277.8
    2665.000    -22.8
    2666.000    -98.6
    2667.000   -164.9
    2668.000     80.9
    2669.000     92.2
    2670.000    117.5
    2671.000    100.2
    2672.000     91.3
    2673.000     -8.1
    2674.000    -14.4
    2675.000     77.0
    2676.000     82.4
    2677.000    -25.4
    2678.000   -115.3
    2679.000     35.5
    2680.000    141.4
    2681.000     -1.4
    2682.000     64.4
    2683.000   -109.2
    2684.000     35.1
    2685.000     61.4
    2686.000    -13.5
    2687.000    -98.7
    2688.000    -50.5
    2689.000    182.5
    2690.000   -169.7
    2691.000    -65.4
    2692.000    -76.4
    2693.000     13.3
    2694.000     33.9
    2695.000     42.4
    2696.000    -66.1
    2697.000    108.1
    2698.000     17.4
    2699.000     59.8
    2700.000    124.8
    2701.000   -170.2
    2702.000    158.3
    2703.000    156.3
    2704.000     82.6
    2705.000    185.1
    2706.000    110.8
    2707.000     89.0
    2708.000    132.6
    2709.000    -56.3
    2710.000   -164.7
    2711.000   -122.7
    2712.000     95.0
    2713.000     98.5
    2714.000    -12.0
    2715.000    -64.1
    2716.000    -88.1
    2717.000    226.0
    2718.000    -13.1
    2719.000     -7.3
    2720.000    -53.8
    2721.000    -22.5
    2722.000    -31.1
    2723.000    110.0
    2724.000     39.8
    2725.000   -136.1
    2726.000    199.3
    2727.000     -7.4
    2728.000     59.0
    2729.000    -46.7
    2730.000    -78.5
    2731.000     32.7
    2732.000     25.8
    2733.000   -206.4
    2734.000     11.1
    2735.000   -176.3
    2736.000     25.7
    2737.000    -92.7
    2738.000    -39.2
    2739.000    113.8
    2740.000    165.7
    2741.000    -42.4
    2742.000    -40.0
    2743.000   -223.6
    2744.000    -83.3
    2745.000    -44.3
    2746.000     87.2
    2747.000    111.6
    2748.000    113.6
    2749.000     27.5
    2750.000     59.0
    2751.000     30.5
    2752.000    253.3
    2753.000    -46.1
    2754.000     -3.9
    2755.000    298.7
    2756.000     13.2
    2757.000     14.8
    2758.000    -56.3
    2759.000   -225.3
    2760.000    -73.7
    2761.000    206.4
    2762.000     74.1
    2763.000     16.7
    2764.000    248.2
    2765.000    102.7
    2766.000     -4.3
    2767.000   -147.8
    2768.000   -125.8
    2769.000    320.6
    2770.000   -196.5
    2771.000    202.3
    2772.000   -127.2
    2773.000     20.4
    2774.000     82.8
    2775.000    234.5
    2776.000    120.6
    2777.000   -148.0
    2778.000    121.9
    2779.000     15.7
    2780.000   -115.7
    2781.000    -38.7
    2782.000    134.7
    2783.000     11.8
    2784.000    164.6
    2785.000   -199.6
    2786.000    -10.7
    2787.000     37.1
    2788.000    -52.7
    2789.000     48.2
    2790.000    -60.9
    2791.000     73.6
    2792.000    -71.2
    2793.000     27.1
    2794.000    -19.8
    2795.000    122.2
    2796.000   -118.6
    2797.000    -54.6
    2798.000    119.0
    2799.000   -260.6
    2800.000    153.1
    2801.000   -187.0
    2802.000     68.0
    2803.000   -177.0
    2804.000    -67.6
    2805.000     40.3
    2806.000     93.7
    2807.000     54.5
    2808.000     28.7
    2809.000     22.1
    2810.000     25.3
    2811.000   -109.6
    2812.000    -76.0
    2813.000    -57.4
    2814.000    158.0
    2815.000    -77.3
    2816.000   -164.5
    2817.000    232.4
    2818.000    -24.9
    2819.000     50.2
    2820.000   -147.7
    2821.000   -174.0
    2822.000     33.2
    2823.000   -102.4
    2824.000   -340.0
    2825.000     48.1
    2826.000    244.0
    2827.000   -106.7
    2828.000     59.1
    2829.000      2.2
    2830.000      9.1
    2831.000   -267.9
    2832.000     78.9
    2833.000     71.1
    2834.000     17.8
    2835.000     38.8
    2836.000    -86.9
    2837.000     62.2
    2838.000   -259.2
    2839.000   -259.9
    2840.000    110.8
    2841.000    152.2
    2842.000     47.8
    2843.000     89.3
    2844.000    -55.5
    2845.000      0.3
    2846.000    -99.8
    2847.000     43.5
    2848.000   -239.0
    2849.000    -82.1
    2850.000     46.3
    2851.000    -77.0
    2852.000    -52.2
    2853.000    133.9
    2854.000   -103.0
    2855.000     95.3
    2856.000    168.4
    2857.000    -28.9
    2858.000    111.9
    2859.000    123.4
    2860.000    200.2
    2861.000     46.6
    2862.000    -20.1
    2863.000     -2.2
    2864.000    -23.0
    2865.000     84.0
    2866.000    263.8
    2867.000    250.1
    2868.000    -54.1
    2869.000    -52.8
    2870.000    -14.4
    2871.000     60.9
    2872.000    -43.9
    2873.000   -127.6
    2874.000    -30.8
    2875.000    203.2
    2876.000    110.4
    2877.000    -81.0
    2878.000    126.1
    2879.000   -203.6
    2880.000     -9.3
    2881.000    113.0
    2882.000    -97.5
    2883.000     81.7
    2884.000    190.9
    2885.000     71.7
    2886.000    109.1
    2887.000   -181.5
    2888.000    -59.9
    2889.000     77.6
    2890.000      2.3
    2891.000     64.1
    2892.000     42.3
    2893.000    138.0
    2894.000     89.6
    2895.000     40.8
    2896.000     70.3
    2897.000     86.0
    2898.000    -56.3
    2899.000     24.3
    2900.000     67.9
    2901.000     20.3
    2902.000    -15.3
    2903.000    -22.0
    2904.000    117.2
    2905.000   -187.6
    2906.000    146.9
    2907.000    -55.2
    2908.000   -155.3
    2909.000     84.8
    2910.000     73.0
    2911.000    140.5
    2912.000    -90.1
    2913.000     16.3
    2914.000    -16.5
    2915.000   -149.9
    2916.000     12.7
    2917.000    -15.9
    2918.000     -6.2
    2919.000   -200.5
    2920.000     28.2
    2921.000    -91.6
    2922.000   -161.9
    2923.000     -7.8
    2924.000   -114.4
    2925.000   -124.5
    2926.000    -90.8
    2927.000   -112.8
    2928.000     74.1
    2929.000    134.8
    2930.000    123.6
    2931.000   -136.1
    2932.000     42.0
    2933.000      8.1
    2934.000    175.7
    2935.000     40.4
    2936.000    -12.6
    2937.000   -126.8
    2938.000     38.1
    2939.000   -129.2
    2940.000    -14.0
    2941.000   -100.9
    2942.000      1.1
    2943.000   -150.8
    2944.000     62.8
    2945.000     72.4
    2946.000   -216.9
    2947.000    108.4
    2948.000    -36.4
    2949.000      7.0
    2950.000    154.1
    2951.000   -155.1
    2952.000   -125.6
    2953.000     49.8
    2954.000    -89.2
    2955.000   -122.9
    2956.000      2.3
    2957.000    175.7
    2958.000    -35.3
    2959.000   -177.6
    2960.000     33.5
    2961.000    233.3
    2962.000     14.8
    2963.000   -241.4
    2964.000     55.1
    2965.000    -30.0
    2966.000     64.4
    2967.000    107.5
    2968.000     24.8
    2969.000    -63.8
    2970.000    127.3
    2971.000    121.5
    2972.000      4.9
    2973.000   -107.7
    2974.000    -44.2
    2975.000     30.9
    2976.000     82.2
    2977.000    -97.1
    2978.000    176.4
    2979.000     90.8
    2980.000     37.3
    2981.000    -57.5
    2982.000    207.1
    2983.000    -40.0
    2984.000    -24.8
    2985.000   -212.0
    2986.000    219.6
    2987.000   -182.7
    2988.000   -143.1
    2989.000    107.8
    2990.000    -32.4
    2991.000    102.8
    2992.000   -121.2
    2993.000    159.0
    2994.000    -41.0
    2995.000     25.7
    2996.000    -38.7
    2997.000     -3.4
    2998.000   -354.1
    2999.000   -232.2
    3000.000    178.7
    3001.000    190.0
    3002.000     80.9
    3003.000   -167.6
    3004.000      5.2
    3005.000    -80.4
    3006.000    178.8
    3007.000    253.7
    3008.000    -88.6
    3009.000    -72.2
    3010.000    189.5
    3011.000     48.6
    3012.000     59.7
    3013.000    -80.2
    3014.000    119.0
    3015.000   -236.7
    3016.000     42.6
    3017.000    239.1
    3018.000    -51.3
    3019.000     14.1
    3020.000   -203.7
    3021.000    -18.6
    3022.000    148.7
    3023.000     11.5
    3024.000      0.4
    3025.000    200.4
    3026.000    -66.1
    3027.000    108.7
    3028.000   -159.3
    3029.000    -24.6
    3030.000    289.4
    3031.000     22.8
    3032.000    -86.7
    3033.000    -93.2
    3034.000    242.9
    3035.000    196.8
    3036.000     18.1
    3037.000    403.7
    3038.000    105.4
    3039.000   -210.1
    3040.000    129.9
