     141.000      457477.8092
     142.000      446052.8394
     143.000      438608.1996
     144.000      432961.3628
     145.000      429823.9461
     146.000      426585.4461
     147.000      424416.9224
     148.000      423761.9787
     149.000      422702.6222
     150.000      421563.8298
     151.000      421348.2631
     152.000      420137.2794
     153.000      419284.5398
     154.000      418808.5630
     155.000      419042.8061
     156.000      419410.5252
     157.000      418653.2648
     158.000      417758.3873
     159.000      417174.8403
     160.000      417729.9873
     161.000      417901.2254
     162.000      418369.1825
     163.000      418005.5674
     164.000      417957.6093
     165.000      417462.5141
     166.000      417938.2331
     167.000      417696.0581
     168.000      417686.6042
     169.000      417997.5111
     170.000      418553.2881
     171.000      418455.4526
     172.000      417878.6608
     173.000      418397.3926
     174.000      418333.5490
     175.000      417979.6820
     176.000      418153.9909
     177.000      417849.3113
     178.000      418402.0884
     179.000      418451.5036
     180.000      417809.2752
     181.000      417809.7782
     182.000      417366.6052
     183.000      417848.6386
     184.000      417586.5649
     185.000      418041.4679
     186.000      418038.3327
     187.000      418002.4186
     188.000      418460.0881
     189.000      418040.1220
     190.000      417425.0391
     191.000      417332.7766
     192.000      418136.0505
     193.000      418086.0851
     194.000      417456.8649
     195.000      416889.8830
     196.000      417312.7916
     197.000      417340.7086
     198.000      417060.3644
     199.000      416866.8886
     200.000      417207.5976
     201.000      417309.1831
     202.000      417560.9060
     203.000      417882.8734
     204.000      418217.6146
     205.000      418090.9836
     206.000      417847.1297
     207.000      417431.4399
     208.000      417221.5305
     209.000      417619.2030
     210.000      417497.4730
     211.000      417881.2442
     212.000      418362.4669
     213.000      418386.0978
     214.000      417947.2383
     215.000      418148.9304
     216.000      417600.4639
     217.000      417336.4561
     218.000      416845.6359
     219.000      417419.2389
     220.000      418186.8718
     221.000      417888.6905
     222.000      417072.7970
     223.000      417242.2828
     224.000      417068.8324
     225.000      417614.5507
     226.000      417038.6023
     227.000      417293.6356
     228.000      416841.9196
     229.000      416868.2139
     230.000      416653.5819
     231.000      416517.5037
     232.000      416164.8108
     233.000      417055.9762
     234.000      417106.8065
     235.000      417376.6849
     236.000      417388.2089
     237.000      417548.8165
     238.000      417314.8822
     239.000      416937.1118
     240.000      416866.8042
     241.000      418110.2233
     242.000      417903.1330
     243.000      417605.8127
     244.000      417302.8743
     245.000      417177.8100
     246.000      416885.0433
     247.000      417605.7224
     248.000      417345.6862
     249.000      416950.0170
     250.000      417119.9102
     251.000      417392.7167
     252.000      417654.9106
     253.000      417318.2265
     254.000      417171.6923
     255.000      416629.5426
     256.000      416782.4847
     257.000      416724.2513
     258.000      417589.6033
     259.000      416860.5475
     260.000      416625.7886
     261.000      416962.4621
     262.000      417222.4074
     263.000      417026.9845
     264.000      417396.3921
     265.000      416910.4710
     266.000      416932.4779
     267.000      416854.8368
     268.000      417064.1586
     269.000      416954.8973
     270.000      416128.0881
     271.000      416179.7456
     272.000      416231.6532
     273.000      416741.0551
     274.000      416533.7818
     275.000      416615.6223
     276.000      416905.9613
     277.000      418116.7465
     278.000      418658.7373
     279.000      418150.0505
     280.000      418101.4116
     281.000      418029.9252
     282.000      416787.9943
     283.000      416570.3686
     284.000      416447.1071
     285.000      416205.2463
     286.000      416605.6403
     287.000      416776.3321
     288.000      416590.0967
     289.000      416082.4234
     290.000      416314.6051
     291.000      416397.0137
     292.000      417158.3403
     293.000      417352.0878
     294.000      416946.3529
     295.000      417086.1667
     296.000      417435.3679
     297.000      417205.6063
     298.000      416988.5955
     299.000      417287.5086
     300.000      417370.2441
     301.000      417151.4161
     302.000      417393.4547
     303.000      417510.5631
     304.000      417794.8013
     305.000      417399.6739
     306.000      417201.5911
     307.000      417256.0890
     308.000      417536.6605
     309.000      416978.3122
     310.000      417346.8293
     311.000      417461.9931
     312.000      417535.8990
     313.000      418016.2044
     314.000      417141.7016
     315.000      417448.2958
     316.000      417254.0998
     317.000      417566.4670
     318.000      416340.8372
     319.000      416760.4577
     320.000      417406.3939
     321.000      417785.7724
     322.000      418198.5267
     323.000      417709.3204
     324.000      417533.0789
     325.000      417148.4979
     326.000      417609.3666
     327.000      417737.8911
     328.000      417552.7721
     329.000      417833.8743
     330.000      418420.9361
     331.000      417687.4953
     332.000      417101.2532
     333.000      418224.4513
     334.000      417686.6249
     335.000      417753.9850
     336.000      417019.7475
     337.000      416612.1979
     338.000      417207.7754
     339.000      418093.3842
     340.000      418068.4827
     341.000      418113.6050
     342.000      417661.7823
     343.000      417965.7910
     344.000      417806.4303
     345.000      417908.9708
     346.000      417697.9355
     347.000      417999.5453
     348.000      417009.0397
     349.000      417296.5905
     350.000      417616.2242
     351.000      417660.4592
     352.000      417680.6572
     353.000      417574.9236
     354.000      417025.1153
     355.000      417188.9221
     356.000      418614.3095
     357.000      418117.9633
     358.000      418068.9990
     359.000      417934.8212
     360.000      417753.6671
     361.000      419055.8452
     362.000      418493.6496
     363.000      418317.6048
     364.000      417522.8651
     365.000      416925.8970
     366.000      417418.7890
     367.000      416916.2888
     368.000      416903.2296
     369.000      417434.4352
     370.000      417291.8252
     371.000      417625.9489
     372.000      417819.9008
     373.000      418305.4074
     374.000      418240.7987
     375.000      418202.8976
     376.000      417716.0150
     377.000      417893.9342
     378.000      417117.5654
     379.000      416826.1647
     380.000      416063.9799
     381.000      416280.5329
     382.000      417059.1447
     383.000      417716.1460
     384.000      418386.2819
     385.000      417630.6273
     386.000      416648.3933
     387.000      416385.8341
     388.000      416884.6654
     389.000      416499.7263
     390.000      416186.7101
     391.000      416347.7375
     392.000      416179.3042
     393.000      416875.8558
     394.000      416554.2548
     395.000      416280.3447
     396.000      417070.4421
     397.000      417364.7165
     398.000      417145.8117
     399.000      417304.3351
     400.000      417542.4004
     401.000      417803.2294
     402.000      417411.0827
     403.000      417434.3584
     404.000      417627.1515
     405.000      417320.2720
     406.000      416629.6827
     407.000      417138.5817
     408.000      417285.6482
     409.000      418055.1065
     410.000      417049.8728
     411.000      417007.6448
     412.000      416681.9933
     413.000      416754.5665
     414.000      416481.0755
     415.000      417100.1914
     416.000      417010.3570
     417.000      416583.4867
     418.000      416857.2460
     419.000      417266.5149
     420.000      417122.7915
     421.000      417267.0728
     422.000      417596.4281
     423.000      416976.6665
     424.000      417076.0626
     425.000      416894.6988
     426.000      416799.7406
     427.000      416720.7958
     428.000      417697.6658
     429.000      417464.4723
     430.000      417477.7780
     431.000      417501.1434
     432.000      417887.1395
     433.000      417289.2521
     434.000      417046.9781
     435.000      417349.0991
     436.000      417234.7426
     437.000      417896.5421
     438.000      417431.5714
     439.000      417075.6577
     440.000      417255.2884
     441.000      417680.5504
     442.000      416864.5512
     443.000      416443.6718
     444.000      417071.6168
     445.000      416870.8450
     446.000      417786.0245
     447.000      417070.2412
     448.000      417384.1977
     449.000      417526.3169
     450.000      416850.4235
     451.000      417350.2101
     452.000      417716.9127
     453.000      417410.0356
     454.000      417613.3669
     455.000      416983.3737
     456.000      416353.0490
     457.000      416380.7467
     458.000      416900.0549
     459.000      416998.4133
     460.000      416927.5945
     461.000      417053.3691
     462.000      417289.1211
     463.000      417619.1330
     464.000      418227.1093
     465.000      417401.8597
     466.000      417984.4309
     467.000      417617.9548
     468.000      417214.2646
     469.000      417616.8661
     470.000      418092.2862
     471.000      417525.0557
     472.000      416760.0049
     473.000      417557.3759
     474.000      418095.6541
     475.000      418345.2818
     476.000      418086.7660
     477.000      417567.7927
     478.000      417579.6588
     479.000      417633.6976
     480.000      417692.6173
     481.000      418349.8874
     482.000      418064.0974
     483.000      418218.0909
     484.000      418026.9272
     485.000      417806.1894
     486.000      417975.8431
     487.000      418138.6797
     488.000      417723.6038
     489.000      417774.6119
     490.000      417928.7484
     491.000      417776.7654
     492.000      417235.6770
     493.000      417511.0933
     494.000      416573.8579
     495.000      416620.8691
     496.000      416206.1687
     497.000      416431.3054
     498.000      416316.3164
     499.000      416717.7703
     500.000      416743.2367
     501.000      417398.3885
     502.000      417091.7528
     503.000      416385.1479
     504.000      416396.7180
     505.000      416860.5097
     506.000      417177.5654
     507.000      417059.7795
     508.000      416934.9847
     509.000      417526.3956
     510.000      417486.6986
     511.000      417190.8918
     512.000      417224.6154
     513.000      416368.1739
     514.000      416907.4988
     515.000      417368.5378
     516.000      416810.1078
     517.000      416797.5393
     518.000      417354.1292
     519.000      416369.1084
     520.000      416263.5201
     521.000      416466.5023
     522.000      416455.1788
     523.000      416268.6523
     524.000      417130.6160
     525.000      417297.8861
     526.000      417198.6724
     527.000      417784.6640
     528.000      417504.5313
     529.000      416872.1519
     530.000      416917.7410
     531.000      416812.4915
     532.000      416995.2875
     533.000      416684.9533
     534.000      416229.2879
     535.000      416492.4418
     536.000      416763.7156
     537.000      416400.7015
     538.000      416105.1579
     539.000      416320.5209
     540.000      417023.7699
     541.000      417472.5671
     542.000      416537.2867
     543.000      416565.1039
     544.000      416400.5926
     545.000      416325.8010
     546.000      416865.6451
     547.000      416450.5667
     548.000      417028.4856
     549.000      416694.3166
     550.000      416413.1747
     551.000      416589.2913
     552.000      416689.4931
     553.000      417603.6286
     554.000      417711.9499
     555.000      416697.8601
     556.000      416701.3606
     557.000      417160.7340
     558.000      416804.1004
     559.000      416965.8691
     560.000      417531.4828
     561.000      417755.8701
     562.000      418326.8591
     563.000      418214.4513
     564.000      418036.5404
     565.000      417405.9014
     566.000      417662.9100
     567.000      416869.4491
     568.000      416709.8096
     569.000      416614.0575
     570.000      417008.5015
     571.000      417339.7859
     572.000      416820.4686
     573.000      416566.1742
     574.000      417031.6186
     575.000      417045.6136
     576.000      416833.2278
     577.000      416263.0362
     578.000      416747.1695
     579.000      417496.8684
     580.000      417501.8705
     581.000      417655.7124
     582.000      417567.4502
     583.000      417485.4311
     584.000      417265.7287
     585.000      417571.8662
     586.000      417654.6481
     587.000      417705.5208
     588.000      417394.2393
     589.000      417166.5745
     590.000      417834.4731
     591.000      417285.5765
     592.000      416979.3256
     593.000      417846.3984
     594.000      417504.6055
     595.000      417751.4575
     596.000      417145.7834
     597.000      417349.9922
     598.000      417509.3523
     599.000      417219.3591
     600.000      417217.8920
     601.000      417574.8728
     602.000      417467.1292
     603.000      418108.9982
     604.000      417936.6554
     605.000      418000.0959
     606.000      417232.7728
     607.000      416785.2155
     608.000      417445.1056
     609.000      417521.0971
     610.000      417921.1660
     611.000      418261.1153
     612.000      417525.9880
     613.000      417694.4318
     614.000      417714.2348
     615.000      418201.6147
     616.000      417477.3816
     617.000      417746.3615
     618.000      417079.1182
     619.000      416560.6417
     620.000      416551.7032
     621.000      416024.7143
     622.000      415753.4445
     623.000      416514.0207
     624.000      417137.1578
     625.000      417305.0192
     626.000      417804.6405
     627.000      417797.6060
     628.000      418050.7476
     629.000      417959.9683
     630.000      416971.9055
     631.000      416621.7441
     632.000      416830.7833
     633.000      417413.7065
     634.000      417392.5899
     635.000      417879.0317
     636.000      417697.9665
     637.000      417831.0286
     638.000      417929.2070
     639.000      417149.1569
     640.000      417139.2259
     641.000      416904.9061
     642.000      416707.4236
     643.000      417111.6241
     644.000      416815.2524
     645.000      416922.8824
     646.000      416569.0348
     647.000      416984.8381
     648.000      417365.4479
     649.000      418052.0904
     650.000      417653.2333
     651.000      416624.9332
     652.000      417302.6582
     653.000      416430.0778
     654.000      416125.3152
     655.000      417047.4038
     656.000      416961.5887
     657.000      416804.2975
     658.000      417095.8213
     659.000      417765.2765
     660.000      418348.9907
     661.000      417689.7774
     662.000      418300.6354
     663.000      417403.2115
     664.000      416121.1502
     665.000      416126.0402
     666.000      416887.3573
     667.000      417993.7571
     668.000      418062.5090
     669.000      417899.4754
     670.000      417728.3167
     671.000      417421.5782
     672.000      417419.9996
     673.000      416847.9686
     674.000      417413.8810
     675.000      417526.4233
     676.000      417665.1138
     677.000      418135.0521
     678.000      417172.9996
     679.000      416469.1707
     680.000      416471.2588
     681.000      416872.3330
     682.000      416598.3334
     683.000      416653.9631
     684.000      416894.7821
     685.000      417110.3577
     686.000      416587.7619
     687.000      417340.5576
     688.000      416413.3988
     689.000      416828.4934
     690.000      416023.7430
     691.000      416328.5779
     692.000      416223.7347
     693.000      415677.4521
     694.000      416529.5812
     695.000      416920.0545
     696.000      417221.4669
     697.000      416470.7949
     698.000      416943.2550
     699.000      417855.7605
     700.000      417662.0415
     701.000      416842.7459
     702.000      416749.7235
     703.000      416287.2178
     704.000      416573.4066
     705.000      417006.2514
     706.000      416285.6897
     707.000      416027.2649
     708.000      416339.6450
     709.000      416728.6511
     710.000      416345.1283
     711.000      416643.8101
     712.000      417459.5066
     713.000      418124.2776
     714.000      417824.1801
     715.000      417310.3721
     716.000      417870.2754
     717.000      416853.9639
     718.000      418029.1660
     719.000      417223.8371
     720.000      417782.8654
     721.000      417268.0007
     722.000      417569.7614
     723.000      417149.9889
     724.000      417187.8680
     725.000      416697.1358
     726.000      417156.6732
     727.000      417575.9213
     728.000      418145.0851
     729.000      417465.2140
     730.000      418293.0338
     731.000      418377.8662
     732.000      418360.7882
     733.000      418557.7928
     734.000      418096.1397
     735.000      417622.3960
     736.000      417378.3495
     737.000      416953.8462
     738.000      417108.6466
     739.000      417889.8061
     740.000      417832.1952
     741.000      417375.7662
     742.000      416824.9401
     743.000      416761.8599
     744.000      416778.5682
     745.000      416497.1062
     746.000      416988.3614
     747.000      416771.0150
     748.000      417031.8880
     749.000      417190.9693
     750.000      417750.0710
     751.000      417660.3907
     752.000      417774.7963
     753.000      417994.3118
     754.000      416528.7794
     755.000      417025.3906
     756.000      416992.0067
     757.000      416966.2978
     758.000      416269.6223
     759.000      416046.6214
     760.000      416138.8645
     761.000      416769.6433
     762.000      416460.7901
     763.000      416880.6267
     764.000      417632.4877
     765.000      416933.6502
     766.000      417381.0425
     767.000      417805.4357
     768.000      417186.4901
     769.000      417524.3435
     770.000      417808.1765
     771.000      418523.7968
     772.000      418348.5723
     773.000      417519.0540
     774.000      417040.6026
     775.000      416737.9813
     776.000      416926.6080
     777.000      417225.8569
     778.000      416401.3517
     779.000      416434.7743
     780.000      416698.4160
     781.000      416520.4748
     782.000      417339.1330
     783.000      417388.0813
     784.000      417476.5663
     785.000      417234.3733
     786.000      417036.2857
     787.000      417173.0668
     788.000      416984.2200
     789.000      417459.3792
     790.000      417963.0400
     791.000      417629.7919
     792.000      416966.1373
     793.000      417417.1769
     794.000      418314.1361
     795.000      418649.1176
     796.000      417873.3349
     797.000      418188.6431
     798.000      417949.5655
     799.000      418658.8901
     800.000      417695.4311
     801.000      417679.2994
     802.000      417045.7824
     803.000      416686.8807
     804.000      417020.9931
     805.000      417325.6524
     806.000      416718.8592
     807.000      416690.4245
     808.000      417260.8362
     809.000      417783.4283
     810.000      418005.3688
     811.000      417856.7347
     812.000      417067.9906
     813.000      417927.2768
     814.000      417277.6751
     815.000      417085.0662
     816.000      417608.2093
     817.000      417199.3152
     818.000      416692.7518
     819.000      416782.4526
     820.000      417071.8100
     821.000      416751.4505
     822.000      416451.7185
     823.000      417228.3255
     824.000      417295.5305
     825.000      417231.9749
     826.000      417044.2943
     827.000      416729.3893
     828.000      416512.4948
     829.000      415995.8362
     830.000      415541.7430
     831.000      415648.0606
     832.000      415486.4813
     833.000      416052.2614
     834.000      416272.7171
     835.000      416172.2959
     836.000      416080.5544
     837.000      416752.7451
     838.000      416238.1273
     839.000      416552.3106
     840.000      416540.2133
     841.000      416816.0767
     842.000      417031.3817
     843.000      417458.1115
     844.000      417011.1291
     845.000      416733.4283
     846.000      416355.1592
     847.000      416144.1398
     848.000      416443.4182
     849.000      416167.0318
     850.000      416174.8053
     851.000      415710.3589
     852.000      415564.0811
     853.000      416125.0701
     854.000      415780.6305
     855.000      415338.3053
     856.000      415396.9499
     857.000      415650.7483
     858.000      416192.6535
     859.000      416985.8477
     860.000      415737.5381
     861.000      416205.6197
     862.000      415841.3413
     863.000      416562.4538
     864.000      415990.2319
     865.000      416202.1041
     866.000      416997.1091
     867.000      417379.8413
     868.000      417161.1492
     869.000      416617.4392
     870.000      416797.1980
     871.000      416540.2817
     872.000      416445.3873
     873.000      416509.5343
     874.000      416647.5534
     875.000      416986.7809
     876.000      416446.2980
     877.000      417121.1360
     878.000      416931.7910
     879.000      417669.4036
     880.000      417634.5671
     881.000      417178.2977
     882.000      417380.8848
     883.000      416632.1704
     884.000      416609.1509
     885.000      416923.6815
     886.000      416732.8438
     887.000      417634.6716
     888.000      417409.3295
     889.000      417129.0470
     890.000      416779.3530
     891.000      416589.7542
     892.000      416356.0777
     893.000      416594.2174
     894.000      417455.3379
     895.000      417106.2394
     896.000      417644.6006
     897.000      416806.0238
     898.000      416874.6745
     899.000      417068.0189
     900.000      417434.7128
     901.000      417503.2071
     902.000      417826.7158
     903.000      417036.8027
     904.000      417054.5507
     905.000      416815.5814
     906.000      416081.0866
     907.000      416489.4358
     908.000      416118.4098
     909.000      416867.8303
     910.000      417108.4328
     911.000      416523.6001
     912.000      416441.5206
     913.000      415985.7713
     914.000      416707.6690
     915.000      417132.4277
     916.000      417350.2537
     917.000      417323.5906
     918.000      416925.4318
     919.000      416786.7979
     920.000      416717.8225
     921.000      416992.0579
     922.000      417255.7192
     923.000      417659.1685
     924.000      417370.8694
     925.000      417664.0194
     926.000      417205.7173
     927.000      416837.2519
     928.000      417088.3163
     929.000      416464.1577
     930.000      416125.0406
     931.000      417353.8403
     932.000      416705.4833
     933.000      416395.3994
     934.000      417358.9069
     935.000      417776.5266
     936.000      417441.4020
     937.000      417001.6214
     938.000      416965.4955
     939.000      417433.7896
     940.000      417392.7675
     941.000      417604.9233
     942.000      417113.6285
     943.000      417158.6326
     944.000      417053.8966
     945.000      417314.6589
     946.000      417597.6924
     947.000      417643.9147
     948.000      417255.0593
     949.000      417227.9936
     950.000      417271.9165
     951.000      416901.7865
     952.000      417599.1512
     953.000      417546.7279
     954.000      417394.5780
     955.000      416943.6586
     956.000      416576.4618
     957.000      416739.3565
     958.000      417195.3837
     959.000      417142.9488
     960.000      417617.7066
     961.000      416719.2318
     962.000      417048.4332
     963.000      416481.6599
     964.000      416139.6864
     965.000      415970.4888
     966.000      416342.4223
     967.000      416555.5151
     968.000      416835.6289
     969.000      416543.4633
     970.000      416308.8958
     971.000      416735.8644
     972.000      416452.3667
     973.000      417407.1007
     974.000      417287.7646
     975.000      417275.1379
     976.000      417562.3926
     977.000      417571.5174
     978.000      417797.8230
     979.000      417201.9897
     980.000      416542.5176
     981.000      416712.6356
     982.000      416555.5480
     983.000      416608.8386
     984.000      416579.1877
     985.000      416219.5398
     986.000      416304.5491
     987.000      416868.3178
     988.000      416886.3456
     989.000      416747.1511
     990.000      416669.7602
     991.000      415861.4090
     992.000      416723.6129
     993.000      416495.7040
     994.000      416439.3367
     995.000      416795.0435
     996.000      416428.8847
     997.000      416709.6048
     998.000      417374.0237
     999.000      417575.7160
    1000.000      417611.9313
    1001.000      416588.8251
    1002.000      416111.4282
    1003.000      416598.9439
    1004.000      416325.2022
    1005.000      416865.0910
    1006.000      416938.4628
    1007.000      417609.6358
    1008.000      417697.3501
    1009.000      417300.6170
    1010.000      416882.6320
    1011.000      417501.2277
    1012.000      417353.0948
    1013.000      416936.6697
    1014.000      417481.5960
    1015.000      418123.4706
    1016.000      417779.7758
    1017.000      418582.0584
    1018.000      417653.4996
    1019.000      417879.4599
    1020.000      417699.1959
    1021.000      417378.7552
    1022.000      416783.0861
    1023.000      416853.6641
    1024.000      417601.9353
    1025.000      417423.9831
    1026.000      417261.1555
    1027.000      417213.9959
    1028.000      417012.3779
    1029.000      417231.7905
    1030.000      416982.3856
    1031.000      417237.8602
    1032.000      417339.1083
    1033.000      417552.7939
    1034.000      417765.2428
    1035.000      417854.0483
    1036.000      418006.5430
    1037.000      417247.9354
    1038.000      416290.8271
    1039.000      415765.5097
    1040.000      416340.9306
    1041.000      417160.3768
    1042.000      417196.0770
    1043.000      417425.9722
    1044.000      417580.7214
    1045.000      417769.1736
    1046.000      417368.2738
    1047.000      417149.7698
    1048.000      417285.7047
    1049.000      416386.3091
    1050.000      415995.8653
    1051.000      416777.2118
    1052.000      416708.1792
    1053.000      416437.8048
    1054.000      416067.6057
    1055.000      416214.6092
    1056.000      416150.4950
    1057.000      416063.0732
    1058.000      415990.7001
    1059.000      416476.9173
    1060.000      415968.1214
    1061.000      416737.5640
    1062.000      416557.2552
    1063.000      417064.7217
    1064.000      417031.4721
    1065.000      417385.0662
    1066.000      416099.1027
    1067.000      416837.1713
    1068.000      417075.8114
    1069.000      417100.8777
    1070.000      416704.0098
    1071.000      416525.0894
    1072.000      416851.3673
    1073.000      416832.0966
    1074.000      416871.5489
    1075.000      416339.1462
    1076.000      416450.7271
    1077.000      416636.5553
    1078.000      417011.3440
    1079.000      417038.0916
    1080.000      416797.5834
    1081.000      416548.8504
    1082.000      416605.7175
    1083.000      417315.3565
    1084.000      417884.6603
    1085.000      417428.8378
    1086.000      416184.5355
    1087.000      415838.9879
    1088.000      416198.9748
    1089.000      416265.7304
    1090.000      416958.8573
    1091.000      417215.3984
    1092.000      417512.7475
    1093.000      417359.2560
    1094.000      416960.8359
    1095.000      417378.1940
    1096.000      417425.8204
    1097.000      417066.7799
    1098.000      417388.9061
    1099.000      417373.5856
    1100.000      417362.8346
    1101.000      418245.5854
    1102.000      416833.3014
    1103.000      417208.2629
    1104.000      416389.9775
    1105.000      417070.5177
    1106.000      418038.0412
    1107.000      418050.3124
    1108.000      417272.7654
    1109.000      417845.3239
    1110.000      417611.0082
    1111.000      417135.4579
    1112.000      416607.9087
    1113.000      416826.8641
    1114.000      417721.9680
    1115.000      417677.3046
    1116.000      417664.5442
    1117.000      417719.3236
    1118.000      417387.1620
    1119.000      416766.6533
    1120.000      416740.5546
    1121.000      416689.9450
    1122.000      416717.4456
    1123.000      416808.5340
    1124.000      417840.6345
    1125.000      417687.3129
    1126.000      416756.1843
    1127.000      417527.6819
    1128.000      417437.3942
    1129.000      417453.1923
    1130.000      417232.7121
    1131.000      418199.3932
    1132.000      417394.7822
    1133.000      416755.1641
    1134.000      417755.6847
    1135.000      417193.4955
    1136.000      416675.5101
    1137.000      416841.8342
    1138.000      416473.7106
    1139.000      416837.2472
    1140.000      417106.2245
    1141.000      417655.5954
    1142.000      417981.8074
    1143.000      416987.0865
    1144.000      416484.6686
    1145.000      417319.6400
    1146.000      416037.8049
    1147.000      416008.1879
    1148.000      415736.4684
    1149.000      415871.2925
    1150.000      416303.4178
    1151.000      416556.2038
    1152.000      416444.4763
    1153.000      417107.3404
    1154.000      417577.1745
    1155.000      418246.7837
    1156.000      417563.4328
    1157.000      417242.2396
    1158.000      417065.1007
    1159.000      416355.1821
    1160.000      416838.9291
    1161.000      416920.6931
    1162.000      417353.8035
    1163.000      417882.8165
    1164.000      417832.7665
    1165.000      417399.1259
    1166.000      417938.6727
    1167.000      418041.7124
    1168.000      417659.6359
    1169.000      417688.1438
    1170.000      417730.7073
    1171.000      417518.9454
    1172.000      416656.5791
    1173.000      416810.8880
    1174.000      417293.6981
    1175.000      417288.1711
    1176.000      416777.5219
    1177.000      417091.8337
    1178.000      417893.5082
    1179.000      417026.5474
    1180.000      417085.6752
    1181.000      418186.6942
    1182.000      417445.8095
    1183.000      416269.4077
    1184.000      416831.3624
    1185.000      417038.1205
    1186.000      417331.1953
    1187.000      416803.7233
    1188.000      417319.1376
    1189.000      416655.0878
    1190.000      416846.5853
    1191.000      417079.4965
    1192.000      416784.9539
    1193.000      417585.3544
    1194.000      416655.0269
    1195.000      416768.8093
    1196.000      416518.5433
    1197.000      417063.8635
    1198.000      417766.2435
    1199.000      417972.3445
    1200.000      417902.7110
    1201.000      417107.5898
    1202.000      417404.0229
    1203.000      416465.1355
    1204.000      416769.9236
    1205.000      416447.6451
    1206.000      416821.4281
    1207.000      417404.8359
    1208.000      417024.6429
    1209.000      416307.0110
    1210.000      416221.6575
    1211.000      416733.7645
    1212.000      416705.6311
    1213.000      416755.9148
    1214.000      416977.2737
    1215.000      417122.0211
    1216.000      417445.7309
    1217.000      417773.1244
    1218.000      418251.1115
    1219.000      418365.2181
    1220.000      417633.6042
    1221.000      417688.2875
    1222.000      417853.7844
    1223.000      417857.5218
    1224.000      417222.0341
    1225.000      417565.4664
    1226.000      417272.6401
    1227.000      417488.5446
    1228.000      416913.2939
    1229.000      416969.2708
    1230.000      417555.4175
    1231.000      417298.1172
    1232.000      417129.0792
    1233.000      417251.4719
    1234.000      417396.5912
    1235.000      416818.6371
    1236.000      416927.5885
    1237.000      416986.3366
    1238.000      417746.5487
    1239.000      417297.7292
    1240.000      417929.3977
    1241.000      417939.6327
    1242.000      418109.3120
    1243.000      416912.0865
    1244.000      416159.7922
    1245.000      415811.1393
    1246.000      416416.4583
    1247.000      416463.2506
    1248.000      417523.0436
    1249.000      418251.7785
    1250.000      418107.0359
    1251.000      417897.9715
    1252.000      417711.0559
    1253.000      417203.0515
    1254.000      417615.1942
    1255.000      417788.7921
    1256.000      416870.9567
    1257.000      416775.9270
    1258.000      416027.3749
    1259.000      416119.2628
    1260.000      416789.0550
    1261.000      416946.9845
    1262.000      416687.1812
    1263.000      416643.8698
    1264.000      416711.8304
    1265.000      416737.4734
    1266.000      416881.6959
    1267.000      417010.1255
    1268.000      416869.3939
    1269.000      416651.0572
    1270.000      417349.8231
    1271.000      417131.5853
    1272.000      417323.4728
    1273.000      417324.2286
    1274.000      417002.9046
    1275.000      416951.1194
    1276.000      417332.9358
    1277.000      417104.0088
    1278.000      416058.6047
    1279.000      416425.9212
    1280.000      417859.1999
    1281.000      417871.2003
    1282.000      417684.9390
    1283.000      417656.9752
    1284.000      416851.3200
    1285.000      417417.8390
    1286.000      416988.5091
    1287.000      416905.2783
    1288.000      417271.1965
    1289.000      416919.3481
    1290.000      416685.6742
    1291.000      416435.9615
    1292.000      417028.5551
    1293.000      417055.0828
    1294.000      417123.5265
    1295.000      416237.8662
    1296.000      416180.0137
    1297.000      416602.0431
    1298.000      416346.1284
    1299.000      416851.6194
    1300.000      416853.3730
    1301.000      416991.7729
    1302.000      416979.4851
    1303.000      417087.4500
    1304.000      417016.2711
    1305.000      416893.0193
    1306.000      417924.5852
    1307.000      416636.9741
    1308.000      416310.5047
    1309.000      416393.9154
    1310.000      416684.2518
    1311.000      417075.0892
    1312.000      416791.7693
    1313.000      416650.4147
    1314.000      416585.2714
    1315.000      417014.1624
    1316.000      417351.9763
    1317.000      417582.1846
    1318.000      417274.6159
    1319.000      416755.1737
    1320.000      417539.7009
    1321.000      417723.0693
    1322.000      417341.3269
    1323.000      416657.4508
    1324.000      415787.4025
    1325.000      416581.9422
    1326.000      415755.6341
    1327.000      416207.0778
    1328.000      416056.8553
    1329.000      415960.4659
    1330.000      415829.5694
    1331.000      416077.3576
    1332.000      416834.3075
    1333.000      417062.1971
    1334.000      416754.7779
    1335.000      417063.8432
    1336.000      417558.8247
    1337.000      418498.0513
    1338.000      417830.9187
    1339.000      417101.6004
    1340.000      417787.4599
    1341.000      416861.0476
    1342.000      417319.7840
    1343.000      416959.2361
    1344.000      417591.3062
    1345.000      417615.6690
    1346.000      417059.9655
    1347.000      416800.2822
    1348.000      416671.4843
    1349.000      417086.2371
    1350.000      417286.1544
    1351.000      417107.1462
    1352.000      416550.9853
    1353.000      417492.8672
    1354.000      418283.6875
    1355.000      417668.7268
    1356.000      417416.7868
    1357.000      416430.1782
    1358.000      416801.0646
    1359.000      417074.7250
    1360.000      416257.3938
    1361.000      416544.8022
    1362.000      416809.5641
    1363.000      416779.2725
    1364.000      416478.1921
    1365.000      416714.6125
    1366.000      416958.8043
    1367.000      416060.1685
    1368.000      416546.8415
    1369.000      417390.7943
    1370.000      416942.1235
    1371.000      416499.9493
    1372.000      416709.4926
    1373.000      417047.2612
    1374.000      416875.1185
    1375.000      416436.2936
    1376.000      416584.5679
    1377.000      415609.2905
    1378.000      415529.0742
    1379.000      416087.2267
    1380.000      416473.2494
    1381.000      416449.9700
    1382.000      416211.9091
    1383.000      416722.2064
    1384.000      416753.6883
    1385.000      417035.4026
    1386.000      417403.0870
    1387.000      417072.5145
    1388.000      417768.4212
    1389.000      417873.2298
    1390.000      417638.3277
    1391.000      416957.7122
    1392.000      417244.9399
    1393.000      416334.9453
    1394.000      416150.5308
    1395.000      417544.4176
    1396.000      417503.8598
    1397.000      418304.8658
    1398.000      417328.4414
    1399.000      417907.6854
    1400.000      418270.3189
    1401.000      418647.4114
    1402.000      417926.0163
    1403.000      417739.1426
    1404.000      418046.3561
    1405.000      417998.4925
    1406.000      417857.9358
    1407.000      417006.5111
    1408.000      416869.7213
    1409.000      417273.0272
    1410.000      417389.6438
    1411.000      417514.7091
    1412.000      418518.4056
    1413.000      418179.1236
    1414.000      417574.8714
    1415.000      417133.3387
    1416.000      417641.8116
    1417.000      417730.2670
    1418.000      417343.5445
    1419.000      417618.9200
    1420.000      418260.9653
    1421.000      417502.5452
    1422.000      417021.4951
    1423.000      418043.4676
    1424.000      418026.9573
    1425.000      418004.3594
    1426.000      416665.5650
    1427.000      416128.9669
    1428.000      415445.5751
    1429.000      416942.9778
    1430.000      416881.5254
    1431.000      417403.8599
    1432.000      417775.2078
    1433.000      417722.6184
    1434.000      417497.4299
    1435.000      417370.5119
    1436.000      417543.3298
    1437.000      418065.6851
    1438.000      417672.7343
    1439.000      417456.5685
    1440.000      418013.7712
    1441.000      417412.3123
    1442.000      416685.4057
    1443.000      416567.2586
    1444.000      416532.5390
    1445.000      415684.4906
    1446.000      416068.5453
    1447.000      416781.8066
    1448.000      417496.3598
    1449.000      418034.7086
    1450.000      417382.2881
    1451.000      417569.5934
    1452.000      417547.7143
    1453.000      418048.7155
    1454.000      416764.4657
    1455.000      416779.5837
    1456.000      416983.1469
    1457.000      417188.2582
    1458.000      417673.4329
    1459.000      417722.0080
    1460.000      417526.1369
    1461.000      416779.2407
    1462.000      416622.9822
    1463.000      418019.0660
    1464.000      417379.1048
    1465.000      416857.7141
    1466.000      417310.8072
    1467.000      416400.9648
    1468.000      417747.0446
    1469.000      417842.1318
    1470.000      417300.6127
    1471.000      416948.9250
    1472.000      416276.9935
    1473.000      416529.6289
    1474.000      416524.3560
    1475.000      416945.7418
    1476.000      417105.9575
    1477.000      416692.5590
    1478.000      416776.9536
    1479.000      415987.8105
    1480.000      416848.2480
    1481.000      416840.3557
    1482.000      416692.9498
    1483.000      417200.9809
    1484.000      416865.2535
    1485.000      416733.6486
    1486.000      416502.2347
    1487.000      417356.8263
    1488.000      417132.5598
    1489.000      416841.8112
    1490.000      416670.6182
    1491.000      416866.2415
    1492.000      416956.5563
    1493.000      417548.0614
    1494.000      417091.4725
    1495.000      416380.5206
    1496.000      416152.6943
    1497.000      416509.6670
    1498.000      416502.5644
    1499.000      416718.2503
    1500.000      416778.6654
    1501.000      416686.6942
    1502.000      417585.7847
    1503.000      418474.9648
    1504.000      417590.2997
    1505.000      417345.0401
    1506.000      416713.8447
    1507.000      416863.6327
    1508.000      416763.0732
    1509.000      416848.4033
    1510.000      416941.3479
    1511.000      417334.4773
    1512.000      416835.1854
    1513.000      416823.9257
    1514.000      416406.2798
    1515.000      416949.7851
    1516.000      417107.4666
    1517.000      416822.7608
    1518.000      416152.5587
    1519.000      416667.7835
    1520.000      417321.7729
    1521.000      417720.5544
    1522.000      417662.5929
    1523.000      417424.1088
    1524.000      417004.1459
    1525.000      418030.7353
    1526.000      417671.2446
    1527.000      417170.8702
    1528.000      416780.1456
    1529.000      417364.7175
    1530.000      417357.6507
    1531.000      417327.4337
    1532.000      418035.8203
    1533.000      417052.0295
    1534.000      416803.5326
    1535.000      417105.6233
    1536.000      416849.0613
    1537.000      416445.1246
    1538.000      417233.8578
    1539.000      416903.4019
    1540.000      416506.1869
    1541.000      416602.7091
    1542.000      416628.8753
    1543.000      416957.1789
    1544.000      416166.4894
    1545.000      416576.0176
    1546.000      416701.8809
    1547.000      416033.0862
    1548.000      415811.5626
    1549.000      416225.7153
    1550.000      416555.3880
    1551.000      416610.5176
    1552.000      417611.8358
    1553.000      418074.9921
    1554.000      417328.3432
    1555.000      417760.6709
    1556.000      416817.5157
    1557.000      417093.8981
    1558.000      417168.5919
    1559.000      416594.5538
    1560.000      416993.1164
    1561.000      417443.1293
    1562.000      416703.1725
    1563.000      417677.6767
    1564.000      417569.0701
    1565.000      417629.9430
    1566.000      417146.5884
    1567.000      417255.2581
    1568.000      417358.6644
    1569.000      416536.2082
    1570.000      417015.2374
    1571.000      416293.6562
    1572.000      416397.7646
    1573.000      416778.1809
    1574.000      416437.4420
    1575.000      416968.9912
    1576.000      418003.8406
    1577.000      417372.6914
    1578.000      416639.8902
    1579.000      416132.5914
    1580.000      416072.1901
    1581.000      415436.8868
    1582.000      415894.1949
    1583.000      416208.7755
    1584.000      416775.4612
    1585.000      416008.0849
    1586.000      416586.0571
    1587.000      416434.3220
    1588.000      416766.1332
    1589.000      416427.4908
    1590.000      416278.0358
    1591.000      416536.0924
    1592.000      416860.0374
    1593.000      416996.9098
    1594.000      417462.3589
    1595.000      417990.1238
    1596.000      417324.5551
    1597.000      416997.4120
    1598.000      416239.9607
    1599.000      415853.4150
    1600.000      416395.9955
    1601.000      416317.7378
    1602.000      416814.3786
    1603.000      416046.6987
    1604.000      415816.7004
    1605.000      416750.6483
    1606.000      416561.3904
    1607.000      416993.4208
    1608.000      417594.1472
    1609.000      417614.9640
    1610.000      416989.2689
    1611.000      417415.6917
    1612.000      417646.1412
    1613.000      417578.6502
    1614.000      417564.1393
    1615.000      416965.9601
    1616.000      416903.6579
    1617.000      416830.6275
    1618.000      417209.7334
    1619.000      416885.5250
    1620.000      416572.1039
    1621.000      416907.4083
    1622.000      416657.7726
    1623.000      416666.2999
    1624.000      417498.7056
    1625.000      417265.1339
    1626.000      417520.0014
    1627.000      417299.7372
    1628.000      416837.6132
    1629.000      416495.4952
    1630.000      415728.7167
    1631.000      415872.0884
    1632.000      415623.5090
    1633.000      416381.6341
    1634.000      416307.3062
    1635.000      416586.0395
    1636.000      416865.5033
    1637.000      417188.1676
    1638.000      416968.5575
    1639.000      416957.8163
    1640.000      417400.2136
    1641.000      416861.5598
    1642.000      415041.4456
    1643.000      415826.9936
    1644.000      416474.3442
    1645.000      416259.8672
    1646.000      416757.9164
    1647.000      417846.8194
    1648.000      417689.8553
    1649.000      417280.0369
    1650.000      416979.5518
    1651.000      417443.0003
    1652.000      417417.0863
    1653.000      417061.7976
    1654.000      417423.4407
    1655.000      417075.0895
    1656.000      417579.6331
    1657.000      417432.2898
    1658.000      417797.4871
    1659.000      417627.0974
    1660.000      417455.8042
    1661.000      417594.4658
    1662.000      417161.4598
    1663.000      417248.1195
    1664.000      417254.7507
    1665.000      417131.1196
    1666.000      417814.8297
    1667.000      417224.4957
    1668.000      417021.8583
    1669.000      417138.6897
    1670.000      416769.4089
    1671.000      416882.7231
    1672.000      416781.3939
    1673.000      416518.2277
    1674.000      417390.4987
    1675.000      416833.5951
    1676.000      416080.1032
    1677.000      416550.8068
    1678.000      416449.2238
    1679.000      416514.8470
    1680.000      417070.4608
    1681.000      417696.3524
    1682.000      418062.1647
    1683.000      416810.2655
    1684.000      416883.9935
    1685.000      417128.6998
    1686.000      417322.7484
    1687.000      417219.9707
    1688.000      417011.4855
    1689.000      417173.0161
    1690.000      416969.7507
    1691.000      416785.6165
    1692.000      417362.8010
    1693.000      417551.6789
    1694.000      417221.0034
    1695.000      417259.7860
    1696.000      417813.1536
    1697.000      416724.1926
    1698.000      416560.1995
    1699.000      416164.9638
    1700.000      416753.2470
    1701.000      416915.0719
    1702.000      417759.5460
    1703.000      417661.7723
    1704.000      417352.9124
    1705.000      417779.0936
    1706.000      417688.1722
    1707.000      417484.0042
    1708.000      417764.0294
    1709.000      417169.6736
    1710.000      417151.5470
    1711.000      416790.0152
    1712.000      416236.4375
    1713.000      416075.3097
    1714.000      416340.0095
    1715.000      417039.2823
    1716.000      416966.2545
    1717.000      416671.6432
    1718.000      416182.3765
    1719.000      415880.6641
    1720.000      416282.9205
    1721.000      416603.8874
    1722.000      416226.2413
    1723.000      416338.8087
    1724.000      415835.2614
    1725.000      415619.9248
    1726.000      416051.4494
    1727.000      417312.9585
    1728.000      416247.3209
    1729.000      415628.9199
    1730.000      416171.1077
    1731.000      415964.2922
    1732.000      416058.6519
    1733.000      416640.7162
    1734.000      416582.1564
    1735.000      416548.1178
    1736.000      415861.9226
    1737.000      415266.0522
    1738.000      415963.5092
    1739.000      416944.8503
    1740.000      416571.4818
    1741.000      416358.6876
    1742.000      416652.5205
    1743.000      417408.9743
    1744.000      417343.0779
    1745.000      417346.4386
    1746.000      416962.0907
    1747.000      416862.4454
    1748.000      417588.2076
    1749.000      416972.3275
    1750.000      417852.5660
    1751.000      417529.9505
    1752.000      417205.1967
    1753.000      417252.4514
    1754.000      416818.2425
    1755.000      416652.3559
    1756.000      417407.9402
    1757.000      418261.8760
    1758.000      417464.2026
    1759.000      416575.8453
    1760.000      416645.1217
    1761.000      416982.4258
    1762.000      417173.0132
    1763.000      417149.4548
    1764.000      417454.0903
    1765.000      416546.0783
    1766.000      416487.8257
    1767.000      416262.2914
    1768.000      416006.3966
    1769.000      416766.7427
    1770.000      415764.3218
    1771.000      415960.7553
    1772.000      416309.7941
    1773.000      416441.0750
    1774.000      416644.3831
    1775.000      416144.4504
    1776.000      416693.5028
    1777.000      417118.2576
    1778.000      416638.6198
    1779.000      417569.5300
    1780.000      416994.5984
    1781.000      416638.6036
    1782.000      416421.1118
    1783.000      416317.9681
    1784.000      416516.8960
    1785.000      416561.2679
    1786.000      417683.5162
    1787.000      417592.1301
    1788.000      417497.3064
    1789.000      418178.2382
    1790.000      417293.4673
    1791.000      416206.4462
    1792.000      417060.9024
    1793.000      416707.1905
    1794.000      416221.0233
    1795.000      416238.5863
    1796.000      416541.3187
    1797.000      416435.2307
    1798.000      416307.7817
    1799.000      416465.4260
    1800.000      415499.3542
    1801.000      416519.4758
    1802.000      416768.9729
    1803.000      417413.1195
    1804.000      417423.5627
    1805.000      416884.0736
    1806.000      416826.8423
    1807.000      416907.0994
    1808.000      417134.0141
    1809.000      417209.6718
    1810.000      417499.0444
    1811.000      418114.2041
    1812.000      417563.2685
    1813.000      417282.1037
    1814.000      417018.7540
    1815.000      416582.6159
    1816.000      416629.4821
    1817.000      416669.1753
    1818.000      416405.7927
    1819.000      416894.6534
    1820.000      417432.9006
    1821.000      417791.7543
    1822.000      417433.0961
    1823.000      416625.2733
    1824.000      416572.5461
    1825.000      417239.9730
    1826.000      416735.6819
    1827.000      417163.2082
    1828.000      416757.7628
    1829.000      416813.6830
    1830.000      416670.7873
    1831.000      416381.6796
    1832.000      416870.0847
    1833.000      416509.6848
    1834.000      416783.9601
    1835.000      415647.3029
    1836.000      416472.4424
    1837.000      416520.4542
    1838.000      416700.4729
    1839.000      416989.9887
    1840.000      416635.9569
    1841.000      416289.3047
    1842.000      416585.0877
    1843.000      416529.7410
    1844.000      415737.0646
    1845.000      416648.7996
    1846.000      416572.5194
    1847.000      416801.7824
    1848.000      416913.7738
    1849.000      417049.3037
    1850.000      416638.9150
    1851.000      416097.9209
    1852.000      415727.7824
    1853.000      416337.0298
    1854.000      416104.9416
    1855.000      416453.4990
    1856.000      416537.7753
    1857.000      417263.2941
    1858.000      417281.0503
    1859.000      416836.6302
    1860.000      416633.3737
    1861.000      416376.1500
    1862.000      416737.6982
    1863.000      416968.0320
    1864.000      415978.1774
    1865.000      415900.1659
    1866.000      416206.3618
    1867.000      416180.2304
    1868.000      416839.3093
    1869.000      417394.2179
    1870.000      417296.3342
    1871.000      416404.2029
    1872.000      416940.2871
    1873.000      417281.3174
    1874.000      416808.2453
    1875.000      416915.6899
    1876.000      417326.2351
    1877.000      416778.3400
    1878.000      416120.9635
    1879.000      416243.2975
    1880.000      416465.1595
    1881.000      416339.9831
    1882.000      416722.3787
    1883.000      416810.8367
    1884.000      416296.9573
    1885.000      417290.9647
    1886.000      417381.9903
    1887.000      415809.1383
    1888.000      415938.1552
    1889.000      416656.3337
    1890.000      416889.0663
    1891.000      415998.5243
    1892.000      416235.7875
    1893.000      416562.5386
    1894.000      416511.6107
    1895.000      416412.1324
    1896.000      415930.5424
    1897.000      416888.1933
    1898.000      416690.2844
    1899.000      416784.3201
    1900.000      416226.9415
    1901.000      416296.4773
    1902.000      416825.2706
    1903.000      416670.3683
    1904.000      416193.7312
    1905.000      416781.9000
    1906.000      416398.6070
    1907.000      416207.4196
    1908.000      416310.9205
    1909.000      416683.3499
    1910.000      417167.3268
    1911.000      417294.6812
    1912.000      417052.2220
    1913.000      417012.0418
    1914.000      416564.9002
    1915.000      415991.4684
    1916.000      416044.7001
    1917.000      415739.8085
    1918.000      415660.8708
    1919.000      416457.5291
    1920.000      416692.0347
    1921.000      416957.7203
    1922.000      416826.8572
    1923.000      416367.2343
    1924.000      416793.5366
    1925.000      417017.5691
    1926.000      416637.5371
    1927.000      416912.8578
    1928.000      416183.3691
    1929.000      416350.4469
    1930.000      416254.3712
    1931.000      416041.6088
    1932.000      416814.9101
    1933.000      416884.9611
    1934.000      417213.5541
    1935.000      417394.4392
    1936.000      417731.4801
    1937.000      417897.3182
    1938.000      418014.4047
    1939.000      417020.2995
    1940.000      416858.8293
    1941.000      417146.8163
    1942.000      416660.6142
    1943.000      417618.0905
    1944.000      417728.1933
    1945.000      417404.7451
    1946.000      417016.5871
    1947.000      416296.3349
    1948.000      416452.4950
    1949.000      417058.1949
    1950.000      416858.9264
    1951.000      416553.7683
    1952.000      416171.7762
    1953.000      416896.5771
    1954.000      416945.5760
    1955.000      416464.7437
    1956.000      416903.7679
    1957.000      417524.1072
    1958.000      417647.0990
    1959.000      417048.9203
    1960.000      416852.9605
    1961.000      417246.7522
    1962.000      417116.8188
    1963.000      417000.2742
    1964.000      416823.9892
    1965.000      416685.5707
    1966.000      416512.8252
    1967.000      416858.4952
    1968.000      416737.1738
    1969.000      417295.0680
    1970.000      417663.3679
    1971.000      417371.8583
    1972.000      417354.0677
    1973.000      417111.3041
    1974.000      417636.7322
    1975.000      417302.3505
    1976.000      416953.0095
    1977.000      416343.1274
    1978.000      416803.6406
    1979.000      417520.5755
    1980.000      417443.5909
    1981.000      417239.8875
    1982.000      416821.8029
    1983.000      417184.2233
    1984.000      417134.3011
    1985.000      417305.9703
    1986.000      417773.1678
    1987.000      417702.8583
    1988.000      417431.5021
    1989.000      416525.9163
    1990.000      416863.7544
    1991.000      416996.9873
    1992.000      416471.2120
    1993.000      416039.4800
    1994.000      415376.4338
    1995.000      415406.8800
    1996.000      416187.0111
    1997.000      415873.1153
    1998.000      416133.2458
    1999.000      417081.6205
    2000.000      417788.7481
    2001.000      417783.2097
    2002.000      416952.1702
    2003.000      417139.0034
    2004.000      417021.6261
    2005.000      417036.8307
    2006.000      416824.2679
    2007.000      417200.2602
    2008.000      417078.8955
    2009.000      416100.0337
    2010.000      416081.8590
    2011.000      416759.7450
    2012.000      417308.0910
    2013.000      417516.9700
    2014.000      417251.9889
    2015.000      417251.9553
    2016.000      416921.7427
    2017.000      416807.8064
    2018.000      417649.4480
    2019.000      417921.6941
    2020.000      417144.3378
    2021.000      416172.7961
    2022.000      416354.2816
    2023.000      417316.4724
    2024.000      417811.2692
    2025.000      417612.3384
    2026.000      417597.5078
    2027.000      417416.6971
    2028.000      417334.8624
    2029.000      416666.7518
    2030.000      416996.3355
    2031.000      416612.2563
    2032.000      416384.5408
    2033.000      416092.4029
    2034.000      416461.9703
    2035.000      416080.3521
    2036.000      416388.4299
    2037.000      417261.4282
    2038.000      417331.0800
    2039.000      416849.9044
    2040.000      417190.7806
    2041.000      417338.7597
    2042.000      417182.9305
    2043.000      417070.7957
    2044.000      416890.0668
    2045.000      416731.6189
    2046.000      416366.2769
    2047.000      417003.4022
    2048.000      417375.6971
    2049.000      417147.6404
    2050.000      416936.3000
    2051.000      417262.5174
    2052.000      416847.0058
    2053.000      417136.3470
    2054.000      417387.0981
    2055.000      417275.3094
    2056.000      416561.7847
    2057.000      417240.8300
    2058.000      416118.5072
    2059.000      415993.9646
    2060.000      416216.9718
    2061.000      416356.4847
    2062.000      416694.2399
    2063.000      416247.4245
    2064.000      416588.5083
    2065.000      416971.6430
    2066.000      416666.9282
    2067.000      417702.1292
    2068.000      417617.0440
    2069.000      417520.3227
    2070.000      417362.2409
    2071.000      416975.6915
    2072.000      416765.3182
    2073.000      416702.0658
    2074.000      416224.2744
    2075.000      415933.9185
    2076.000      416417.3043
    2077.000      416482.5657
    2078.000      415888.8479
    2079.000      415913.2111
    2080.000      416528.5652
    2081.000      416482.4874
    2082.000      416452.4317
    2083.000      416707.6690
    2084.000      416139.2058
    2085.000      416062.3737
    2086.000      415534.8805
    2087.000      415371.1216
    2088.000      416257.5647
    2089.000      417702.4499
    2090.000      417789.0002
    2091.000      417350.2515
    2092.000      416956.8278
    2093.000      416684.3229
    2094.000      416165.7888
    2095.000      416757.9828
    2096.000      416794.4609
    2097.000      417000.1073
    2098.000      416436.4350
    2099.000      417389.2426
    2100.000      417581.3422
    2101.000      418052.5099
    2102.000      417732.1650
    2103.000      417540.2729
    2104.000      417566.0052
    2105.000      417261.3409
    2106.000      417205.3293
    2107.000      417189.1335
    2108.000      417142.8228
    2109.000      416238.5971
    2110.000      417363.2082
    2111.000      417575.0757
    2112.000      416170.5558
    2113.000      416755.8091
    2114.000      416614.8604
    2115.000      417102.5031
    2116.000      416995.6740
    2117.000      417013.8234
    2118.000      417413.2042
    2119.000      416861.5184
    2120.000      416910.0757
    2121.000      416951.1759
    2122.000      416959.6387
    2123.000      416754.7640
    2124.000      417227.4996
    2125.000      417123.4205
    2126.000      416554.2222
    2127.000      416596.8397
    2128.000      416167.4321
    2129.000      417016.6995
    2130.000      417460.2112
    2131.000      417681.9618
    2132.000      418280.3070
    2133.000      417936.5722
    2134.000      416648.7457
    2135.000      416751.5694
    2136.000      417224.5722
    2137.000      417658.8708
    2138.000      416458.2380
    2139.000      416475.2322
    2140.000      416489.7701
    2141.000      416605.2682
    2142.000      416295.0653
    2143.000      416663.4113
    2144.000      416183.4781
    2145.000      416845.3552
    2146.000      416840.7798
    2147.000      417473.5874
    2148.000      417323.9798
    2149.000      417444.3591
    2150.000      416836.5000
    2151.000      416943.2399
    2152.000      416750.4269
    2153.000      417132.0529
    2154.000      416828.1682
    2155.000      417240.1746
    2156.000      417008.7222
    2157.000      415567.2775
    2158.000      416833.5716
    2159.000      416507.1420
    2160.000      416314.7862
    2161.000      416784.9966
    2162.000      417110.7355
    2163.000      416903.9774
    2164.000      416871.4584
    2165.000      416871.6601
    2166.000      417554.6099
    2167.000      417022.2645
    2168.000      416706.2095
    2169.000      416119.6072
    2170.000      417105.3854
    2171.000      417474.3201
    2172.000      416534.3922
    2173.000      417066.0794
    2174.000      416917.2492
    2175.000      416377.7025
    2176.000      416060.4172
    2177.000      416140.0429
    2178.000      416900.5341
    2179.000      416916.0056
    2180.000      417378.1408
    2181.000      417127.6722
    2182.000      416952.0002
    2183.000      417003.0945
    2184.000      416673.1026
    2185.000      417788.5396
    2186.000      417543.0264
    2187.000      417130.0751
    2188.000      417418.1172
    2189.000      417241.1463
    2190.000      417831.8554
    2191.000      418074.4763
    2192.000      417778.8557
    2193.000      416841.3253
    2194.000      417123.9713
    2195.000      417069.1110
    2196.000      417175.7276
    2197.000      418097.3732
    2198.000      418218.0666
    2199.000      418176.4190
    2200.000      417582.5956
    2201.000      417733.6355
    2202.000      417648.5636
    2203.000      418115.7689
    2204.000      417373.1797
    2205.000      417030.9472
    2206.000      417234.7882
    2207.000      417588.9993
    2208.000      417707.0774
    2209.000      416819.8039
    2210.000      417404.7750
    2211.000      417062.7432
    2212.000      417329.9936
    2213.000      416975.3726
    2214.000      417213.8205
    2215.000      416887.3531
    2216.000      416196.6730
    2217.000      416424.7859
    2218.000      417089.1783
    2219.000      416295.4148
    2220.000      416636.6808
    2221.000      416339.5386
    2222.000      417082.9684
    2223.000      417232.9738
    2224.000      417094.6437
    2225.000      417575.3447
    2226.000      417711.7802
    2227.000      416933.7238
    2228.000      417328.4556
    2229.000      417249.3354
    2230.000      417226.3236
    2231.000      416427.2358
    2232.000      416411.4826
    2233.000      416894.0092
    2234.000      416603.6861
    2235.000      416551.2565
    2236.000      416631.6087
    2237.000      416604.8294
    2238.000      416295.0551
    2239.000      416420.4322
    2240.000      417030.9766
    2241.000      417615.5332
    2242.000      417434.0891
    2243.000      416080.3165
    2244.000      416399.8849
    2245.000      416620.8985
    2246.000      415886.7187
    2247.000      416612.4028
    2248.000      416873.0699
    2249.000      417065.1510
    2250.000      417034.5551
    2251.000      416126.1050
    2252.000      416017.1447
    2253.000      415967.4653
    2254.000      416449.5753
    2255.000      416369.3446
    2256.000      416370.8167
    2257.000      416074.0927
    2258.000      416766.2343
    2259.000      417107.1705
    2260.000      416832.3415
    2261.000      417044.6752
    2262.000      416559.2977
    2263.000      417437.5797
    2264.000      417234.7779
    2265.000      416951.7740
    2266.000      417419.5030
    2267.000      418016.9097
    2268.000      417222.5225
    2269.000      416872.6397
    2270.000      416951.7659
    2271.000      417862.5308
    2272.000      417766.3584
    2273.000      417190.2119
    2274.000      416657.6733
    2275.000      417074.9178
    2276.000      417054.4238
    2277.000      417106.6448
    2278.000      417523.6227
    2279.000      417846.1911
    2280.000      417920.2894
    2281.000      417958.4333
    2282.000      417316.7496
    2283.000      417216.1871
    2284.000      417487.2879
    2285.000      417725.4448
    2286.000      417372.5827
    2287.000      416899.3538
    2288.000      416299.7037
    2289.000      416061.3426
    2290.000      417018.9868
    2291.000      416624.7930
    2292.000      417733.3861
    2293.000      417507.7240
    2294.000      417102.1403
    2295.000      417586.8852
    2296.000      417083.1578
    2297.000      416850.6328
    2298.000      416959.1337
    2299.000      416717.5119
    2300.000      417132.1056
    2301.000      416203.9259
    2302.000      416048.4663
    2303.000      416289.4412
    2304.000      415888.3960
    2305.000      415904.4764
    2306.000      415831.3948
    2307.000      416750.9009
    2308.000      416420.0163
    2309.000      416617.4923
    2310.000      416105.8071
    2311.000      416311.0696
    2312.000      415912.1173
    2313.000      416557.1601
    2314.000      416877.8119
    2315.000      417957.5660
    2316.000      417444.0479
    2317.000      416282.6472
    2318.000      416772.9139
    2319.000      416648.0150
    2320.000      416215.0154
    2321.000      416651.1841
    2322.000      416259.1011
    2323.000      416467.4937
    2324.000      416165.1638
    2325.000      416042.9529
    2326.000      416770.9576
    2327.000      417251.6777
    2328.000      417220.8761
    2329.000      416879.1706
    2330.000      417723.7382
    2331.000      416894.8504
    2332.000      417296.0807
    2333.000      416835.7178
    2334.000      416841.7311
    2335.000      416727.3456
    2336.000      416054.3673
    2337.000      416002.0774
    2338.000      415996.6851
    2339.000      415939.0146
    2340.000      416451.6690
    2341.000      416786.5537
    2342.000      417105.0757
    2343.000      417032.9877
    2344.000      416864.3913
    2345.000      416256.9187
    2346.000      416913.2922
    2347.000      416404.0116
    2348.000      417214.4692
    2349.000      417653.0308
    2350.000      417898.2147
    2351.000      417174.4511
    2352.000      417244.0270
    2353.000      417040.7903
    2354.000      417515.3292
    2355.000      416945.8962
    2356.000      416737.9011
    2357.000      416623.0232
    2358.000      417359.6943
    2359.000      417631.0855
    2360.000      417195.6665
    2361.000      416518.5762
    2362.000      416424.0705
    2363.000      415968.4625
    2364.000      416700.5377
    2365.000      417056.0388
    2366.000      417507.8256
    2367.000      417248.1611
    2368.000      417435.2802
    2369.000      417478.8234
    2370.000      417119.1580
    2371.000      417322.9024
    2372.000      416316.4176
    2373.000      416144.1589
    2374.000      416995.7614
    2375.000      416814.9635
    2376.000      417195.2527
    2377.000      416988.6150
    2378.000      416856.9866
    2379.000      416352.7734
    2380.000      416157.6601
    2381.000      416186.5209
    2382.000      416689.9933
    2383.000      417110.9837
    2384.000      416873.2539
    2385.000      417508.4496
    2386.000      418470.8955
    2387.000      418088.5605
    2388.000      417042.4546
    2389.000      416796.8213
    2390.000      416836.9458
    2391.000      416761.0200
    2392.000      416737.4495
    2393.000      416390.2064
    2394.000      416130.6205
    2395.000      416982.2239
    2396.000      417044.8490
    2397.000      417217.6926
    2398.000      417163.3245
    2399.000      417248.6455
    2400.000      416672.0993
    2401.000      416800.8990
    2402.000      417453.8601
    2403.000      417410.5895
    2404.000      417095.5769
    2405.000      418130.7512
    2406.000      417687.4117
    2407.000      417562.3597
    2408.000      417446.5213
    2409.000      416495.7433
    2410.000      417220.8791
    2411.000      417553.4848
    2412.000      417964.4219
    2413.000      417805.6890
    2414.000      417869.6893
    2415.000      417850.4819
    2416.000      417210.6278
    2417.000      416497.5679
    2418.000      416783.5207
    2419.000      417213.8439
    2420.000      417132.3086
    2421.000      417139.3997
    2422.000      417063.1278
    2423.000      416771.9565
    2424.000      417799.3008
    2425.000      417377.0221
    2426.000      417440.2789
    2427.000      417165.0605
    2428.000      417733.9146
    2429.000      417890.3004
    2430.000      418396.3774
    2431.000      418037.4573
    2432.000      417569.2810
    2433.000      417415.8093
    2434.000      417956.9166
    2435.000      417722.0854
    2436.000      417729.7581
    2437.000      417193.3966
    2438.000      417313.7299
    2439.000      417330.7153
    2440.000      416700.5440
    2441.000      416817.4975
    2442.000      416376.8891
    2443.000      417161.1660
    2444.000      416548.4004
    2445.000      416572.6054
    2446.000      416620.2815
    2447.000      416111.7436
    2448.000      416811.1550
    2449.000      416918.0994
    2450.000      416784.2121
    2451.000      416732.5736
    2452.000      417145.8355
    2453.000      417147.0218
    2454.000      418021.1221
    2455.000      417952.2437
    2456.000      417456.1337
    2457.000      417207.0711
    2458.000      416725.0958
    2459.000      417573.6840
    2460.000      417339.9479
    2461.000      417681.7870
    2462.000      416690.1718
    2463.000      416632.7150
    2464.000      416521.9768
    2465.000      415868.0958
    2466.000      416395.2715
    2467.000      416346.7557
    2468.000      416261.1394
    2469.000      416567.8968
    2470.000      416030.4744
    2471.000      416486.1421
    2472.000      416545.6471
    2473.000      416136.2402
    2474.000      416469.7411
    2475.000      416637.0759
    2476.000      416707.3301
    2477.000      416661.4311
    2478.000      417473.7460
    2479.000      416380.5470
    2480.000      417854.9294
    2481.000      418339.0230
    2482.000      418192.9077
    2483.000      417128.0496
    2484.000      417389.4798
    2485.000      417478.8941
    2486.000      417225.6306
    2487.000      416948.7062
    2488.000      416660.0578
    2489.000      416905.1017
    2490.000      416201.2454
    2491.000      416271.9795
    2492.000      416772.9851
    2493.000      416349.6087
    2494.000      417223.4152
    2495.000      416738.3306
    2496.000      415949.4725
    2497.000      416466.9844
    2498.000      417704.4798
    2499.000      417643.5732
    2500.000      417315.8034
    2501.000      417481.6360
    2502.000      417426.8781
    2503.000      417100.8697
    2504.000      416721.0517
    2505.000      417548.4176
    2506.000      418171.7766
    2507.000      418017.1362
    2508.000      417788.4625
    2509.000      416650.8240
    2510.000      416088.3399
    2511.000      416440.7324
    2512.000      417279.3383
    2513.000      416548.3763
    2514.000      416175.8164
    2515.000      416530.8063
    2516.000      416905.6744
    2517.000      416387.6284
    2518.000      417071.9924
    2519.000      417128.2872
    2520.000      417190.2770
    2521.000      417256.1120
    2522.000      417264.7573
    2523.000      416988.4066
    2524.000      416578.8070
    2525.000      416631.3510
    2526.000      416527.6999
    2527.000      416285.9467
    2528.000      417254.7650
    2529.000      417460.5837
    2530.000      417099.7453
    2531.000      417433.2539
    2532.000      416749.3205
    2533.000      416990.8048
    2534.000      416578.7549
    2535.000      416502.2927
    2536.000      416961.8457
    2537.000      416712.2223
    2538.000      416560.7848
    2539.000      416589.6944
    2540.000      416452.4172
    2541.000      416337.4009
    2542.000      416849.6487
    2543.000      417044.5626
    2544.000      417046.5419
    2545.000      417141.4724
    2546.000      417163.9975
    2547.000      417449.3099
    2548.000      417202.7831
    2549.000      416638.9672
    2550.000      416629.4894
    2551.000      418173.9460
    2552.000      417348.3436
    2553.000      416924.8093
    2554.000      416841.1457
    2555.000      416632.3948
    2556.000      416557.4375
    2557.000      415472.5695
    2558.000      415444.2890
    2559.000      416626.5785
    2560.000      416977.6800
    2561.000      417246.6570
    2562.000      417546.4183
    2563.000      417105.6056
    2564.000      417395.6146
    2565.000      417115.1300
    2566.000      416566.6740
    2567.000      416575.0719
    2568.000      416528.7205
    2569.000      416779.3531
    2570.000      417002.6659
    2571.000      417757.5172
    2572.000      417487.3533
    2573.000      416887.6660
    2574.000      416965.9821
    2575.000      417527.6405
    2576.000      417350.4621
    2577.000      417143.1611
    2578.000      417392.0033
    2579.000      416747.8286
    2580.000      417290.4615
    2581.000      416596.3604
    2582.000      417005.2341
    2583.000      416934.5985
    2584.000      417088.1912
    2585.000      417170.2363
    2586.000      417085.5369
    2587.000      416835.6848
    2588.000      416696.5645
    2589.000      417436.5998
    2590.000      417652.2964
    2591.000      417504.4796
    2592.000      417328.3887
    2593.000      415495.6186
    2594.000      417178.5705
    2595.000      417506.2612
    2596.000      417294.4246
    2597.000      416868.2707
    2598.000      417173.9405
    2599.000      416847.6056
    2600.000      416390.5000
    2601.000      416419.2442
    2602.000      416643.6985
    2603.000      416504.9659
    2604.000      416994.8829
    2605.000      417393.2034
    2606.000      416992.4403
    2607.000      416959.7164
    2608.000      417589.6562
    2609.000      416859.6287
    2610.000      416685.0680
    2611.000      417346.2809
    2612.000      417560.7102
    2613.000      417207.9960
    2614.000      417098.9069
    2615.000      416995.4204
    2616.000      416894.0839
    2617.000      416600.1757
    2618.000      416718.5730
    2619.000      417093.8412
    2620.000      416371.4719
    2621.000      416459.3593
    2622.000      416322.1535
    2623.000      416048.7466
    2624.000      415979.2264
    2625.000      416699.6216
    2626.000      416526.3239
    2627.000      417031.4193
    2628.000      416981.7699
    2629.000      416483.1666
    2630.000      416851.5920
    2631.000      417258.2518
    2632.000      416939.6209
    2633.000      416160.6593
    2634.000      417001.9505
    2635.000      417153.4687
    2636.000      418049.4504
    2637.000      417561.5494
    2638.000      417968.8180
    2639.000      417976.1591
    2640.000      417416.3395
    2641.000      417294.3873
    2642.000      417683.0866
    2643.000      417234.7639
    2644.000      416615.5755
    2645.000      416907.1933
    2646.000      417131.1988
    2647.000      416884.0323
    2648.000      416847.8820
    2649.000      416923.0353
    2650.000      415938.0101
    2651.000      416342.2223
    2652.000      417003.4607
    2653.000      416943.6041
    2654.000      416753.6859
    2655.000      416445.9859
    2656.000      416872.7995
    2657.000      416589.8378
    2658.000      416182.6607
    2659.000      416765.0332
    2660.000      417148.5882
    2661.000      416880.7306
    2662.000      417142.5460
    2663.000      416861.9625
    2664.000      417538.1495
    2665.000      417050.1748
    2666.000      416773.8810
    2667.000      418150.1680
    2668.000      417765.7971
    2669.000      417190.9951
    2670.000      416920.2757
    2671.000      417711.6129
    2672.000      417190.8473
    2673.000      416896.7841
    2674.000      416675.9287
    2675.000      417249.4720
    2676.000      416816.6648
    2677.000      417862.1113
    2678.000      417500.5827
    2679.000      416718.2163
    2680.000      416785.2926
    2681.000      416787.6438
    2682.000      417955.2147
    2683.000      417487.9245
    2684.000      417605.3453
    2685.000      416515.3155
    2686.000      416603.1535
    2687.000      417562.7161
    2688.000      416966.7656
    2689.000      416974.5934
    2690.000      416819.6243
    2691.000      417620.3036
    2692.000      417041.6875
    2693.000      417763.2655
    2694.000      417286.2954
    2695.000      416714.9650
    2696.000      416472.7473
    2697.000      416550.4387
    2698.000      416544.3412
    2699.000      416681.0219
    2700.000      417158.9216
    2701.000      417437.8507
    2702.000      418401.0054
    2703.000      418200.6450
    2704.000      418536.6478
    2705.000      417952.7759
    2706.000      416716.1127
    2707.000      416988.8436
    2708.000      417111.8918
    2709.000      417514.5308
    2710.000      417689.4726
    2711.000      417779.5968
    2712.000      417543.5260
    2713.000      417191.8764
    2714.000      417136.2506
    2715.000      416548.3211
    2716.000      416575.8743
    2717.000      416504.7423
    2718.000      416210.6767
    2719.000      416020.4561
    2720.000      416694.9424
    2721.000      417244.0142
    2722.000      416779.5716
    2723.000      417143.9042
    2724.000      416693.8876
    2725.000      416546.4710
    2726.000      416372.1697
    2727.000      417078.5141
    2728.000      417447.1059
    2729.000      417281.1698
    2730.000      417617.5777
    2731.000      417433.7249
    2732.000      418286.1521
    2733.000      416965.3222
    2734.000      416972.7082
    2735.000      416901.6653
    2736.000      416316.5030
    2737.000      415737.6120
    2738.000      415869.8357
    2739.000      416010.1411
    2740.000      416241.7790
    2741.000      416967.4882
    2742.000      416917.3908
    2743.000      416336.5230
    2744.000      416764.7562
    2745.000      417672.3533
    2746.000      417619.7386
    2747.000      417728.2679
    2748.000      417326.6169
    2749.000      417753.6334
    2750.000      418010.3939
    2751.000      417649.9253
    2752.000      417203.7155
    2753.000      417143.9251
    2754.000      416561.6564
    2755.000      416660.1820
    2756.000      417989.3858
    2757.000      418179.3278
    2758.000      417451.4150
    2759.000      417161.6085
    2760.000      417185.8184
    2761.000      416787.5210
    2762.000      416972.1448
    2763.000      417774.6945
    2764.000      417507.8402
    2765.000      417441.6810
    2766.000      417494.2533
    2767.000      416874.8849
    2768.000      416354.4150
    2769.000      416593.7362
    2770.000      417243.5844
    2771.000      417291.6820
    2772.000      417457.6826
    2773.000      417286.3734
    2774.000      417548.0493
    2775.000      417182.0044
    2776.000      417092.3799
    2777.000      416358.9672
    2778.000      416166.9477
    2779.000      417128.9660
    2780.000      416814.9038
    2781.000      417345.7328
    2782.000      416714.7153
    2783.000      417009.9965
    2784.000      416655.2204
    2785.000      416794.4688
    2786.000      417093.5571
    2787.000      417402.9286
    2788.000      418062.8960
    2789.000      417511.4299
    2790.000      417692.5446
    2791.000      417057.6651
    2792.000      417237.4516
    2793.000      417525.9026
    2794.000      417017.2839
    2795.000      417489.6140
    2796.000      417318.7304
    2797.000      417158.2469
    2798.000      417560.1325
    2799.000      417276.3761
    2800.000      417378.1644
    2801.000      417702.0768
    2802.000      417340.6815
    2803.000      417840.0914
    2804.000      417890.7201
    2805.000      417846.6547
    2806.000      417401.7043
    2807.000      417786.6211
    2808.000      417527.4674
    2809.000      417275.4693
    2810.000      417332.6839
    2811.000      417650.0579
    2812.000      417362.2492
    2813.000      417594.0008
    2814.000      418213.7449
    2815.000      418306.3437
    2816.000      417936.7611
    2817.000      417859.2318
    2818.000      416866.5562
    2819.000      416784.4943
    2820.000      416750.6337
    2821.000      416602.6510
    2822.000      416620.4937
    2823.000      417662.3751
    2824.000      417632.2657
    2825.000      417145.1492
    2826.000      416900.4257
    2827.000      417084.0718
    2828.000      417278.2717
    2829.000      417364.0415
    2830.000      417386.2766
    2831.000      416744.4478
    2832.000      416716.3647
    2833.000      416845.7131
    2834.000      417056.2556
    2835.000      416847.7019
    2836.000      416774.5644
    2837.000      417049.6268
    2838.000      416333.2833
    2839.000      415711.6656
    2840.000      415498.9309
    2841.000      415687.5922
    2842.000      416356.0413
    2843.000      416348.5256
    2844.000      416817.1867
    2845.000      416344.2929
    2846.000      416351.0098
    2847.000      416811.5455
    2848.000      417026.0805
    2849.000      417026.0837
    2850.000      417193.8299
    2851.000      416892.0233
    2852.000      416609.6675
    2853.000      417399.8140
    2854.000      417384.1332
    2855.000      416548.0814
    2856.000      417256.1799
    2857.000      416541.9508
    2858.000      416979.9692
    2859.000      415754.6197
    2860.000      417296.5391
    2861.000      417110.6398
    2862.000      417022.9670
    2863.000      417142.6393
    2864.000      416684.0017
    2865.000      416580.0908
    2866.000      416214.6771
    2867.000      417311.8897
    2868.000      417218.7813
    2869.000      416951.0935
    2870.000      417060.8395
    2871.000      416457.3425
    2872.000      416060.4683
    2873.000      416087.5811
    2874.000      416345.8995
    2875.000      416660.8598
    2876.000      417063.1321
    2877.000      416871.7144
    2878.000      416975.1450
    2879.000      416653.6271
    2880.000      416449.0606
    2881.000      416250.1983
    2882.000      416643.0619
    2883.000      417113.8818
    2884.000      417136.5416
    2885.000      417534.2559
    2886.000      417626.8149
    2887.000      417146.4013
    2888.000      417720.8901
    2889.000      417513.6004
    2890.000      417561.0456
    2891.000      417030.4287
    2892.000      416127.0468
    2893.000      416218.0811
    2894.000      416709.3361
    2895.000      417432.0485
    2896.000      417825.8157
    2897.000      418322.7549
    2898.000      418016.2751
    2899.000      417416.5818
    2900.000      417063.9603
    2901.000      417076.4740
    2902.000      417215.1049
    2903.000      417650.9676
    2904.000      416434.2115
    2905.000      416627.8680
    2906.000      417258.7982
    2907.000      416569.9496
    2908.000      416666.8447
    2909.000      416580.0629
    2910.000      416586.3566
    2911.000      417143.4162
    2912.000      417045.6257
    2913.000      417191.5514
    2914.000      416841.4769
    2915.000      417292.9220
    2916.000      416666.1243
    2917.000      417597.5469
    2918.000      417048.1597
    2919.000      416356.6239
    2920.000      415983.9336
    2921.000      416368.4561
    2922.000      416075.5876
    2923.000      416695.9225
    2924.000      416686.3696
    2925.000      416440.7164
    2926.000      416837.1167
    2927.000      416745.3374
    2928.000      416553.8964
    2929.000      416323.5126
    2930.000      416676.1718
    2931.000      417156.1692
    2932.000      417656.7716
    2933.000      417347.1937
    2934.000      418232.6862
    2935.000      417883.0399
    2936.000      417241.1299
    2937.000      417068.3696
    2938.000      416915.8876
    2939.000      416225.8581
    2940.000      415984.3228
    2941.000      416865.0019
    2942.000      417158.2358
    2943.000      417181.8542
    2944.000      416260.8484
    2945.000      415749.2603
    2946.000      415484.3748
    2947.000      415514.8158
    2948.000      416284.4004
    2949.000      416929.6660
    2950.000      417634.2861
    2951.000      417369.2117
    2952.000      416811.6521
    2953.000      416335.4766
    2954.000      415613.8346
    2955.000      415621.7229
    2956.000      416347.0529
    2957.000      416312.7495
    2958.000      416374.3321
    2959.000      416829.1450
    2960.000      416858.0493
    2961.000      416897.3293
    2962.000      417057.1041
    2963.000      417237.9615
    2964.000      416659.8456
    2965.000      416843.6077
    2966.000      416600.1322
    2967.000      416407.2026
    2968.000      416709.8994
    2969.000      417038.4729
    2970.000      417398.4782
    2971.000      417515.3996
    2972.000      417017.2064
    2973.000      417124.8564
    2974.000      417240.2334
    2975.000      417426.6154
    2976.000      417730.9220
    2977.000      417495.1217
    2978.000      417015.4693
    2979.000      417671.5462
    2980.000      417374.8010
    2981.000      417016.8945
    2982.000      416630.7383
    2983.000      417267.1989
    2984.000      417314.9599
    2985.000      416981.9009
    2986.000      416888.9785
    2987.000      416404.4355
    2988.000      416406.9035
    2989.000      416009.1357
    2990.000      416864.1206
    2991.000      416862.8674
    2992.000      416934.5738
    2993.000      417139.5564
    2994.000      417018.3184
    2995.000      416832.3619
    2996.000      416967.4289
    2997.000      416375.5894
    2998.000      416410.4117
    2999.000      416451.9029
    3000.000      416186.9516
    3001.000      416869.2127
    3002.000      416402.9362
    3003.000      415693.1429
    3004.000      416811.9371
    3005.000      417378.7216
    3006.000      417341.8257
    3007.000      417268.9192
    3008.000      417168.9674
    3009.000      416875.2300
    3010.000      416843.6396
    3011.000      417477.6295
    3012.000      417013.4177
    3013.000      417219.4899
    3014.000      417076.9046
    3015.000      416940.7117
    3016.000      416610.9281
    3017.000      417719.8747
    3018.000      418160.4806
    3019.000      417840.2247
    3020.000      416839.5717
    3021.000      418041.5278
    3022.000      417561.9679
    3023.000      417369.9905
    3024.000      416711.6607
    3025.000      416644.0712
    3026.000      417620.9347
    3027.000      416717.7199
    3028.000      416722.9101
    3029.000      416967.9527
    3030.000      416975.9319
    3031.000      417528.5285
    3032.000      417304.0267
    3033.000      417166.7639
    3034.000      416780.2497
    3035.000      416240.3613
    3036.000      416007.2204
    3037.000      416586.7356
    3038.000      417591.2549
    3039.000      418161.2523
    3040.000      417888.0411
