Frame	Volume
1	2787.17
2	2772.89
3	2778.91
4	2791.96
5	2790.16
6	2794.89
7	2792.11
8	2803.15
9	2795.93
10	2785.05
11	2787.33
12	2784.44
13	2788.26
14	2787.01
15	2786.11
16	2791.88
17	2794.88
18	2788.38
19	2789.68
20	2784.69
21	2789.68
22	2788.04
23	2788.95
24	2786.11
25	2789.43
26	2788.26
27	2786.28
28	2792.21
29	2788.31
30	2790.76
31	2785.07
32	2789.4
33	2787.88
34	2788.89
35	2786.67
36	2787.05
37	2786.4
38	2785.7
39	2787.54
40	2788.3
41	2789.92
42	2786.73
43	2787.95
44	2787.96
45	2789.24
46	2787.71
47	2789.59
48	2787.22
49	2786.84
50	2787.67
51	2786.03
52	2789.41
53	2790.01
54	2787.89
55	2788.33
56	2787.41
57	2788.37
58	2787.89
59	2787.59
60	2788.96
61	2787.51
62	2788.04
63	2787.78
64	2788.19
65	2788.52
66	2788.27
67	2787.48
68	2788.3
69	2787.81
70	2786.8
71	2789.28
72	2789.38
73	2788.57
74	2787.39
75	2787.77
76	2788.23
77	2787.23
78	2787.04
79	2787.61
80	2788.75
81	2786.43
82	2788.64
83	2789.07
84	2788.23
85	2789.35
86	2788.28
87	2788.99
88	2788.09
89	2787.36
90	2787.41
91	2788.87
92	2786.84
93	2788.11
94	2787.72
95	2788.85
96	2787.73
97	2788.74
98	2788.52
99	2788.47
100	2788.79
101	2789.32
102	2787.47
103	2787.84
104	2788.59
105	2787.75
106	2787.42
107	2787.5
108	2788.45
109	2787.93
110	2788.53
111	2788.51
112	2787.96
113	2786.94
114	2786.97
115	2788.46
116	2787.97
117	2788.86
118	2787.59
119	2786.75
120	2787.66
121	2788.46
122	2787.8
123	2788.01
124	2787.33
125	2787.75
126	2787.57
127	2788.39
128	2788.85
129	2786.8
130	2788.09
131	2788.03
132	2787.32
133	2787.88
134	2787.77
135	2788.23
136	2788.32
137	2787.16
138	2788.97
139	2788.54
140	2788.59
141	2787.36
142	2788.51
143	2787.6
144	2788.68
145	2788.08
146	2787.74
147	2788.12
148	2788.57
149	2788.42
150	2788.35
151	2788.36
152	2787.96
153	2787.75
154	2788.35
155	2788.16
156	2788.41
157	2788.03
158	2787.77
159	2787.4
160	2788.39
161	2787.59
162	2788.32
163	2787.7
164	2787.95
165	2788.97
166	2788.14
167	2787.44
168	2787.72
169	2787.79
170	2788.54
171	2788.19
172	2787.74
173	2788.47
174	2788.04
175	2787.69
176	2788.77
177	2788.34
178	2787.6
179	2788.44
180	2788.18
181	2788.1
182	2788.14
183	2788.63
184	2787.76
185	2787.97
186	2788.01
187	2787.71
188	2787.9
189	2787.92
190	2788.23
191	2788.56
192	2788.04
193	2788.31
194	2788.08
195	2787.54
196	2788.03
197	2788.18
198	2787.87
199	2787.85
200	2787.53
201	2787.93
202	2788.17
203	2787.84
204	2787.99
205	2788.21
206	2787.91
207	2787.95
208	2788.22
209	2788.13
210	2787.82
211	2787.94
212	2787.99
213	2787.97
214	2787.65
215	2787.76
216	2788.06
217	2788.02
218	2788
219	2788.04
220	2788.2
221	2787.6
222	2788.06
223	2787.85
224	2788.27
225	2788.35
226	2788.25
227	2788.21
228	2787.65
229	2788.06
230	2787.97
231	2787.65
232	2788.37
233	2788.03
234	2788.58
235	2788.06
236	2788.22
237	2787.51
238	2788.12
239	2787.91
240	2788.4
241	2787.47
242	2788.21
243	2788.19
244	2788.28
245	2787.83
246	2788.46
247	2788.29
248	2787.99
249	2788.33
250	2787.63
251	2788.17
252	2788.13
253	2787.96
254	2788.17
255	2787.73
256	2788.31
257	2788.29
258	2787.96
259	2788.06
260	2788.41
261	2788.08
262	2787.86
263	2788.16
264	2787.51
265	2788
266	2788.15
267	2788.32
268	2788.2
269	2788.11
270	2788.22
271	2787.73
272	2788.09
273	2787.31
274	2787.96
275	2788.26
276	2787.68
277	2787.64
278	2787.34
279	2787.88
280	2787.59
281	2788.23
282	2788.16
283	2787.69
284	2787.62
285	2788.17
286	2787.87
287	2788.04
288	2788.15
289	2787.93
290	2788.46
291	2788.32
292	2788.07
293	2787.85
294	2788.16
295	2788.1
296	2788.16
297	2787.96
298	2787.96
299	2787.84
300	2788.29
301	2788.26
302	2787.44
303	2788.01
304	2788.07
305	2787.61
306	2788.37
307	2788.53
308	2787.98
309	2787.78
310	2787.72
311	2788.58
312	2788.08
313	2787.9
314	2787.97
315	2788.13
316	2788.12
317	2788
318	2787.96
319	2788.06
320	2788.05
321	2788.05
322	2788.21
323	2788.57
324	2788.22
325	2787.99
326	2787.77
327	2787.92
328	2788.18
329	2787.96
330	2787.94
331	2787.89
332	2787.76
333	2787.6
334	2788.4
335	2788.19
336	2788.03
337	2788.18
338	2788.09
339	2788.02
340	2788.06
341	2788.03
342	2788.02
343	2788.17
344	2788.02
345	2787.94
346	2788.6
347	2788.15
348	2787.75
349	2787.69
350	2788.07
351	2788.21
352	2787.79
353	2788.04
354	2787.95
355	2788.05
356	2787.77
357	2788.16
358	2787.91
359	2787.95
360	2788.23
361	2787.81
362	2788.12
363	2788.12
364	2787.8
365	2788.04
366	2788.29
367	2787.84
368	2787.98
369	2787.88
370	2788.21
371	2788.11
372	2787.98
373	2787.67
374	2788.04
375	2787.99
376	2788.12
377	2788.27
378	2788.14
379	2787.62
380	2787.88
381	2788.03
382	2788.01
383	2787.87
384	2787.69
385	2788.15
386	2787.49
387	2787.97
388	2788.31
389	2788.54
390	2788.02
391	2788.25
392	2788
393	2788.09
394	2787.73
395	2788.42
396	2787.85
397	2788.18
398	2788.01
399	2788.14
400	2788.25
401	2788.07
402	2787.96
403	2787.88
404	2787.97
405	2787.89
406	2788.37
407	2788.24
408	2788.41
409	2788.15
410	2787.93
411	2788.09
412	2787.85
413	2787.59
414	2787.97
415	2788.15
416	2787.73
417	2788.14
418	2788.27
419	2788.2
420	2788.05
421	2788.07
422	2788.19
423	2788.23
424	2788.1
425	2788.08
426	2787.78
427	2788.11
428	2788.2
429	2788
430	2788.03
431	2787.95
432	2787.95
433	2788.05
434	2787.78
435	2787.88
436	2788.12
437	2788.28
438	2787.84
439	2788.15
440	2788.04
441	2788.21
442	2788.07
443	2787.79
444	2788.4
445	2787.63
446	2788.18
447	2787.92
448	2788.06
449	2787.95
450	2787.91
451	2788.01
452	2788.02
453	2788.16
454	2788.14
455	2788.1
456	2788.14
457	2788.1
458	2787.93
459	2788.29
460	2788.15
461	2788.09
462	2787.92
463	2788.24
464	2787.98
465	2787.85
466	2788.28
467	2788
468	2787.84
469	2787.82
470	2787.9
471	2787.85
472	2787.91
473	2788.11
474	2787.91
475	2787.97
476	2787.91
477	2788.03
478	2787.92
479	2788.15
480	2787.78
481	2788.04
482	2787.81
483	2787.93
484	2788.06
485	2788.19
486	2787.95
487	2788.17
488	2788
489	2787.88
490	2787.92
491	2788.02
492	2787.92
493	2788.07
494	2788.06
495	2788.14
496	2787.92
497	2788.16
498	2788.1
499	2787.84
500	2788
501	2788.16
502	2787.77
503	2787.98
504	2788.12
505	2787.93
506	2787.96
507	2787.99
508	2788.11
509	2788
510	2787.95
511	2788.03
512	2787.96
513	2788.01
514	2788
515	2788.14
516	2787.97
517	2787.83
518	2788.19
519	2788.23
520	2787.94
521	2787.98
522	2787.9
523	2788.21
524	2788.21
525	2788.16
526	2788.02
527	2788.08
528	2788.12
529	2788.25
530	2788
531	2788.13
532	2788.01
533	2787.98
534	2787.99
535	2787.96
536	2788.01
537	2787.88
538	2788.16
539	2788.08
540	2787.93
541	2788.08
542	2788.04
543	2788.05
544	2788.01
545	2788.27
546	2787.76
547	2788.07
548	2788.08
549	2787.76
550	2788.08
551	2788.09
552	2787.9
553	2788.02
554	2788.2
555	2788.12
556	2788.15
557	2788.2
558	2788.19
559	2787.9
560	2788.01
561	2788.01
562	2788.16
563	2787.91
564	2788.04
565	2787.92
566	2788.03
567	2788.04
568	2788.12
569	2788
570	2788
571	2788.02
572	2788.14
573	2788.04
574	2788.06
575	2788.04
576	2787.95
577	2787.92
578	2788.02
579	2788.2
580	2788.04
581	2788
582	2788.01
583	2787.93
584	2787.94
585	2788.02
586	2787.98
587	2787.99
588	2787.89
589	2788.02
590	2787.99
591	2788.03
592	2788.14
593	2787.84
594	2788.03
595	2788.08
596	2788.13
597	2788
598	2787.94
599	2788.11
600	2788.19
601	2788.14
602	2788
603	2788.02
604	2788.04
605	2787.98
606	2787.98
607	2788
608	2788.16
609	2788.2
610	2788.03
611	2788.03
612	2788.08
613	2787.95
614	2787.93
615	2788.09
616	2788.03
617	2788.01
618	2788.04
619	2788.07
620	2788.01
621	2788.06
622	2788.02
623	2788
624	2788.04
625	2788.12
626	2787.98
627	2788.04
628	2788.06
629	2787.96
630	2788.05
631	2787.98
632	2788.07
633	2788.09
634	2787.93
635	2788.09
636	2788.09
637	2788.04
638	2787.92
639	2788.01
640	2787.95
641	2788.04
642	2787.97
643	2788.1
644	2788.05
645	2788.03
646	2788.06
647	2788.06
648	2787.97
649	2788.14
650	2788.1
651	2787.91
652	2788.03
653	2788.03
654	2788
655	2788.16
656	2788.07
657	2787.98
658	2787.98
659	2788.01
660	2788.07
661	2788.03
662	2788.1
663	2787.98
664	2788.14
665	2788
666	2788
667	2788.14
668	2788.06
669	2787.99
670	2788.06
671	2788.08
672	2787.96
673	2787.95
674	2788.05
675	2788.05
676	2788.01
677	2788.03
678	2788.05
679	2788.01
680	2787.96
681	2788.05
682	2788.02
683	2788.09
684	2787.95
685	2788.08
686	2788.05
687	2787.95
688	2788.03
689	2788.05
690	2788.05
691	2788.02
692	2788.04
693	2788.01
694	2787.97
695	2788.03
696	2788
697	2788.06
698	2788.03
699	2788
700	2788.03
701	2788.06
702	2787.99
703	2788.03
704	2788.02
705	2788.04
706	2788.07
707	2788.09
708	2788.02
709	2788.03
710	2787.99
711	2788.07
712	2788.05
713	2788.06
714	2788.11
715	2788.03
716	2788.1
717	2788.05
718	2788.1
719	2788.06
720	2788.03
721	2787.97
722	2787.95
723	2788.01
724	2788.11
725	2788.06
726	2788.02
727	2787.95
728	2788.07
729	2788.04
730	2788.05
731	2788.08
732	2788.09
733	2787.94
734	2788.04
735	2787.97
736	2788.01
737	2788.07
738	2788.03
739	2788.03
740	2788.07
741	2788.08
742	2787.95
743	2788.03
744	2787.93
745	2788
746	2787.97
747	2788.09
748	2788.08
749	2788.03
750	2788.02
751	2788.04
752	2788.07
753	2788.06
754	2787.96
755	2788.02
756	2788.1
757	2788
758	2788.04
759	2788.1
760	2788.09
761	2788.04
762	2788.04
763	2788.08
764	2788.04
765	2788.02
766	2788.02
767	2788.07
768	2788.02
769	2788.09
770	2787.97
771	2788.03
772	2788.06
773	2787.99
774	2788.05
775	2787.99
776	2788.05
777	2787.99
778	2788.05
779	2788.03
780	2788.02
781	2788.05
782	2788.03
783	2788.02
784	2787.98
785	2788
786	2788.02
787	2788.01
788	2788.07
789	2788.01
790	2788.03
791	2788.01
792	2788.02
793	2788.04
794	2788.04
795	2788.08
