Frame	Volume
1	678.257
2	688.202
3	692.362
4	699.131
5	695.804
6	701.209
7	698.18
8	701.385
9	696.033
10	696.094
11	693.914
12	696.467
13	695.506
14	696.038
15	694.822
16	698.123
17	696.936
18	695.558
19	697.074
20	695.177
21	696.016
22	695.723
23	695.998
24	696.218
25	695.996
26	695.874
27	697.299
28	697.051
29	696.467
30	697.065
31	695.092
32	696.921
33	695.773
34	695.685
35	695.719
36	694.799
37	696.037
38	695.89
39	695.106
40	695.662
41	697.426
42	694.795
43	696.052
44	696.139
45	695.867
46	695.736
47	695.745
48	696.165
49	695.487
50	695.795
51	695.147
52	696.335
53	696.656
54	695.88
55	696.031
56	695.387
57	696.584
58	695.259
59	695.871
60	696.321
61	695.296
62	695.814
63	695.385
64	695.801
65	695.552
66	696.515
67	695.444
68	696.356
69	695.639
70	696.533
71	696.218
72	696.737
73	696.212
74	695.904
75	695.711
76	696.196
77	695.26
78	695.884
79	695.486
80	695.386
81	695.355
82	695.3
83	696.379
84	695.622
85	695.784
86	695.348
87	696.469
88	695.687
89	695.223
90	694.998
91	695.724
92	695.663
93	695.79
94	695.601
95	695.763
96	695.815
97	696.479
98	696.624
99	696.189
100	696.683
101	696.148
102	695.408
103	696.149
104	695.369
105	695.554
106	695.608
107	696.144
108	696.283
109	696.052
110	696.123
111	694.635
112	695.874
113	695.454
114	695.133
115	695.714
116	695.612
117	695.86
118	695.773
119	695.591
120	695.974
121	696.18
122	695.474
123	695.785
124	695.776
125	695.957
126	695.129
127	695.691
128	696.009
129	695.72
130	695.88
131	695.887
132	695.855
133	695.313
134	695.621
135	695.444
136	696.134
137	695.716
138	696.136
139	696.172
140	695.888
141	695.439
142	695.957
143	695.99
144	696.019
145	695.789
146	695.452
147	695.853
148	695.857
149	696.134
150	695.62
151	695.827
152	695.857
153	695.88
154	696.06
155	695.975
156	695.956
157	695.669
158	695.729
159	695.492
160	695.906
161	695.979
162	695.94
163	696.098
164	695.638
165	695.996
166	695.949
167	695.603
168	695.643
169	695.734
170	695.605
171	695.936
172	695.689
173	695.881
174	695.805
175	695.513
176	695.845
177	696.14
178	695.471
179	695.765
180	695.926
181	696.077
182	695.787
183	696.006
184	695.711
185	695.674
186	695.698
187	695.944
188	695.825
189	695.907
190	695.863
191	695.829
192	695.641
193	695.757
194	695.954
195	695.544
196	695.781
197	695.85
198	695.63
199	695.915
200	695.916
201	696.077
202	695.707
203	695.649
204	695.764
205	695.912
206	695.735
207	695.587
208	695.966
209	695.783
210	695.704
211	695.861
212	695.732
213	695.929
214	695.49
215	695.93
216	696.056
217	695.79
218	695.701
219	695.832
220	696.062
221	695.969
222	695.75
223	695.686
224	696.11
225	695.997
226	696.009
227	696.299
228	695.7
229	695.749
230	695.818
231	695.902
232	695.879
233	695.919
234	695.793
235	695.782
236	695.716
237	695.856
238	695.973
239	695.954
240	696.018
241	695.841
242	695.852
243	695.962
244	695.932
245	695.854
246	695.852
247	696.122
248	695.74
249	695.85
250	695.737
251	695.973
252	695.7
253	695.927
254	695.64
255	695.821
256	695.81
257	695.88
258	695.983
259	695.908
260	695.924
261	695.688
262	695.621
263	696.067
264	695.778
265	696.015
266	695.951
267	695.995
268	695.87
269	695.855
270	695.952
271	695.733
272	695.833
273	695.757
274	695.934
275	695.653
276	695.97
277	695.754
278	695.683
279	695.87
280	695.7
281	695.974
282	695.77
283	695.642
284	695.811
285	695.895
286	695.917
287	695.833
288	695.816
289	695.769
290	695.576
291	695.7
292	695.87
293	695.777
294	696.012
295	695.584
296	696.233
297	695.747
298	695.476
299	695.938
300	696.084
301	695.894
302	695.624
303	695.818
304	695.789
305	695.826
306	695.826
307	696.15
308	695.836
309	695.659
310	695.764
311	695.928
312	695.706
313	695.921
314	695.958
315	696.021
316	696.026
317	695.725
318	695.894
319	695.868
320	695.852
321	695.837
322	695.83
323	695.979
324	695.957
325	695.741
326	695.79
327	695.866
328	695.937
329	695.72
330	695.891
331	695.767
332	695.884
333	695.683
334	695.9
335	695.938
336	695.8
337	695.888
338	695.883
339	695.901
340	695.95
341	695.895
342	695.818
343	695.858
344	695.922
345	695.688
346	695.97
347	695.74
348	695.699
349	695.753
350	695.827
351	695.9
352	695.707
353	695.861
354	695.787
355	695.914
356	695.878
357	695.812
358	695.493
359	695.955
360	696.028
361	695.579
362	695.89
363	696.053
364	695.525
365	695.853
366	695.78
367	695.664
368	696.009
369	695.802
370	695.966
371	695.957
372	695.834
373	695.71
374	695.83
375	695.825
376	695.823
377	696.04
378	695.949
379	695.808
380	695.715
381	695.918
382	695.912
383	695.75
384	695.746
385	695.83
386	695.685
387	695.718
388	696.043
389	696.066
390	696.031
391	695.839
392	695.847
393	695.818
394	695.627
395	695.994
396	695.601
397	695.79
398	695.8
399	695.758
400	695.936
401	695.91
402	695.782
403	695.77
404	695.8
405	695.643
406	695.935
407	695.917
408	696.129
409	695.764
410	695.852
411	695.8
412	695.83
413	695.864
414	695.83
415	695.932
416	695.848
417	695.954
418	695.938
419	695.916
420	695.62
421	695.872
422	695.917
423	695.82
424	695.867
425	696.003
426	695.727
427	695.825
428	695.835
429	696.003
430	695.97
431	695.755
432	695.737
433	695.863
434	695.768
435	695.858
436	695.826
437	695.955
438	695.896
439	695.795
440	695.887
441	695.905
442	695.851
443	695.852
444	695.94
445	695.781
446	695.871
447	695.831
448	695.884
449	695.832
450	695.832
451	695.866
452	695.729
453	695.898
454	695.863
455	695.824
456	695.889
457	695.77
458	695.808
459	695.838
460	695.741
461	695.868
462	695.818
463	695.891
464	695.934
465	695.837
466	695.862
467	695.906
468	695.849
469	695.807
470	695.82
471	695.779
472	695.852
473	695.866
474	695.792
475	695.785
476	695.832
477	695.79
478	695.832
479	695.865
480	695.766
481	695.935
482	695.926
483	695.874
484	695.869
485	695.923
486	695.927
487	695.8
488	695.751
489	695.851
490	695.826
491	695.85
492	695.741
493	695.905
494	695.937
495	695.846
496	695.86
497	695.943
498	695.9
499	695.777
500	695.835
501	695.919
502	695.8
503	695.801
504	695.833
505	695.823
506	695.869
507	695.873
508	695.771
509	695.85
510	695.815
511	695.848
512	695.842
513	695.873
514	695.908
515	695.872
516	695.8
517	695.761
518	695.856
519	695.892
520	695.842
521	695.921
522	695.843
523	695.845
524	696.012
525	695.876
526	695.867
527	695.904
528	695.818
529	695.97
530	695.796
531	695.892
532	695.858
533	695.858
534	695.8
535	695.786
536	695.783
537	695.631
538	695.886
539	695.831
540	695.79
541	695.798
542	695.84
543	695.896
544	695.882
545	696.022
546	695.744
547	695.892
548	695.916
549	695.732
550	695.987
551	695.874
552	695.729
553	695.892
554	696.056
555	695.94
556	695.904
557	695.804
558	695.92
559	695.85
560	695.842
561	695.857
562	695.862
563	695.837
564	695.824
565	695.854
566	695.874
567	695.881
568	695.855
569	695.864
570	695.833
571	695.835
572	695.855
573	695.861
574	695.841
575	695.84
576	695.853
577	695.831
578	695.857
579	695.872
580	695.887
581	695.897
582	695.824
583	695.809
584	695.663
585	695.893
586	695.842
587	695.848
588	695.83
589	695.87
590	695.816
591	695.86
592	695.831
593	695.807
594	695.831
595	695.856
596	695.864
597	695.857
598	695.835
599	695.857
600	695.899
601	695.89
602	695.848
603	695.855
604	695.841
605	695.82
606	695.834
607	695.845
608	695.846
609	695.855
610	695.817
611	695.893
612	695.836
613	695.787
614	695.814
615	695.976
616	695.852
617	695.781
618	695.871
619	695.846
620	695.863
621	695.827
622	695.869
623	695.815
624	695.899
625	695.831
626	695.843
627	695.863
628	695.838
629	695.83
630	695.853
631	695.825
632	695.851
633	695.891
634	695.838
635	695.824
636	695.9
637	695.835
638	695.809
639	695.845
640	695.769
641	695.881
642	695.801
643	695.894
644	695.813
645	695.811
646	695.885
647	695.783
648	695.808
649	695.854
650	695.882
651	695.819
652	695.819
653	695.823
654	695.795
655	695.874
656	695.846
657	695.847
658	695.827
659	695.851
660	695.853
661	695.866
662	695.882
663	695.803
664	695.953
665	695.841
666	695.884
667	695.921
668	695.903
669	695.848
670	695.899
671	695.866
672	695.833
673	695.812
674	695.853
675	695.849
676	695.824
677	695.866
678	695.826
679	695.838
680	695.783
681	695.835
682	695.827
683	695.863
684	695.8
685	695.829
686	695.876
687	695.85
688	695.83
689	695.838
690	695.846
691	695.834
692	695.848
693	695.842
694	695.829
695	695.84
696	695.829
697	695.873
698	695.858
699	695.835
700	695.85
701	695.852
702	695.838
703	695.849
704	695.844
705	695.855
706	695.869
707	695.865
708	695.862
709	695.845
710	695.84
711	695.838
712	695.861
713	695.838
714	695.872
715	695.853
716	695.855
717	695.816
718	695.816
719	695.873
720	695.847
721	695.851
722	695.847
723	695.856
724	695.883
725	695.823
726	695.853
727	695.83
728	695.837
729	695.824
730	695.832
731	695.88
732	695.866
733	695.832
734	695.838
735	695.785
736	695.82
737	695.863
738	695.851
739	695.82
740	695.824
741	695.895
742	695.824
743	695.821
744	695.792
745	695.845
746	695.815
747	695.861
748	695.852
749	695.802
750	695.854
751	695.823
752	695.852
753	695.85
754	695.804
755	695.845
756	695.862
757	695.817
758	695.852
759	695.861
760	695.831
761	695.86
762	695.872
763	695.859
764	695.853
765	695.833
766	695.833
767	695.854
768	695.809
769	695.864
770	695.852
771	695.838
772	695.863
773	695.836
774	695.821
775	695.795
776	695.849
777	695.845
778	695.833
779	695.853
780	695.849
781	695.855
782	695.841
783	695.845
784	695.838
785	695.845
786	695.844
787	695.838
788	695.839
789	695.863
790	695.813
791	695.832
792	695.833
793	695.828
794	695.852
795	695.847
