       0.000     -155941.5238
       1.000     -137969.5110
       2.000     -138125.4818
       3.000     -137938.7166
       4.000     -137496.3470
       5.000     -136995.8213
       6.000     -136484.2225
       7.000     -135908.2329
       8.000     -135352.5447
       9.000     -134700.3785
      10.000     -134074.5946
      11.000     -133361.8715
      12.000     -132586.8507
      13.000     -131895.0442
      14.000     -131192.6801
      15.000     -130381.7630
      16.000     -129582.8962
      17.000     -128676.6878
      18.000     -127887.9359
      19.000     -126768.3040
      20.000     -125899.3730
      21.000     -125152.6018
      22.000     -124939.8257
      23.000     -124058.2877
      24.000     -123491.7217
      25.000     -122920.0126
      26.000     -122171.8267
      27.000     -121501.1592
      28.000     -120459.6581
      29.000     -119920.0503
      30.000     -118840.7309
      31.000     -117905.5316
      32.000     -117598.3181
      33.000     -116440.0285
      34.000     -115338.4165
      35.000     -114467.5614
      36.000     -113463.9145
      37.000     -112528.9677
      38.000     -112070.0610
      39.000     -111107.8878
      40.000     -110345.4394
      41.000     -110171.6371
      42.000     -109836.5432
      43.000     -110227.6292
      44.000     -109829.4101
      45.000     -109763.4113
      46.000     -109945.1375
      47.000     -110142.5189
      48.000     -110122.7429
      49.000     -110018.9695
      50.000     -110138.5991
      51.000     -109989.2273
      52.000     -110042.5686
      53.000     -109983.9487
      54.000     -110277.9435
      55.000     -110411.9229
      56.000     -110096.7948
      57.000     -109850.7265
      58.000     -110062.8492
      59.000     -110002.3286
      60.000     -110232.4158
      61.000     -110243.6294
      62.000     -109942.5168
      63.000     -109744.5511
      64.000     -110098.5300
      65.000     -110046.3103
      66.000     -110138.0541
      67.000     -110142.6647
      68.000     -110118.9169
      69.000     -110405.1260
      70.000     -110417.0321
      71.000     -110156.7189
      72.000     -110042.2819
      73.000     -110294.0684
      74.000     -110224.4016
      75.000     -110011.8594
      76.000     -110270.1599
      77.000     -110009.2274
      78.000     -109936.4622
      79.000     -110368.7189
      80.000     -110306.1858
      81.000     -110100.9056
      82.000     -110339.2821
      83.000     -110145.5523
      84.000     -110215.4619
      85.000     -110143.7081
      86.000     -109895.8935
      87.000     -110140.3437
      88.000     -110085.1829
      89.000     -110167.7407
      90.000     -110359.0674
      91.000     -109994.9748
      92.000     -110412.1568
      93.000     -110107.3002
      94.000     -110219.9092
      95.000     -110000.6020
      96.000     -110100.9902
      97.000     -110120.1348
      98.000     -109918.4887
      99.000     -110244.4981
     100.000     -110308.5213
     101.000     -110286.5646
     102.000     -110184.3485
     103.000     -110358.1941
     104.000     -110198.8408
     105.000     -110027.4591
     106.000     -110132.1075
     107.000     -109896.7797
     108.000     -109846.2592
     109.000     -110193.1609
     110.000     -109878.9495
     111.000     -109993.7647
     112.000     -109858.9004
     113.000     -110074.0366
     114.000     -110366.9089
     115.000     -110315.0260
     116.000     -110022.5373
     117.000     -109970.6069
     118.000     -110153.3766
     119.000     -110094.7524
     120.000     -110129.3928
     121.000     -109909.0755
     122.000     -110088.5150
     123.000     -110165.5207
     124.000     -110238.1677
     125.000     -109946.0514
     126.000     -110253.8140
     127.000     -110055.0832
     128.000     -109870.5114
     129.000     -110180.0774
     130.000     -110148.5521
     131.000     -110130.7759
     132.000     -109930.2575
     133.000     -110190.8792
     134.000     -109995.9601
     135.000     -110237.0527
     136.000     -110014.0708
     137.000     -110264.3131
     138.000     -110206.4137
     139.000     -110102.1511
     140.000     -109925.0048
