       0.000     -155941.5238
       1.000     -137184.6199
       2.000     -136629.9194
       3.000     -135655.5779
       4.000     -134430.5013
       5.000     -133156.8538
       6.000     -131868.7255
       7.000     -130528.4799
       8.000     -129187.5188
       9.000     -127724.0044
      10.000     -126334.7948
      11.000     -124819.4360
      12.000     -123247.0938
      13.000     -121864.1711
      14.000     -120422.3197
      15.000     -118754.5247
      16.000     -117262.0701
      17.000     -115455.7483
      18.000     -114049.3196
      19.000     -112003.1790
      20.000     -110426.4071
      21.000     -109216.8606
      22.000     -108691.5991
      23.000     -107297.4439
      24.000     -106327.1573
      25.000     -105363.1513
      26.000     -104303.8267
      27.000     -103238.1690
      28.000     -101844.3652
      29.000     -100865.0385
      30.000      -99297.1821
      31.000      -97992.4574
      32.000      -97432.9528
      33.000      -95976.9973
      34.000      -94305.8091
      35.000      -92969.5712
      36.000      -91786.5258
      37.000      -90432.6923
      38.000      -89598.1860
      39.000      -88172.2355
      40.000      -86811.0527
      41.000      -86843.3597
      42.000      -86541.5686
      43.000      -86757.2855
      44.000      -86658.1054
      45.000      -86446.9835
      46.000      -86637.7020
      47.000      -86711.6243
      48.000      -86627.6824
      49.000      -86527.1336
      50.000      -86766.6713
      51.000      -86557.2234
      52.000      -86718.5335
      53.000      -86614.8218
      54.000      -87027.2658
      55.000      -86992.4248
      56.000      -86646.0761
      57.000      -86463.9531
      58.000      -86498.3355
      59.000      -86601.3071
      60.000      -86827.8748
      61.000      -86832.4360
      62.000      -86507.1848
      63.000      -86391.0550
      64.000      -86536.5574
      65.000      -86557.1677
      66.000      -86708.8685
      67.000      -86776.8385
      68.000      -86661.2255
      69.000      -87168.0342
      70.000      -86778.2860
      71.000      -86804.6701
      72.000      -86540.8132
      73.000      -86829.1836
      74.000      -86848.5461
      75.000      -86623.9610
      76.000      -86908.1560
      77.000      -86485.9012
      78.000      -86529.7630
      79.000      -87055.3478
      80.000      -86841.8655
      81.000      -86582.3372
      82.000      -86950.4461
      83.000      -86667.1265
      84.000      -86874.1455
      85.000      -86681.7550
      86.000      -86342.2958
      87.000      -86847.8769
      88.000      -86613.9056
      89.000      -86734.3130
      90.000      -86947.9600
      91.000      -86850.4357
      92.000      -87008.3072
      93.000      -86916.3178
      94.000      -86785.1162
      95.000      -86660.8637
      96.000      -86778.3496
      97.000      -86890.2500
      98.000      -86600.2543
      99.000      -86851.9981
     100.000      -86628.0740
     101.000      -86780.2971
     102.000      -86906.1824
     103.000      -86949.9246
     104.000      -86729.2881
     105.000      -86565.0841
     106.000      -86680.5274
     107.000      -86377.1411
     108.000      -86784.0873
     109.000      -86912.7234
     110.000      -86407.1585
     111.000      -86508.6729
     112.000      -86490.5293
     113.000      -86598.8198
     114.000      -87213.1257
     115.000      -86853.3932
     116.000      -86579.5295
     117.000      -86565.3041
     118.000      -86754.7516
     119.000      -86752.2836
     120.000      -86756.3733
     121.000      -86651.4583
     122.000      -86758.8978
     123.000      -86660.3762
     124.000      -86673.8727
     125.000      -86324.4146
     126.000      -86819.1949
     127.000      -86566.3996
     128.000      -86485.5075
     129.000      -86794.4680
     130.000      -86799.3705
     131.000      -86810.3306
     132.000      -86475.8102
     133.000      -86797.6703
     134.000      -86326.0362
     135.000      -86653.2402
     136.000      -86701.2368
     137.000      -86930.5377
     138.000      -86797.6051
     139.000      -86775.9108
     140.000      -86609.1552
