       0.000       0.00
       1.000      10.06
       2.000      19.17
       3.000      29.26
       4.000      39.29
       5.000      49.20
       6.000      59.15
       7.000      68.95
       8.000      79.01
       9.000      89.41
      10.000      99.19
      11.000     109.48
      12.000     119.70
      13.000     128.55
      14.000     138.03
      15.000     149.01
      16.000     157.90
      17.000     169.44
      18.000     177.35
      19.000     189.23
      20.000     198.30
      21.000     204.23
      22.000     208.24
      23.000     214.81
      24.000     219.98
      25.000     225.01
      26.000     228.99
      27.000     234.06
      28.000     238.57
      29.000     244.21
      30.000     250.47
      31.000     255.20
      32.000     258.44
      33.000     262.25
      34.000     269.55
      35.000     275.52
      36.000     277.82
      37.000     283.18
      38.000     288.00
      39.000     293.94
      40.000     301.61
      41.000     298.97
      42.000     298.55
      43.000     300.79
      44.000     296.96
      45.000     298.82
      46.000     298.71
      47.000     300.29
      48.000     301.11
      49.000     301.07
      50.000     299.53
      51.000     300.30
      52.000     298.92
      53.000     299.50
      54.000     297.98
      55.000     300.14
      56.000     300.54
      57.000     299.72
      58.000     302.00
      59.000     299.91
      60.000     299.95
      61.000     300.04
      62.000     300.34
      63.000     299.30
      64.000     301.97
      65.000     301.03
      66.000     300.27
      67.000     299.45
      68.000     300.63
      69.000     297.80
      70.000     302.95
      71.000     299.28
      72.000     301.19
      73.000     300.72
      74.000     299.58
      75.000     299.74
      76.000     299.41
      77.000     301.47
      78.000     299.98
      79.000     298.78
      80.000     300.72
      81.000     301.41
      82.000     299.75
      83.000     300.90
      84.000     299.14
      85.000     300.69
      86.000     301.86
      87.000     298.51
      88.000     300.81
      89.000     300.32
      90.000     300.03
      91.000     296.62
      92.000     299.94
      93.000     297.21
      94.000     300.34
      95.000     299.12
      96.000     298.90
      97.000     297.71
      98.000     298.84
      99.000     299.80
     100.000     303.49
     101.000     301.25
     102.000     298.33
     103.000     300.00
     104.000     300.78
     105.000     300.69
     106.000     300.55
     107.000     301.43
     108.000     295.56
     109.000     298.36
     110.000     300.81
     111.000     300.98
     112.000     299.49
     113.000     300.86
     114.000     296.74
     115.000     300.68
     116.000     300.44
     117.000     299.96
     118.000     299.87
     119.000     299.15
     120.000     299.55
     121.000     298.07
     122.000     298.99
     123.000     301.24
     124.000     302.00
     125.000     302.73
     126.000     300.34
     127.000     301.03
     128.000     299.70
     129.000     299.71
     130.000     299.24
     131.000     298.87
     132.000     300.59
     133.000     299.81
     134.000     303.35
     135.000     302.25
     136.000     298.77
     137.000     299.04
     138.000     300.00
     139.000     298.95
     140.000     298.81
