1	309.193
2	383.975
3	253.698
4	250.562
5	398.609
6	291.942
7	354.393
8	438.999
9	249.314
10	324.627
11	440.312
12	328.943
13	367.509
14	323.674
15	598.517
16	264.426
17	447.233
18	207.008
19	383.618
20	298.249
21	306.635
22	224.822
23	352.423
24	270.629
25	271.042
26	178.377
27	337.15
28	262.886
29	372.681
30	177.215
31	297.757
32	193.248
33	292.146
34	270.691
35	271.825
36	377.613
37	358.57
38	333.377
39	369.128
40	436.417
41	256.477
42	356.545
43	261.475
44	321.294
45	328.084
46	260.982
47	260.441
48	413.801
49	250.14
50	231.914
51	339.392
52	233.398
53	276.547
54	314.484
55	495.537
56	319.582
57	313.357
58	277.539
59	298.075
60	207.869
61	229.496
62	325.247
63	333.311
64	271.84
65	263.487
66	280.412
67	239.588
68	331.407
69	313.628
70	332.66
71	347.334
72	375.901
73	209.493
74	340.713
75	235.758
76	300.142
77	394.253
78	275.42
79	228.788
80	269.014
81	390.914
82	222.612
83	227.046
84	357.163
85	261.418
86	274.145
87	320.563
88	387.406
89	407.639
90	469.601
91	313.449
92	490.436
93	466.748
94	441.433
95	303.85
96	363.143
97	399.929
98	345.271
99	367.472
100	492.802
101	446.54
102	508.999
103	530.203
104	403.318
105	362.438
106	381.362
107	433.723
108	388.209
109	266.456
110	491.673
111	406.228
112	632.405
113	446.773
114	476.266
115	446.312
116	410.984
117	640.739
118	672.274
119	522.468
120	463.966
121	385.933
122	425.968
123	580.64
124	384.239
125	360.174
126	577.616
127	528.41
128	311.021
129	437.735
130	343.405
131	546.37
132	551.94
133	418.283
134	411.897
135	398.106
136	600.258
137	370.804
138	388.055
139	487.293
140	693.27
141	374.31
142	363.087
143	478.976
144	370.723
145	405.569
146	775.783
147	602.971
148	724.509
149	643.029
150	400.562
151	702.741
152	303.011
153	320.187
154	507.691
155	651.515
156	501.657
157	388.069
158	453.62
159	440.981
160	518.585
161	755.559
162	508.003
163	571.153
164	391.469
165	522.333
166	396.914
167	429.476
168	561.494
169	343.056
170	484.748
171	412.609
172	702.895
173	460.047
174	393.994
175	322.093
176	412.71
177	467.178
178	482.093
179	334.664
180	534.907
181	612.35
182	483.149
183	460.195
184	367.499
185	410.177
186	480.152
187	452.019
188	479.942
189	271.819
190	529.565
191	576.665
192	629.423
193	572.816
194	411.972
195	507.761
196	444.388
197	495.826
198	336.911
199	389.876
200	478.991
201	478.462
202	421.139
203	351.825
204	416.578
205	392.298
206	430.043
207	290.545
208	259.376
209	429.715
210	449.657
211	274.352
212	244.202
213	457.767
214	420.374
215	615.195
216	470.607
217	429.869
218	475.789
219	460.158
220	470.933
221	440.42
222	470.881
223	356.029
224	297.184
225	339.646
226	385.366
227	543.705
228	418.774
229	107.955
230	190.015
231	274.599
232	154.214
233	158.193
234	398.762
235	263.172
236	269.85
237	516.585
238	323.509
239	306.197
240	380.271
241	522.514
242	423.06
243	436.597
244	559.901
245	400.273
246	449.149
247	550.246
248	373.442
249	419.9
250	349.292
251	342.929
252	238.26
253	300.134
254	414.04
255	465.676
256	439.215
257	487.028
258	492.861
259	352.459
260	389.444
261	576.309
262	422.108
263	464.455
264	278.996
265	489.841
266	238.714
267	298.023
268	261.162
269	249.414
270	260.472
271	294.338
272	221.418
273	179.652
274	191.628
275	176.373
276	223.405
277	257.432
278	306.528
279	324.749
280	299.676
281	263.996
282	291.227
283	207.727
284	270.256
285	247.418
286	328.317
287	168.324
288	234.212
289	211.535
290	270.955
291	271.594
292	247.218
293	165.238
294	195.412
295	164.629
296	155.034
297	137.811
298	88.4509
299	154.097
300	231.433
301	178.853
302	191.248
303	178.154
304	135.678
305	173.684
306	147.21
307	135.047
308	284.311
309	307.795
310	257.618
311	249.887
312	339.466
313	408.137
314	479.668
315	538.111
316	468.084
317	316.759
318	277.407
319	316.832
320	197.602
321	188.589
322	202.737
323	238.357
324	141.53
325	189.105
326	171.052
327	90.2786
328	93.3216
329	182.719
330	244.811
331	140.217
332	204.703
333	213.564
334	248.464
335	243.314
336	178.426
337	299.263
338	133.619
339	194.065
340	122.057
341	182.22
342	194.202
343	220.557
344	235.371
345	283.827
346	303.06
347	308.712
348	476.828
349	387.346
350	438.784
351	374.67
352	373.754
353	436.434
354	383.952
355	477.682
356	415.031
357	211.589
358	489.095
359	294.905
360	339.901
361	595.982
362	359.781
363	387.929
364	374.453
365	425.245
366	419.884
367	424.235
368	330.293
369	331.056
370	410.963
371	354.013
372	445.976
373	551.631
374	394.04
375	470.146
376	349.356
377	227.286
378	140.628
379	179.392
380	164.982
381	177.091
382	208.641
383	140.807
384	134.705
385	129.278
386	303.714
387	400.373
388	259.153
389	223.619
390	199.865
391	183.057
392	298.136
393	212.798
394	225.352
395	186.87
396	128.001
397	63.3332
398	205.373
399	295.128
400	280.99
401	185.624
402	141.393
403	184.056
404	222.296
405	174.438
406	141.653
407	106.489
408	165.337
409	127.769
410	158.189
411	185.999
412	114.569
413	189.035
414	120.934
415	171.792
416	202.578
417	151.842
418	154.391
419	103.084
420	164.766
421	180.605
422	216.135
423	222.836
424	124.116
425	197.766
426	198.934
427	184.187
428	139.808
429	215.978
430	137.452
431	109.107
432	163.099
433	229.186
434	317.01
435	157.926
436	169.426
437	177.117
438	222.838
439	192.651
440	232.36
441	206.211
442	210.724
443	205.075
444	254.78
445	257.167
446	208.181
447	286.951
448	205.459
449	325.337
450	344.567
451	339.846
452	369.289
453	173.272
454	230.687
455	553.3
456	216.811
457	369.343
458	567.341
459	354.884
460	288.515
461	196.825
462	234.01
463	312.212
464	376.805
465	355.817
466	294.372
467	390.412
468	363.597
469	224.406
470	249.47
471	183.296
472	165.021
473	237.479
474	122.518
475	200.142
476	234.971
477	190.568
478	289.872
479	297.688
480	246.031
481	210.916
482	262.031
483	184.903
484	180.806
485	243.533
486	323.022
487	276.645
488	230.646
489	286.301
490	222.517
491	187.361
492	324.499
493	336.218
494	364.963
495	324.203
496	335.122
497	155.263
498	251.558
499	262.41
500	204.204
501	287.279
502	279.649
503	298.187
504	227.746
505	212.227
506	299.205
507	155.37
508	211.549
509	227.334
510	282.563
511	298.632
512	340.29
513	338.79
514	247.737
515	310.002
516	390.617
517	323.151
518	422.231
519	366.819
520	304.147
521	318.405
522	374.091
523	307.064
524	338.037
525	208.806
526	201.188
527	158.42
528	260.261
529	162.99
530	163.074
531	141.894
532	240.272
533	323.085
534	130.237
535	131.305
536	176.151
537	153.844
538	146.462
539	154.087
540	315.7
541	260.82
542	234.37
543	251.535
544	359.826
545	190.17
546	204.433
547	176.082
548	131.899
549	187.7
550	220.325
551	106.31
552	155.281
553	191.395
554	196.993
555	150.334
556	153.405
557	223.762
558	285.886
559	213.304
560	279.891
561	189.9
562	155.765
563	174.262
564	173.463
565	170.308
566	143.538
567	164.338
568	193.449
569	147.133
570	249.585
571	256.746
572	251.84
573	177.619
574	243.377
575	219.933
576	341.712
577	349.083
578	328.987
579	497.245
580	543.645
581	232.376
582	288.087
583	327.897
584	258.338
585	136.502
586	179.816
587	281.671
588	272.634
589	136.237
590	148.663
591	226.313
592	287.596
593	183.31
594	334.877
595	304.417
596	419.11
597	149.05
598	221.741
599	471.19
600	424.947
