1	846.182
2	1010.68
3	968.254
4	728.915
5	855.276
6	1115.16
7	904.286
8	1081.43
9	734.22
10	717.748
11	952.803
12	918.686
13	957.169
14	752.581
15	918.734
16	869.588
17	905.679
18	968.64
19	940.776
20	769.568
21	1047.76
22	850.154
23	837.508
24	919.743
25	861.989
26	846.883
27	911.983
28	880.978
29	865.058
30	960.014
31	843.116
32	932.181
33	895.857
34	991.82
35	814.42
36	894.988
37	789.879
38	977.501
39	841.443
40	690.208
41	770.214
42	937.04
43	843.784
44	904.101
45	826.832
46	770.597
47	939.816
48	805.454
49	1081.82
50	1088.88
51	1018.78
52	736.265
53	761.872
54	912.237
55	825.122
56	849.828
57	923.976
58	841.872
59	870.312
60	969.697
61	808.802
62	1088.24
63	965.794
64	774.142
65	808.455
66	1064.54
67	925.399
68	832.429
69	814.012
70	789.78
71	752.833
72	858.43
73	876.671
74	1119.83
75	909.865
76	717.94
77	846.526
78	928.628
79	644.658
80	889.443
81	948.776
82	873.803
83	967.667
84	931.241
85	913.113
86	894.363
87	1033.32
88	873.344
89	926.753
90	713.4
91	814.03
92	1009.25
93	764.022
94	770.393
95	928.776
96	889.586
97	841.469
98	1018.22
99	918.748
100	910.158
101	904.514
102	965.888
103	924.009
104	937.246
105	825.496
106	1138.28
107	880.85
108	785.264
109	909.45
110	877.751
111	955.193
112	941.322
113	1008.95
114	877.745
115	916.555
116	1039.03
117	911.411
118	774.547
119	805.294
120	825.6
121	914.213
122	926.969
123	772.671
124	809.51
125	1121.2
126	877.102
127	877.4
128	767.883
129	966.4
130	971.646
131	885.929
132	908.929
133	1038.8
134	1075.25
135	891.657
136	845.493
137	842.372
138	771.491
139	937.478
140	721.21
141	811.064
142	968.028
143	866.678
144	890.212
145	858.282
146	851.012
147	840.426
148	930.653
149	982.638
150	821.863
151	897.399
152	628.575
153	1036.57
154	958.89
155	954.389
156	893.762
157	901.046
158	755.876
159	865.84
160	1011.35
161	937.999
162	1029.96
163	748.516
164	865.837
165	946.854
166	1053.78
167	1006.06
168	920.673
169	908.183
170	948.294
171	1065.12
172	777.562
173	854.596
174	909.082
175	1017.5
176	931.537
177	802.199
178	762.125
179	816.303
180	925
181	823.921
182	875.025
183	830.827
184	906.141
185	907.993
186	951.662
187	808.157
188	997.907
189	1093.95
190	1172.96
191	778.867
192	925.896
193	769.787
194	1002.57
195	856.51
196	1053.78
197	996.876
198	857.019
199	905.088
200	756.346
201	841.41
202	803.054
203	955.365
204	850.186
205	990.039
206	929.388
207	1023.7
208	854.138
209	821.81
210	942.107
211	881.192
212	944.201
213	690.977
214	829.678
215	983.215
216	1046.26
217	900.729
218	884.628
219	832.922
220	904.436
221	1027.11
222	909.318
223	785.761
224	924.344
225	889.577
226	811.882
227	1037.36
228	847.026
229	929.862
230	837.369
231	1026.84
232	868.97
233	923.03
234	1071.98
235	861.921
236	980.587
237	900.754
238	802.032
239	851.036
240	782.602
241	911.846
242	869.917
243	869.26
244	855.684
245	843.07
246	919.205
247	1012.51
248	887.24
249	912.611
250	887.408
251	1018.99
252	890.754
253	1086.62
254	1113.24
255	976.422
256	947.529
257	1011.05
258	1012.05
259	1023.05
260	792.376
261	1039.32
262	889.221
263	1014.31
264	1071.33
265	1076.54
266	1060.72
267	870.409
268	914.804
269	771.754
270	887.441
271	894.602
272	789.519
273	858.734
274	893.29
275	926.859
276	857.391
277	722.722
278	865.975
279	919.34
280	905.616
281	960.75
282	976.788
283	852.566
284	928.5
285	869.62
286	836.466
287	921.365
288	955.179
289	800.435
290	698.257
291	870.634
292	883.626
293	918.086
294	871.758
295	785.664
296	885.846
297	816.577
298	802.005
299	1146.77
300	878.558
301	887.497
302	908.166
303	960.09
304	781.953
305	955.96
306	884.432
307	849.065
308	993.05
309	872.175
310	679.07
311	1011.97
312	883.013
313	764.19
314	820.106
315	1054.1
316	960.387
317	896.094
318	880.29
319	902.285
320	968.559
321	826.432
322	965.986
323	1095.91
324	918.718
325	732.441
326	851.119
327	867.009
328	799.142
329	936.886
330	959.047
331	972.413
332	956.814
333	815.643
334	1036.65
335	850.806
336	841.854
337	1039.57
338	921.157
339	839.19
340	858.016
341	962.123
342	984.609
343	940.857
344	966.842
345	897.16
346	914.814
347	866.675
348	1012.53
349	1042.56
350	910.222
351	934.777
352	798.166
353	993.798
354	843.412
355	827.246
356	870.279
357	882.97
358	858.395
359	931.514
360	918.637
361	1148.35
362	921.602
363	960.668
364	960.823
365	900.71
366	941.969
367	938.702
368	846.902
369	804.665
370	1070.84
371	909.717
372	871.846
373	884.253
374	903.4
375	892.885
376	871.132
377	791.6
378	969.249
379	934.98
380	829.366
381	944.532
382	757.826
383	954.779
384	831.549
385	723.28
386	886.815
387	732.13
388	875.897
389	1110.37
390	992.432
391	815.328
392	798.524
393	842.018
394	935.74
395	843.58
396	854.463
397	958.986
398	741.029
399	936.351
400	837.742
401	904.51
402	687.756
403	1106.6
404	886.632
405	818.872
406	791.926
407	855.936
408	913.896
409	819.886
410	778.387
411	879.537
412	942.689
413	970.571
414	1029.28
415	905.537
416	755.637
417	843.008
418	886.331
419	777.462
420	972.531
421	917.905
422	946.165
423	964.158
424	977.44
425	828.425
426	897.69
427	939.819
428	887.419
429	1006.79
430	840.846
431	977.062
432	917.152
433	844.59
434	931.418
435	955.902
436	972.806
437	943.285
438	890.937
439	1053.51
440	781.647
441	1024.97
442	933.457
443	984.727
444	994.044
445	916.359
446	918.363
447	1021.49
448	771.477
449	999.597
450	973.141
451	818.564
452	932.687
453	832.823
454	894.253
455	1080.36
456	993.111
457	933.745
458	874.273
459	943.484
460	987.417
461	886.968
462	828.001
463	901.514
464	912.457
465	846.672
466	880.558
467	844.709
468	1007.52
469	804.794
470	831.982
471	797.599
472	787.323
473	825.921
474	950.549
475	1021.12
476	1042.57
477	894.162
478	836.992
479	880.486
480	749.94
481	1097.77
482	1011.88
483	969.114
484	828.121
485	937.51
486	977.013
487	1013.83
488	1133.92
489	970.047
490	1106.3
491	1052.03
492	994.704
493	896.413
494	982.883
495	1085.48
496	1109.88
497	868.065
498	1053.37
499	921.861
500	890.328
501	986.963
502	1073.12
503	852.952
504	999.045
505	955.065
506	852.321
507	894.695
508	871.117
509	845.361
510	778.149
511	764.571
512	709.829
513	870.009
514	963.636
515	892.561
516	840.479
517	876.248
518	935.757
519	772.118
520	803.573
521	966.629
522	760.261
523	815.599
524	885.468
525	880.69
526	860.97
527	876.679
528	827.561
529	785.349
530	810.072
531	856.186
532	881.726
533	754.121
534	706.132
535	814.189
536	703.935
537	739.078
538	844.432
539	934.696
540	923.62
541	845.635
542	917.393
543	773.489
544	671.845
545	823.058
546	697.909
547	691.861
548	784.547
549	802.459
550	669.02
551	724.253
552	810.169
553	710.324
554	843.74
555	852.884
556	820.605
557	889.122
558	873.056
559	908.494
560	1047.42
561	838.267
562	838.824
563	856.035
564	924.831
565	836.328
566	762.913
567	818.845
568	857.131
569	891.58
570	706.276
571	904.021
572	764.234
573	904.697
574	847.367
575	817.033
576	877.805
577	800.467
578	658.965
579	1025.41
580	869.809
581	934.896
582	981.311
583	875.734
584	692.234
585	994.093
586	910.119
587	849.616
588	905.349
589	1014.8
590	774.071
591	1018.19
592	970.785
593	800.49
594	953.168
595	875.913
596	915.292
597	1056.61
598	959.413
599	821.149
600	978.528
