0.003574685117040761
-0.0031522082897757825
0.0032181059814877554
0.006348931689030501
-0.011665257497238294
-0.005858254127771847
-0.022926072433047832
0.003644720467952486
-0.011527322776226352
0.012873204370387966
0.004410023644900953
0.01087695829614903
0.004789284106392335
-0.0018103974061606763
-0.001499083427120804
0.004012615244441277
0.0036370246416179263
-0.00562962997352623
-0.011564162063005893
-0.01252788590182623
-0.008445502822042074
0.007650370296321339
0.00711148203241623
0.007252816877579261
-0.0033212514108077063
-0.0034904249890685855
-0.005420537887907175
0.0032419213049593486
0.00282628634451196
0.0012416855615227562
-0.009493302461984918
0.002877317432045516
0.0022702551419151763
0.0015188411249180728
-0.006868895810397275
-0.002586846625378875
0.004886721595980228
0.003211446450302938
0.0010526695225812157
-0.00048365781349203623
-0.007199277011491899
-0.015887960744748447
-0.004593684149873915
0.0020755779706879336
0.02115812044698911
0.004775196867808629
0.007133930075281953
-0.003966445957111668
-0.005346188370681298
-0.001719772207432999
8.80630782965207e-5
0.009292093327484926
0.01497455238011499
0.007235033778247416
-0.011999087232482936
-0.007199283055011527
-0.008401460788660026
-0.0003279081451768018
-0.013840566525291718
0.001414557735203678
-0.0017144514164746916
0.012152291226547603
-0.010343442069339568
0.009442886016229328
-0.005590224918453139
-0.0011518191164075781
-0.044169922155283016
-0.0077837058788803445
0.04229677259959733
0.006465086650476013
0.005133223536719637
-0.0008329546581301268
-0.0016619045581051067
0.06400000777405541
0.1347162026348657
-0.0020715202752250176
-0.007438898264756502
0.01777998329275519
0.006961570612355081
0.0074330080182931565
-0.004367508504060784
-0.2733812482506318
0.050279147576231815
0.13110255074679186
-0.11054800246564173
-0.006151584216538685
-0.13297877473805736
-0.06397354535828165
-0.004353823863094181
0.014290026605599004
-0.01339945631189369
0.003667560769065513
-0.0019500031315926414
-0.10997260530973278
-0.1847923209943833
0.13057133597278617
0.016598058295591092
-0.00503820793288443
0.000874605700298358
-0.015668168820350253
0.002274618435835746
0.00466284299450699
0.014883570717628249
0.007976247208385976
-0.006006245502909838
-0.012308709475945916
-5.2229921184332716e-5
-0.0029444458854912163
0.008111432036831854
-0.0061296185430672985
0.0030883304556241706
-0.0091558840010464
-0.005236694258244663
-0.0025233447950615026
0.008442174822222108
0.005118131595813339
-0.0009919282236408994
-0.0008792111050068463
-0.004797808113194517
-0.0148021525126743
-0.0006259439499709888
-0.0018297240024564886
0.009267891630881552
0.008456079202256755
0.0004898717960116271
0.0007809920735164001
-0.002820224907309263
0.004926460534407471
0.004531564636713655
0.01212003397179669
0.008863201229633967
-0.003917398220154594
0.007310606668180014
0.00525398137274812
0.00011726255117169482
-0.010243400033455944
-0.013816470336562072
-0.014418978087244978
-0.05456004748019028
-0.13574384649685198
-0.18514519002016014
-0.04157625439308043
-0.0758684011793179
-0.3469930612050813
0.20849326712157287
0.11502776211815917
0.05439601233697383
0.08212985468741626
-0.14407402456686283
-0.18599105781375477
0.003723582793043219
-0.0011776981569871542
-0.0038235735212718914
-0.007947668075615495
-0.0023076568700148735
0.007011499746298765
0.00608770242515933
-0.007284302800720921
0.011463183657340278
-0.0042349149288046055
0.018183180023233974
-0.015740020746482293
0.008011979269021629
0.014472919058682494
0.009237230565874574
-0.019676412458231235
-0.0009456390526999331
0.008648814843212704
0.0005303280459066389
0.001149857370480704
-0.02455502661829742
0.011385061759226123
0.0029278547042448726
-0.004633420049378105
-0.011163142905544108
-0.0010181486949398227
0.011053274817246482
-0.0005604219609587043
0.009054267514996417
-0.0005814795863791923
0.00659367532917958
-0.003907799934984148
-0.0036739609040882157
-0.0006035778445993432
0.003987210008751264
0.00395794622836824
-0.008387017018549773
0.0037859907589274226
-0.015244972626556014
0.0070575713240537356
0.004548649992514074
0.01319861571577648
-0.00987465443948537
-0.01292091867785442
-0.009747850662353749
0.0010296730206953639
0.01175997676680085
0.015239292169161932
0.0006270548457741072
-0.002137521434446528
0.0013463010020630696
0.004617825728920335
-0.0012445474051543744
-0.00016537801706634347
0.0082612577348587
-0.0008564212031922601
-0.0028851351291302816
-0.0012838551103820045
-0.010828769107926376
-0.010576371927367595
-0.015986494108796503
0.0042223202653578215
-0.0057015473748813494
0.004055439209113497
0.00439494878623458
0.00187423438942292
0.0021025256868820856
-0.002588604261820089
-0.003225682821512695
-0.00636980291377523
-0.0013683727790185648
-0.0036861331843807397
-0.0008263954595751845
-0.005495800642868874
-0.00574088283305292
-0.015955320820442893
-0.029507599864444685
-0.021750417879223823
-0.01070883488409437
0.009445947551290386
-0.012861877331617571
0.004318963811829605
-0.0006636732084251112
0.0054234511741463615
0.003340905664670089
0.011748463502006064
0.009458121972557047
0.02153436947416467
-0.056406703992211316
0.043856876097502946
-0.019296677630008276
-0.000845738667669353
0.010484498772156469
0.040740525251808275
-0.021642695629979614
-0.007335034390232036
0.004203606887431687
-0.006370252135330055
0.015277172181318683
0.11423996114963322
0.04378069588494083
0.23222717525793718
0.001582157294342164
-0.01037890717317955
-0.007707757838432825
0.0029652342565992564
0.011739554088883017
2.1928636498969278e-5
0.0002355549810700187
-0.029160289885827854
0.009355821066913959
0.001224618186528563
0.007275789350084755
-0.0011028180120060793
0.002949200311390593
-0.004873430981517241
0.007561563203625164
0.006778401115356594
0.0007957534164888126
-0.015027553175197562
-0.006487954032667437
-0.00199347115785442
0.012744396504884856
-0.0027104936716463262
0.00553649803564262
-0.006477688174550074
0.005004739776199531
0.0011229631419957576
0.0023685594450868334
-0.0025745116760751085
0.0031149288313194745
-0.0011697954671444407
-0.005014607614643259
-0.0017854284539553374
0.004132471855782605
0.00033557557228212274
-0.008201841748796162
0.01171758411112807
0.013380891193599679
-0.005598424147600234
-0.006883184518771752
0.006188803346141643
-0.005098113717031542
0.011560822126122567
0.006283750442732162
0.00914379978259554
-0.0019313368514206433
-0.0010959917591313072
0.015098397767898281
-0.0018638477801434688
-0.003789701040016086
0.0005825370422851298
0.0071701187258890915
0.0008381537697783324
-0.008561570275904998
-0.0037347044272874495
-0.0032248055722821113
0.005419150580194438
-0.0014250123857867277
-0.0033650916068830665
-0.004858506229840385
-0.014921857350259587
-0.014686876557108399
-0.0004713583860518374
0.019245500706641175
0.025544917173756992
0.0052727021733661415
-0.005227787921794452
-0.12600818189481552
0.16255241609714746
-0.14379795975981374
-0.010778932270438673
0.004219828478868399
0.005734453144489281
-0.011415021794976946
-0.02451748324705909
-0.003420739037306743
-0.00027264745784843234
0.01289136350151732
-0.004795053871165329
0.008377215595130862
-0.012202769110265875
0.019397236492972425
-0.013269692895357642
0.0022515656024054065
-0.005438897265964976
-0.013305504420474977
0.010325601730862983
0.002314960021888241
0.007159582877745498
-0.013502130737513055
-0.004390329786137978
-0.004597933341771538
0.00513497376843078
0.0007081940024723948
-0.0019094185717286462
0.002416758825605516
0.0008675554237842626
0.007682714235576777
-0.0036500037269606963
0.011825832680819048
-0.00645385188456167
0.006052240697219699
9.939818240677556e-5
0.015692166258750598
0.013999358255789298
-0.0025667069501507673
-0.01688318893523111
0.003010427395587218
-0.0028338336169841183
-0.013846001547613784
-0.004371505164831652
0.01070802325089395
0.013302286579532618
0.010844916199123561
0.013623439878265337
0.0017397364449949814
0.006012881477810309
-0.008582580192558052
-0.08731046886802868
0.030680210282007975
0.032320494531401775
0.0003069488890785888
0.019658121632937845
-0.0034332794474155725
0.008157897912479301
0.002021257949177336
0.047552670617895525
-0.021650036513888117
-0.08682385619349829
0.20229421336802197
0.004000780163911421
-0.0024158182378879755
0.025610504067249695
0.0772345608030943
0.07732839545657863
0.07824322555695962
-0.0008092606144905
0.015973016057839927
0.009212129537722902
0.05717712853484059
0.18010520593950424
-0.02289347057374351
0.0064810942449758345
0.014287196534603357
-0.004346501606805057
0.0023055656600516838
0.002134621475831192
-0.0007652342756827274
-0.012249962224067854
-0.01738446852109274
-0.0033018082895110634
0.011311198321468032
0.015256394252265116
-0.0010173046572644342
-0.007413497929362079
-0.0010499532149790063
-0.008582645646304121
-0.004090058159108077
-0.0013748131606866624
0.013124069452499453
0.009354547928922423
-0.0021991854038240144
0.002962872392315162
-0.0025420066536475656
0.002562014583379139
-0.0010342878976473526
0.0014685357880928828
-0.008536441912272982
0.0019223664435481153
0.009139802156588465
0.012058625811847303
-0.0005530287298279899
-0.019121100994231734
-0.014972824174794678
-0.016587345957176015
0.0028033720354329575
0.006916584604069003
0.011001485533439131
-0.0008803609119508743
-0.0009657386775042923
-0.006678320371610107
-0.010200533223353809
-0.0005010596419893737
0.0034231912821509145
0.20530173679182312
-0.09859674203957003
0.03845956469716419
0.005691304561737838
-0.0011561310176904658
-0.0017353557035001842
0.1269782084480765
0.056657045042786035
0.021772892160211447
0.1345954830284455
-0.17561583832556243
-0.05302778627172723
0.0010673955921421075
-0.004869353257151743
-0.0012561812060013682
0.007266814992061735
0.013490857473737076
-0.005825208086569936
-0.007012019159808445
-0.0007300017986860965
-0.011828122213308584
-0.0053850195039333235
-0.00989118398859955
0.001866035540041763
0.009855891354228418
0.008771811196916293
-0.01055815547876454
0.005147391418793643
0.0018461622927161082
-0.0003496335299907689
0.001702311201370771
-0.011392753672013207
-0.02298698300770099
0.005934099064354611
0.001772556975312776
0.02052058826542189
-0.0049708883160494615
0.0160268678872037
0.018930891164156773
0.0017094623410675498
-0.00784903069727749
-0.02073658548263138
-7.814849343264319e-5
-0.0049808623169659665
0.0021288311721396904
0.0055529239567434175
0.010592884916481162
0.0021921659534090802
0.007850704772443564
-0.00896169083976549
-0.010230064457911048
-0.023988412607915864
0.009289717014593909
0.009404008959842574
-0.008235047435464781
-0.022509088111574482
0.0008293497213957012
0.00562464574096085
0.027856385450403746
-0.005300072977591849
0.014268103576779306
-0.013718981394103347
-0.008626340013984988
0.007601296517892232
-0.016729745467157643
0.013036503618661852
0.0035552097983147387
0.014166049024842238
0.005837334155461159
-0.002106620290385003
-0.004750452880572837
-0.0062162674579900505
-0.0005862176392238819
-0.008907525562349071
0.01183604688656466
0.009387150434131696
0.002206918728537804
-0.011976525842272516
-0.0051441497097684695
0.001147912082332319
-9.295662185687878e-5
0.002327844399868883
0.0026462168213604027
0.0062685738528095135
-0.002321480669080331
-0.004524346107142978
-0.004050861278350296
-0.017678947112955583
0.0005587042804837157
-0.0032466429880623985
-0.0024332829318749415
-0.0010833266194856038
0.005746106061186162
-0.005010094521132809
0.005787666441438772
-0.011906547107893092
-0.0025110716052099227
0.00449690690520971
0.009016290998828003
-0.0015486383719923254
0.04197606453593646
-0.03771918763762816
-0.0053790732386409
0.0016846105343574565
0.0046773203294759175
-0.015291146105184554
-0.003868433171521395
-0.004011178015866117
0.018876663155688818
-0.013845737605179226
0.01042989494113529
-0.08949513427052737
0.17939473066468004
-0.10861538548450746
-0.019982618575044884
0.008757415785528775
0.0014234308064826917
0.004586072531673178
-0.01916478408317365
0.002223963356166877
-0.0006317466432077819
0.0034913096864852286
-0.0056346063852247
-0.0010491666211600273
-0.005044558887102485
-0.005221539728946164
0.0079795321783332
0.008725477933844707
0.008434787006323273
-0.002363042457603857
-0.013823526750653953
-0.008746884076601964
0.002451624892451226
0.0031568409453759786
0.006612004701535583
0.003129259170624546
-0.009186652197092858
0.002729694085515609
-0.00837824570595382
-0.0025211281614404683
0.002786501813401534
0.004642066253948724
0.001139296915197876
-0.0004482267523003418
0.000908093723065652
-0.004553900985672596
0.0033237608978162717
0.015139050153218134
-0.00013963034183811154
0.007431271250441442
0.005016039572013658
-0.0060630694048632965
0.002923242837221596
-0.020778054842166976
-0.009456010346919416
0.010164262384554297
0.00596293902983708
0.009729809639513165
-0.0044463603976722145
