       0.000           0.0000
       1.000         552.4814
       2.000        1077.2323
       3.000        1628.9274
       4.000        2190.9243
       5.000        2716.6304
       6.000        3267.6826
       7.000        3850.0908
       8.000        4374.3652
       9.000        4885.6924
      10.000        5494.7300
      11.000        6038.2759
      12.000        6635.7373
      13.000        7174.3574
      14.000        7668.2583
      15.000        8345.6074
      16.000        8845.3779
      17.000        9297.9668
      18.000       10032.6797
      19.000       10450.9121
      20.000       10978.8809
      21.000       11443.2559
      22.000       11670.9072
      23.000       11922.1143
      24.000       12136.2217
      25.000       12328.4717
      26.000       12805.2031
      27.000       12990.2900
      28.000       13231.0537
      29.000       13593.7939
      30.000       13849.3574
      31.000       14049.4492
      32.000       14522.9902
      33.000       14613.0059
      34.000       14918.3096
      35.000       15175.7578
      36.000       15332.9170
      37.000       15802.6504
      38.000       15965.7549
      39.000       16135.9355
      40.000       16583.8672
      41.000       16711.7012
      42.000       16539.5703
      43.000       16754.5762
      44.000       16509.7422
      45.000       16605.6895
      46.000       16556.0840
      47.000       16663.8125
      48.000       16694.1348
      49.000       16709.0020
      50.000       16709.4766
      51.000       16697.6309
      52.000       16652.7422
      53.000       16715.1875
      54.000       16583.7715
      55.000       16728.7266
      56.000       16703.0391
      57.000       16809.6719
      58.000       16723.4707
      59.000       16667.4473
      60.000       16607.2148
      61.000       16706.9805
      62.000       16619.0059
      63.000       16610.4004
      64.000       16614.6113
      65.000       16700.9668
      66.000       16649.6895
      67.000       16681.5957
      68.000       16640.6094
      69.000       16679.4902
      70.000       16699.3652
      71.000       16573.8887
      72.000       16673.0957
      73.000       16578.4473
      74.000       16590.7227
      75.000       16549.6250
      76.000       16518.7598
      77.000       16673.1016
      78.000       16634.0508
      79.000       16710.5352
      80.000       16576.1035
      81.000       16706.2656
      82.000       16589.1699
      83.000       16850.8574
      84.000       16688.0742
      85.000       16529.6582
      86.000       16614.9551
      87.000       16583.1055
      88.000       16581.8281
      89.000       16660.7461
      90.000       16741.9277
      91.000       16385.5273
      92.000       16677.9844
      93.000       16600.1934
      94.000       16662.0078
      95.000       16662.5430
      96.000       16733.8281
      97.000       16540.8574
      98.000       16613.7129
      99.000       16536.5977
     100.000       16638.2168
     101.000       16639.1934
     102.000       16540.3770
     103.000       16710.4180
     104.000       16655.6094
     105.000       16706.6152
     106.000       16629.9551
     107.000       16690.4688
     108.000       16815.9863
     109.000       16648.0527
     110.000       16724.9512
     111.000       16883.1465
     112.000       16640.3867
     113.000       16825.4961
     114.000       16704.0488
     115.000       16777.0508
     116.000       16621.8770
     117.000       16508.0234
     118.000       16575.9785
     119.000       16615.4668
     120.000       16742.8398
     121.000       16733.2070
     122.000       16654.0078
     123.000       16496.5859
     124.000       16726.8281
     125.000       16752.5449
     126.000       16692.6387
     127.000       16525.4551
     128.000       16741.2871
     129.000       16514.5332
     130.000       16613.1133
     131.000       16679.2148
     132.000       16632.8223
     133.000       16503.1406
     134.000       16544.8379
     135.000       16648.0352
     136.000       16720.5781
     137.000       16740.9824
     138.000       16657.7090
     139.000       16464.0801
     140.000       16718.4395
