       0.000     -115710.3960
       1.000     -102237.7555
       2.000     -102405.3213
       3.000     -102246.9025
       4.000     -101974.1582
       5.000     -101628.3869
       6.000     -101250.1306
       7.000     -100830.6897
       8.000     -100404.8948
       9.000      -99968.3750
      10.000      -99410.2356
      11.000      -98975.5385
      12.000      -98397.5447
      13.000      -98019.6364
      14.000      -97516.9089
      15.000      -96971.6859
      16.000      -96223.8686
      17.000      -95780.7639
      18.000      -95049.7556
      19.000      -94404.6409
      20.000      -93657.1019
      21.000      -93358.5568
      22.000      -92635.1873
      23.000      -92434.0715
      24.000      -92140.3240
      25.000      -91624.4349
      26.000      -90796.0930
      27.000      -90520.3575
      28.000      -89775.7627
      29.000      -89270.4916
      30.000      -88557.7416
      31.000      -87862.3418
      32.000      -87184.4936
      33.000      -86661.5744
      34.000      -85931.3221
      35.000      -85124.9193
      36.000      -84742.1066
      37.000      -83970.5725
      38.000      -83496.8825
      39.000      -82945.1653
      40.000      -82318.2665
      41.000      -82190.5468
      42.000      -81919.4418
      43.000      -82027.9435
      44.000      -82058.4904
      45.000      -82239.5720
      46.000      -82020.0551
      47.000      -82167.6112
      48.000      -82102.6639
      49.000      -82142.9856
      50.000      -82023.5332
      51.000      -81917.9838
      52.000      -82014.1469
      53.000      -81958.5175
      54.000      -82026.8240
      55.000      -81944.0737
      56.000      -81867.9507
      57.000      -82009.6536
      58.000      -82139.8847
      59.000      -82299.1870
      60.000      -82064.1820
      61.000      -82073.0314
      62.000      -82057.3840
      63.000      -81979.2009
      64.000      -81863.2124
      65.000      -81828.9289
      66.000      -82249.9641
      67.000      -82019.2985
      68.000      -82228.2537
      69.000      -82108.0127
      70.000      -81947.6823
      71.000      -82470.5940
      72.000      -82278.7359
      73.000      -82062.3112
      74.000      -82045.9323
      75.000      -82014.1624
      76.000      -82226.7325
      77.000      -82201.5230
      78.000      -82166.4001
      79.000      -82067.6480
      80.000      -82152.7457
      81.000      -82035.4265
      82.000      -81933.3035
      83.000      -82234.6549
      84.000      -82242.5466
      85.000      -81847.2681
      86.000      -82018.2350
      87.000      -82220.5113
      88.000      -82285.7262
      89.000      -82282.8613
      90.000      -82117.8829
      91.000      -82228.4846
      92.000      -82298.7085
      93.000      -81990.1021
      94.000      -82169.8783
      95.000      -82203.9697
      96.000      -82060.3688
      97.000      -82126.7889
      98.000      -82060.2662
      99.000      -82099.9686
     100.000      -82123.4260
     101.000      -81853.7570
     102.000      -81824.1823
     103.000      -82141.1294
     104.000      -81933.7845
     105.000      -82186.4238
     106.000      -82435.4448
     107.000      -82188.2214
     108.000      -82427.5856
     109.000      -82393.5099
     110.000      -82231.1085
     111.000      -82162.4811
     112.000      -82441.8450
     113.000      -82134.8930
     114.000      -82165.8449
     115.000      -82244.1746
     116.000      -82234.8054
     117.000      -82396.7869
     118.000      -82294.7252
     119.000      -82263.2525
     120.000      -82102.7678
     121.000      -82032.5598
     122.000      -82366.3774
     123.000      -82108.6693
     124.000      -82310.4259
     125.000      -82222.2294
     126.000      -82204.5214
     127.000      -82089.9957
     128.000      -82052.3517
     129.000      -82491.9068
     130.000      -82370.6021
     131.000      -82267.5464
     132.000      -82302.0321
     133.000      -82329.7308
     134.000      -82381.6334
     135.000      -82389.3845
     136.000      -82288.6689
     137.000      -82430.2213
     138.000      -82359.5804
     139.000      -82279.9212
     140.000      -82333.7697
