       0.000     -115710.3960
       1.000     -101685.2740
       2.000     -101328.0890
       3.000     -100617.9751
       4.000      -99783.2339
       5.000      -98911.7565
       6.000      -97982.4480
       7.000      -96980.5989
       8.000      -96030.5296
       9.000      -95082.6827
      10.000      -93915.5056
      11.000      -92937.2626
      12.000      -91761.8074
      13.000      -90845.2790
      14.000      -89848.6506
      15.000      -88626.0784
      16.000      -87378.4907
      17.000      -86482.7971
      18.000      -85017.0759
      19.000      -83953.7288
      20.000      -82678.2210
      21.000      -81915.3010
      22.000      -80964.2801
      23.000      -80511.9572
      24.000      -80004.1023
      25.000      -79295.9632
      26.000      -77990.8899
      27.000      -77530.0674
      28.000      -76544.7090
      29.000      -75676.6976
      30.000      -74708.3842
      31.000      -73812.8926
      32.000      -72661.5034
      33.000      -72048.5686
      34.000      -71013.0125
      35.000      -69949.1615
      36.000      -69409.1896
      37.000      -68167.9221
      38.000      -67531.1276
      39.000      -66809.2297
      40.000      -65734.3993
      41.000      -65478.8457
      42.000      -65379.8714
      43.000      -65273.3674
      44.000      -65548.7482
      45.000      -65633.8826
      46.000      -65463.9711
      47.000      -65503.7987
      48.000      -65408.5292
      49.000      -65433.9836
      50.000      -65314.0567
      51.000      -65220.3529
      52.000      -65361.4048
      53.000      -65243.3300
      54.000      -65443.0525
      55.000      -65215.3471
      56.000      -65164.9116
      57.000      -65199.9817
      58.000      -65416.4140
      59.000      -65631.7397
      60.000      -65456.9671
      61.000      -65366.0510
      62.000      -65438.3782
      63.000      -65368.8006
      64.000      -65248.6010
      65.000      -65127.9621
      66.000      -65600.2746
      67.000      -65337.7028
      68.000      -65587.6443
      69.000      -65428.5225
      70.000      -65248.3171
      71.000      -65896.7053
      72.000      -65605.6402
      73.000      -65483.8639
      74.000      -65455.2097
      75.000      -65464.5374
      76.000      -65707.9727
      77.000      -65528.4215
      78.000      -65532.3493
      79.000      -65357.1129
      80.000      -65576.6422
      81.000      -65329.1608
      82.000      -65344.1336
      83.000      -65383.7975
      84.000      -65554.4724
      85.000      -65317.6099
      86.000      -65403.2800
      87.000      -65637.4058
      88.000      -65703.8981
      89.000      -65622.1152
      90.000      -65375.9552
      91.000      -65842.9573
      92.000      -65620.7241
      93.000      -65389.9087
      94.000      -65507.8705
      95.000      -65541.4267
      96.000      -65326.5407
      97.000      -65585.9315
      98.000      -65446.5533
      99.000      -65563.3709
     100.000      -65485.2092
     101.000      -65214.5637
     102.000      -65283.8053
     103.000      -65430.7114
     104.000      -65278.1752
     105.000      -65479.8085
     106.000      -65805.4897
     107.000      -65497.7526
     108.000      -65611.5993
     109.000      -65745.4572
     110.000      -65506.1573
     111.000      -65279.3346
     112.000      -65801.4583
     113.000      -65309.3969
     114.000      -65461.7961
     115.000      -65467.1238
     116.000      -65612.9284
     117.000      -65888.7635
     118.000      -65718.7467
     119.000      -65647.7857
     120.000      -65359.9280
     121.000      -65299.3528
     122.000      -65712.3696
     123.000      -65612.0833
     124.000      -65583.5977
     125.000      -65469.6845
     126.000      -65511.8827
     127.000      -65564.5406
     128.000      -65311.0646
     129.000      -65977.3736
     130.000      -65757.4888
     131.000      -65588.3316
     132.000      -65669.2098
     133.000      -65826.5902
     134.000      -65836.7955
     135.000      -65741.3493
     136.000      -65568.0908
     137.000      -65689.2389
     138.000      -65701.8714
     139.000      -65815.8411
     140.000      -65615.3303
