       0.000       0.00
       1.000       9.96
       2.000      19.41
       3.000      29.36
       4.000      39.48
       5.000      48.96
       6.000      58.89
       7.000      69.38
       8.000      78.83
       9.000      88.05
      10.000      99.02
      11.000     108.82
      12.000     119.59
      13.000     129.29
      14.000     138.19
      15.000     150.40
      16.000     159.41
      17.000     167.56
      18.000     180.80
      19.000     188.34
      20.000     197.86
      21.000     206.22
      22.000     210.33
      23.000     214.85
      24.000     218.71
      25.000     222.18
      26.000     230.77
      27.000     234.10
      28.000     238.44
      29.000     244.98
      30.000     249.59
      31.000     253.19
      32.000     261.73
      33.000     263.35
      34.000     268.85
      35.000     273.49
      36.000     276.32
      37.000     284.79
      38.000     287.73
      39.000     290.79
      40.000     298.87
      41.000     301.17
      42.000     298.07
      43.000     301.94
      44.000     297.53
      45.000     299.26
      46.000     298.37
      47.000     300.31
      48.000     300.85
      49.000     301.12
      50.000     301.13
      51.000     300.92
      52.000     300.11
      53.000     301.23
      54.000     298.86
      55.000     301.48
      56.000     301.01
      57.000     302.94
      58.000     301.38
      59.000     300.37
      60.000     299.29
      61.000     301.08
      62.000     299.50
      63.000     299.34
      64.000     299.42
      65.000     300.98
      66.000     300.05
      67.000     300.63
      68.000     299.89
      69.000     300.59
      70.000     300.95
      71.000     298.69
      72.000     300.47
      73.000     298.77
      74.000     298.99
      75.000     298.25
      76.000     297.69
      77.000     300.47
      78.000     299.77
      79.000     301.15
      80.000     298.73
      81.000     301.07
      82.000     298.96
      83.000     303.68
      84.000     300.74
      85.000     297.89
      86.000     299.43
      87.000     298.85
      88.000     298.83
      89.000     300.25
      90.000     301.71
      91.000     295.29
      92.000     300.56
      93.000     299.16
      94.000     300.27
      95.000     300.28
      96.000     301.57
      97.000     298.09
      98.000     299.40
      99.000     298.01
     100.000     299.85
     101.000     299.86
     102.000     298.08
     103.000     301.15
     104.000     300.16
     105.000     301.08
     106.000     299.70
     107.000     300.79
     108.000     303.05
     109.000     300.02
     110.000     301.41
     111.000     304.26
     112.000     299.88
     113.000     303.22
     114.000     301.03
     115.000     302.35
     116.000     299.55
     117.000     297.50
     118.000     298.72
     119.000     299.44
     120.000     301.73
     121.000     301.56
     122.000     300.13
     123.000     297.29
     124.000     301.44
     125.000     301.91
     126.000     300.83
     127.000     297.81
     128.000     301.70
     129.000     297.62
     130.000     299.39
     131.000     300.58
     132.000     299.75
     133.000     297.41
     134.000     298.16
     135.000     300.02
     136.000     301.33
     137.000     301.70
     138.000     300.20
     139.000     296.71
     140.000     301.29
