Frame	Volume
1	649.369
2	649.369
3	649.369
4	649.369
5	649.369
6	649.369
7	649.369
8	649.369
9	649.369
10	649.369
11	649.369
12	649.369
13	649.369
14	649.369
15	649.369
16	649.369
17	649.369
18	649.369
19	649.369
20	649.369
21	649.369
22	649.369
23	649.369
24	649.369
25	649.369
26	649.369
27	649.369
28	649.369
29	649.369
30	649.369
31	649.369
32	649.369
33	649.369
34	649.369
35	649.369
36	649.369
37	649.369
38	649.369
39	649.369
40	649.369
41	649.369
42	649.369
43	649.369
44	649.369
45	649.369
46	649.369
47	649.369
48	649.369
49	649.369
50	649.369
51	649.369
52	649.369
53	649.369
54	649.369
55	649.369
56	649.369
57	649.369
58	649.369
59	649.369
60	649.369
61	649.434
62	649.369
63	649.369
64	649.369
65	649.369
66	649.369
67	652.643
68	649.796
69	646.505
70	649.369
71	649.369
72	649.369
73	648.903
74	643.932
75	637.875
76	649.369
77	649.369
78	649.369
79	649.369
80	649.369
81	649.369
82	673.213
83	645.005
84	639.909
85	657.102
86	649.674
87	659.081
88	655.629
89	649.524
90	649.34
91	649.369
92	649.369
93	649.369
94	657.67
95	665.112
96	639.04
97	649.369
98	649.369
99	649.369
100	649.369
101	649.369
102	649.369
103	649.369
104	649.369
105	649.369
106	649.369
107	649.369
108	649.369
109	649.369
110	649.369
111	649.369
112	649.369
113	649.369
114	649.369
115	649.369
116	649.369
117	649.369
118	649.369
119	649.369
120	649.369
121	649.369
122	649.369
123	649.369
124	649.369
125	649.369
126	649.369
127	649.369
128	649.369
129	649.369
130	649.369
131	649.369
132	649.369
133	649.369
134	649.369
135	649.369
136	649.369
137	649.369
138	649.369
139	654.118
140	660.137
141	665.292
142	652.703
143	656.195
144	678.569
145	633.049
146	640.888
147	644.624
148	642.838
149	661.927
150	660.142
151	649.369
152	649.369
153	649.369
154	649.369
155	649.369
156	649.369
157	649.369
158	649.369
159	649.369
160	661.074
161	649.369
162	650.438
163	649.369
164	649.369
165	649.369
166	649.369
167	649.369
168	649.369
169	649.369
170	649.369
171	649.369
172	649.369
173	649.369
174	649.369
175	649.369
176	649.369
177	649.369
178	649.369
179	649.369
180	649.369
181	649.369
182	649.369
183	649.369
184	649.369
185	649.369
186	649.369
187	649.369
188	649.369
189	649.369
190	649.369
191	649.369
192	649.369
193	649.369
194	649.369
195	649.369
196	649.369
197	649.369
198	649.369
199	649.369
200	649.369
201	649.369
202	649.369
203	649.369
204	649.369
205	649.369
206	649.369
207	649.369
208	649.369
209	649.369
210	649.369
211	649.369
212	649.369
213	649.369
214	649.369
215	649.369
216	649.369
217	649.369
218	649.369
219	649.369
220	649.369
221	649.369
222	649.369
223	649.369
224	649.369
225	649.369
226	651.01
227	651.148
228	650.709
229	649.369
230	649.369
231	649.369
232	649.369
233	649.369
234	649.369
235	649.369
236	649.369
237	649.369
238	648.201
239	661.806
240	645.479
241	649.369
242	649.369
243	649.369
244	646.621
245	650.504
246	649.27
247	649.369
248	649.369
249	649.369
250	639.106
251	647.115
252	629.318
253	649.369
254	649.369
255	649.369
256	649.369
257	649.369
258	649.369
259	649.369
260	649.369
261	649.369
262	649.369
263	649.369
264	649.369
265	649.369
266	649.369
267	649.369
268	649.369
269	649.369
270	649.369
271	649.369
272	649.369
273	649.369
274	649.369
275	649.369
276	649.369
277	649.369
278	649.369
279	649.369
280	649.369
281	649.369
282	649.369
283	649.369
284	649.369
285	649.369
286	649.369
287	649.369
288	649.369
289	649.369
290	649.369
291	649.369
292	649.369
293	649.369
294	649.369
295	649.369
296	649.369
297	649.369
298	649.369
299	649.369
300	649.369
301	649.369
302	649.369
303	649.369
304	649.369
305	649.369
306	649.369
307	649.369
308	649.369
309	649.369
310	649.369
311	649.369
312	649.369
313	649.369
314	649.369
315	649.369
316	649.369
317	649.369
318	649.369
319	659.555
320	637.006
321	661.625
322	649.369
323	649.369
324	649.369
325	649.369
326	649.369
327	649.369
328	649.369
329	649.369
330	649.369
331	649.369
332	649.369
333	649.369
334	649.369
335	649.369
336	649.369
337	649.369
338	649.369
339	649.369
340	649.369
341	649.369
342	649.369
343	649.369
344	649.369
345	649.369
346	649.369
347	649.369
348	649.369
349	649.369
350	649.369
351	649.369
352	649.369
353	649.369
354	649.369
355	649.369
356	649.369
357	649.369
358	649.369
359	649.369
360	649.369
361	649.369
362	649.369
363	649.369
364	649.369
365	649.369
366	649.369
367	649.369
368	649.369
369	649.369
370	656.85
371	646.645
372	646.895
373	649.369
374	649.369
375	649.369
376	648.864
377	648.088
378	645.209
379	650.036
380	656.761
381	632.299
382	649.369
383	649.369
384	649.369
385	643.647
386	643.255
387	641.751
388	649.369
389	649.369
390	649.369
391	644.358
392	633.871
393	651.267
394	649.369
395	649.369
396	649.369
397	649.369
398	649.369
399	649.369
400	649.369
401	649.369
402	649.369
403	649.369
404	649.369
405	649.369
406	649.369
407	649.369
408	649.369
409	649.369
410	649.369
411	649.369
412	649.369
413	649.369
414	649.369
415	649.369
416	649.369
417	649.369
418	649.369
419	649.369
420	649.369
421	649.369
422	649.369
423	649.369
424	649.369
425	649.369
426	649.369
427	649.369
428	649.369
429	649.369
430	649.369
431	649.369
432	649.369
433	649.369
434	649.369
435	649.369
436	633.186
437	657.61
438	646.81
439	649.369
440	649.369
441	649.369
442	639.762
443	654.088
444	647.373
445	639.195
446	668.615
447	653.471
448	649.369
449	649.369
450	649.369
451	649.369
452	649.369
453	649.369
454	649.369
455	649.369
456	649.369
457	649.369
458	649.369
459	649.369
460	649.369
461	649.369
462	649.369
463	649.369
464	649.369
465	649.369
466	649.369
467	649.369
468	649.369
469	649.369
470	649.369
471	649.369
472	649.369
473	649.369
474	649.369
475	649.369
476	649.369
477	649.369
478	649.369
479	649.369
480	649.369
481	649.369
482	649.369
483	649.369
484	649.369
485	649.369
486	649.369
487	649.369
488	649.369
489	649.369
490	649.369
491	649.369
492	649.369
493	649.369
494	649.369
495	649.369
496	649.369
497	649.369
498	649.369
499	649.369
500	649.369
501	649.369
502	649.369
503	649.369
504	649.369
505	649.369
506	649.369
507	649.369
508	649.369
509	649.369
510	649.369
511	649.369
512	649.369
513	649.369
514	649.369
515	649.369
516	649.369
517	649.369
518	649.369
519	649.369
520	649.369
521	649.369
522	649.369
523	649.369
524	649.369
525	649.369
526	649.369
527	649.369
528	649.369
529	649.369
530	649.369
531	649.369
532	649.369
533	649.369
534	649.369
535	648.495
536	645.929
537	652.377
538	649.369
539	649.369
540	649.369
541	649.369
542	649.369
543	649.369
544	649.369
545	649.369
546	649.369
547	657.936
548	634.511
549	657.306
550	649.369
551	649.369
552	649.369
553	649.369
554	649.369
555	649.369
556	649.369
557	649.369
558	649.369
559	649.369
560	649.369
561	649.369
562	649.369
563	649.369
564	649.369
565	649.369
566	649.369
567	649.369
568	649.369
569	649.369
570	649.369
571	649.369
572	649.369
573	649.369
574	649.369
575	649.369
576	649.369
577	649.369
578	649.369
579	649.369
580	649.369
581	649.369
582	649.369
583	649.369
584	649.369
585	649.369
586	649.369
587	649.369
588	649.369
589	649.369
590	649.369
591	649.369
592	649.369
593	649.369
594	649.369
