Frame	Volume
1	1848.79
2	1849.51
3	1852.42
4	1848.13
5	1850.42
6	1849.99
7	1849.86
8	1850.34
9	1850.23
10	1851.55
11	1853.25
12	1849.1
13	1852.96
14	1853.57
15	1850.7
16	1847.77
17	1849.62
18	1850.53
19	1847.83
20	1849.34
21	1850.98
22	1849.73
23	1850.52
24	1848.89
25	1849.31
26	1852.2
27	1852.11
28	1850.74
29	1849.76
30	1849.05
31	1849.25
32	1849.17
33	1850.77
34	1851.59
35	1848.98
36	1848.83
37	1850.51
38	1849.8
39	1849.58
40	1851.4
41	1850.47
42	1851.56
43	1851.84
44	1850.97
45	1851.34
46	1850.27
47	1851.29
48	1850.67
49	1850.79
50	1851.46
51	1850.95
52	1851
53	1852.12
54	1850.72
55	1849.51
56	1850.96
57	1849.57
58	1849.18
59	1850.9
60	1850.61
61	1850.93
62	1851.24
63	1850.71
64	1850.19
65	1849.55
66	1850.3
67	1850.4
68	1851.54
69	1850.86
70	1851.8
71	1849.58
72	1850.5
73	1850.16
74	1851.09
75	1849.39
76	1849.93
77	1851.22
78	1850.67
79	1850.34
80	1851.31
81	1850.09
82	1851.84
83	1850.9
84	1850.19
85	1850.46
86	1851.14
87	1850.11
88	1850.41
89	1850.61
90	1850.52
91	1850.04
92	1849.3
93	1851.62
94	1851.08
95	1850.94
96	1850.61
97	1850.29
98	1849.43
99	1850.26
100	1850.66
101	1850.39
102	1850.71
103	1850.58
104	1850.15
105	1850.49
106	1849.7
107	1850.65
108	1850.22
109	1849.87
110	1850.47
111	1851.2
112	1849.87
113	1851.3
114	1850.9
115	1851.1
116	1851.01
117	1850.64
118	1850.52
119	1850.37
120	1850
121	1850.78
122	1850.65
123	1850.14
124	1850.43
125	1850.87
126	1850.75
127	1850.77
128	1849.97
129	1850.2
130	1850.23
131	1850.55
132	1850.77
133	1850.59
134	1850.09
135	1850.49
136	1851.27
137	1850.68
138	1851.13
139	1850.94
140	1850.74
141	1850.57
142	1850.33
143	1851.05
144	1851.35
145	1850.45
146	1850.59
147	1850.69
148	1850.75
149	1851.24
150	1850.69
151	1850.79
152	1850
153	1851.02
154	1850.24
155	1851
156	1851.13
157	1850.45
158	1850.7
159	1850.42
160	1850.29
161	1850.91
162	1850.39
163	1850.07
164	1851.04
165	1850.38
166	1850.71
167	1850.27
168	1850.79
169	1850.95
170	1850.93
171	1850.71
172	1850.46
173	1850.32
174	1850.23
175	1850.3
176	1850.37
177	1850.29
178	1850.39
179	1850.16
180	1850.84
181	1851.12
182	1850.63
183	1851.12
184	1850.87
185	1850.09
186	1850.58
187	1850.26
188	1850.25
189	1850
190	1850.56
191	1850.92
192	1850.77
193	1851.2
194	1850.81
195	1850.51
196	1850.67
197	1850.96
198	1850.49
199	1850.81
200	1850.53
201	1850.85
202	1850.91
203	1851.05
204	1850.14
205	1850.91
206	1850.17
207	1850.91
208	1850.58
209	1850.81
210	1850.57
211	1850.76
212	1850.82
213	1850.2
214	1850.94
215	1850.98
216	1850.78
217	1850.28
218	1850.3
219	1850.15
220	1850.8
221	1850.71
222	1850.63
223	1850.49
224	1850.52
225	1850.72
226	1850.64
227	1850.55
228	1850.65
229	1850.68
230	1850.93
231	1850.53
232	1850.6
233	1850.78
234	1850.46
235	1850.84
236	1850.23
237	1850.73
238	1850.49
239	1850.29
240	1850.79
241	1850.9
242	1850.87
243	1850.74
244	1850.45
245	1850.51
246	1850.9
247	1850.37
248	1850.2
249	1850.07
250	1850.68
251	1850.75
252	1850.58
253	1850.35
254	1850.65
255	1850.54
256	1850.56
257	1850.31
258	1850.18
259	1850.5
260	1850.87
261	1850.82
262	1850.69
263	1850.63
264	1850.99
265	1850.71
266	1850.99
267	1850.77
268	1850.72
269	1850.58
270	1850.41
271	1850.6
272	1850.65
273	1850.73
274	1850.76
275	1850.7
276	1850.32
277	1850.64
278	1850.8
279	1850.95
280	1850.81
281	1850.94
282	1850.65
283	1850.71
284	1851.04
285	1850.77
286	1850.48
287	1850.26
288	1850.4
289	1850.39
290	1850.49
291	1850.62
292	1850.57
293	1850.59
294	1850.84
295	1850.7
296	1850.55
297	1850.96
298	1850.28
299	1850.63
300	1850.66
301	1850.64
302	1850.84
303	1850.47
304	1850.66
305	1850.64
306	1850.73
307	1850.44
308	1850.72
309	1850.83
310	1850.31
311	1850.8
312	1850.71
313	1850.51
314	1850.82
315	1850.64
316	1850.63
317	1850.34
318	1850.86
319	1850.29
320	1850.74
321	1850.73
322	1850.49
323	1850.63
324	1850.87
325	1850.69
326	1850.34
327	1850.75
328	1850.45
329	1850.35
330	1850.44
331	1850.73
332	1850.59
333	1850.42
334	1850.8
335	1850.33
336	1850.93
337	1850.85
338	1850.88
339	1850.85
340	1850.11
341	1850.75
342	1850.67
343	1850.8
344	1850.77
345	1850.82
346	1850.38
347	1850.67
348	1850.72
349	1850.48
350	1850.79
351	1850.46
352	1850.46
353	1850.67
354	1850.86
355	1850.73
356	1850.58
357	1850.57
358	1850.78
359	1850.46
360	1850.62
361	1850.64
362	1850.54
363	1850.43
364	1850.88
365	1850.76
366	1850.62
367	1850.15
368	1850.4
369	1850.73
370	1850.71
371	1850.64
372	1850.6
373	1850.8
374	1850.92
375	1850.34
376	1850.51
377	1850.51
378	1850.73
379	1850.84
380	1850.52
381	1850.39
382	1850.49
383	1850.58
384	1850.61
385	1850.79
386	1850.48
387	1850.53
388	1850.3
389	1850.94
390	1850.63
391	1850.54
392	1850.28
393	1850.43
394	1850.7
395	1850.6
396	1850.82
397	1850.77
398	1850.29
399	1850.85
400	1850.56
401	1850.48
402	1850.59
403	1850.45
404	1850.72
405	1850.29
406	1850.57
407	1850.83
408	1850.67
409	1850.68
410	1850.47
411	1850.55
412	1850.87
413	1850.52
414	1850.71
415	1850.61
416	1850.61
417	1850.36
418	1850.62
419	1850.39
420	1850.57
421	1850.49
422	1850.43
423	1850.91
424	1850.37
425	1850.49
426	1850.78
427	1850.71
428	1850.72
429	1850.56
430	1850.45
431	1850.77
432	1850.82
433	1850.66
434	1850.47
435	1850.62
436	1850.53
437	1850.63
438	1850.77
439	1850.67
440	1850.79
441	1850.6
442	1850.64
443	1850.45
444	1850.66
445	1850.77
446	1850.69
447	1850.62
448	1850.54
449	1850.34
450	1850.52
451	1850.53
452	1850.54
453	1850.5
454	1850.43
455	1850.54
456	1850.93
457	1850.82
458	1850.71
459	1850.77
460	1850.63
461	1850.58
462	1850.49
463	1850.59
464	1850.51
465	1850.75
466	1850.45
467	1850.42
468	1850.58
469	1850.69
470	1850.68
471	1850.72
472	1850.64
473	1850.88
474	1850.65
475	1850.64
476	1850.83
477	1850.81
478	1850.61
479	1850.57
480	1850.59
481	1850.55
482	1850.57
483	1850.55
484	1850.63
485	1850.78
486	1850.64
487	1850.61
488	1850.67
489	1850.57
490	1850.83
491	1850.66
492	1850.67
493	1850.68
494	1850.71
495	1850.7
496	1850.57
497	1850.56
498	1850.81
499	1850.82
500	1850.51
501	1850.48
502	1850.66
503	1850.56
504	1850.68
505	1850.61
506	1850.61
507	1850.58
508	1850.75
509	1850.53
510	1850.78
511	1850.6
512	1850.56
513	1850.48
514	1850.69
515	1850.49
516	1850.65
517	1850.59
518	1850.49
519	1850.87
520	1850.44
521	1850.48
522	1850.57
523	1850.55
524	1850.77
525	1850.53
526	1850.71
527	1850.45
528	1850.54
529	1850.37
530	1850.59
531	1850.56
532	1850.5
533	1850.58
534	1850.6
535	1850.64
536	1850.59
537	1850.7
538	1850.41
539	1850.57
540	1850.68
541	1850.66
542	1850.66
543	1850.63
544	1850.66
545	1850.46
546	1850.64
547	1850.63
548	1850.64
549	1850.84
550	1850.5
551	1850.54
552	1850.53
553	1850.7
554	1850.63
555	1850.66
556	1850.6
557	1850.62
558	1850.67
559	1850.73
560	1850.92
561	1850.79
562	1850.58
563	1850.61
564	1850.69
565	1850.6
566	1850.55
567	1850.74
568	1850.51
569	1850.59
570	1850.57
571	1850.63
572	1850.73
573	1850.33
574	1850.64
575	1850.75
576	1850.71
577	1850.57
578	1850.67
579	1850.67
580	1850.64
581	1850.5
582	1850.47
583	1850.69
584	1850.62
585	1850.59
586	1850.59
587	1850.45
588	1850.5
589	1850.57
590	1850.59
591	1850.55
592	1850.54
593	1850.59
594	1850.34
595	1850.68
596	1850.61
597	1850.78
598	1850.66
599	1850.5
600	1850.51
601	1850.73
602	1850.79
603	1850.58
604	1850.53
605	1850.81
606	1850.52
607	1850.63
608	1850.7
609	1850.61
610	1850.57
611	1850.57
612	1850.73
613	1850.65
614	1850.64
615	1850.67
616	1850.67
617	1850.66
618	1850.56
619	1850.61
620	1850.58
621	1850.68
622	1850.53
623	1850.64
624	1850.67
625	1850.6
626	1850.61
627	1850.51
628	1850.6
629	1850.63
630	1850.58
631	1850.58
632	1850.63
633	1850.62
634	1850.61
635	1850.61
636	1850.61
637	1850.61
638	1850.59
639	1850.57
640	1850.61
641	1850.55
642	1850.52
643	1850.61
644	1850.54
645	1850.62
646	1850.67
647	1850.54
648	1850.6
649	1850.62
650	1850.6
651	1850.49
652	1850.64
653	1850.63
654	1850.63
655	1850.6
656	1850.58
657	1850.53
658	1850.6
659	1850.57
660	1850.71
661	1850.7
662	1850.62
663	1850.61
664	1850.68
665	1850.57
666	1850.65
667	1850.64
668	1850.68
669	1850.58
670	1850.54
671	1850.63
672	1850.7
673	1850.7
674	1850.64
675	1850.69
676	1850.61
677	1850.54
678	1850.67
679	1850.68
680	1850.58
681	1850.63
682	1850.64
683	1850.74
684	1850.62
685	1850.63
686	1850.54
687	1850.6
688	1850.53
689	1850.54
690	1850.68
691	1850.63
692	1850.62
693	1850.65
694	1850.6
695	1850.59
696	1850.53
697	1850.64
698	1850.62
699	1850.63
700	1850.6
701	1850.55
702	1850.54
703	1850.72
704	1850.57
705	1850.67
706	1850.67
707	1850.72
708	1850.64
709	1850.56
710	1850.59
711	1850.54
712	1850.73
713	1850.5
714	1850.55
715	1850.58
716	1850.69
717	1850.69
718	1850.6
719	1850.64
720	1850.58
721	1850.6
722	1850.68
723	1850.66
724	1850.73
725	1850.62
726	1850.61
727	1850.69
728	1850.62
729	1850.55
730	1850.56
731	1850.62
732	1850.51
733	1850.71
734	1850.54
735	1850.57
736	1850.65
737	1850.69
738	1850.63
739	1850.61
740	1850.63
741	1850.62
742	1850.58
743	1850.56
744	1850.61
745	1850.58
746	1850.6
747	1850.66
748	1850.7
749	1850.62
750	1850.55
751	1850.61
752	1850.62
753	1850.61
754	1850.69
755	1850.57
756	1850.74
757	1850.63
758	1850.63
759	1850.58
760	1850.6
761	1850.62
762	1850.53
763	1850.56
764	1850.57
765	1850.56
766	1850.62
767	1850.6
768	1850.71
769	1850.59
770	1850.58
771	1850.63
772	1850.59
773	1850.57
774	1850.51
775	1850.65
776	1850.6
777	1850.58
778	1850.62
779	1850.67
780	1850.61
781	1850.61
782	1850.65
783	1850.74
784	1850.61
785	1850.61
786	1850.72
787	1850.59
788	1850.7
789	1850.55
790	1850.63
791	1850.58
792	1850.63
793	1850.59
794	1850.69
795	1850.53
796	1850.64
797	1850.55
798	1850.61
799	1850.72
800	1850.57
801	1850.79
802	1850.52
803	1850.64
804	1850.67
805	1850.58
806	1850.66
807	1850.73
808	1850.62
809	1850.67
810	1850.64
811	1850.6
812	1850.54
813	1850.65
814	1850.54
815	1850.61
816	1850.65
817	1850.63
818	1850.53
819	1850.59
820	1850.65
821	1850.66
822	1850.57
823	1850.58
824	1850.71
825	1850.58
826	1850.57
827	1850.58
828	1850.64
829	1850.64
830	1850.57
831	1850.61
832	1850.57
833	1850.65
834	1850.64
835	1850.65
836	1850.72
837	1850.64
838	1850.62
839	1850.64
840	1850.7
841	1850.62
842	1850.57
843	1850.57
844	1850.61
845	1850.59
846	1850.64
847	1850.65
848	1850.55
849	1850.58
850	1850.6
851	1850.63
852	1850.65
853	1850.63
854	1850.62
855	1850.64
856	1850.65
857	1850.6
858	1850.59
859	1850.64
860	1850.63
861	1850.63
