Frame	Volume
1	5254.82
2	5251.96
3	5262.46
4	5252.28
5	5264.41
6	5257.23
7	5260.96
8	5256.16
9	5259.44
10	5263.28
11	5261.85
12	5257.07
13	5263.06
14	5264.87
15	5260.63
16	5254.85
17	5256.41
18	5258.63
19	5253.01
20	5258.86
21	5261.55
22	5256.91
23	5256.71
24	5259.18
25	5253.48
26	5263.03
27	5265.35
28	5258.9
29	5258.19
30	5262.02
31	5256.55
32	5255.52
33	5258.83
34	5263.06
35	5257.32
36	5256.29
37	5259.86
38	5258.3
39	5258.66
40	5259.62
41	5260.17
42	5261.34
43	5263.49
44	5260.03
45	5261.77
46	5259.59
47	5261.25
48	5259.05
49	5260.26
50	5260.46
51	5260.97
52	5261.14
53	5262.44
54	5259.12
55	5258.21
56	5259.04
57	5257.6
58	5256.19
59	5258.96
60	5259.18
61	5260.33
62	5260.11
63	5259.67
64	5259.72
65	5255.67
66	5260.28
67	5259.73
68	5262.13
69	5260.22
70	5262.56
71	5255.49
72	5261.1
73	5258.36
74	5261.06
75	5257.29
76	5258.96
77	5262.54
78	5259.1
79	5259.44
80	5260.86
81	5261.68
82	5261.83
83	5261.35
84	5258.76
85	5260.77
86	5259.43
87	5260.5
88	5260
89	5258.96
90	5258.88
91	5258.91
92	5256.62
93	5260.97
94	5260.76
95	5261.26
96	5259.75
97	5258.29
98	5258
99	5259.26
100	5258.66
101	5260.1
102	5259.87
103	5260.93
104	5259.9
105	5259.12
106	5258.87
107	5258.85
108	5258.85
109	5257.31
110	5259.44
111	5259.64
112	5258.31
113	5260.49
114	5260.37
115	5259.92
116	5260.65
117	5259.83
118	5257.57
119	5260.18
120	5258.54
121	5259.04
122	5260.01
123	5258.06
124	5259.21
125	5260.66
126	5259.57
127	5260.68
128	5257.88
129	5259.4
130	5259.47
131	5259.67
132	5259.93
133	5258.96
134	5259.5
135	5259.56
136	5260.93
137	5260.22
138	5260.5
139	5260.38
140	5260.01
141	5259.6
142	5259.34
143	5260.29
144	5260.69
145	5259.29
146	5258.77
147	5260.19
148	5259.3
149	5260.77
150	5260.48
151	5259.19
152	5259.06
153	5260.35
154	5259.32
155	5259.96
156	5259.74
157	5258.41
158	5259.58
159	5259.57
160	5259.2
161	5259.85
162	5259.15
163	5259.25
164	5261.29
165	5258.78
166	5260.03
167	5260.09
168	5260.24
169	5259.95
170	5259.49
171	5259.21
172	5259.44
173	5260.34
174	5259.31
175	5259.72
176	5259.12
177	5259.11
178	5260.02
179	5259.97
180	5259.53
181	5259.27
182	5259.89
183	5259.51
184	5259.62
185	5259.31
186	5259.55
187	5258.61
188	5260.21
189	5259.46
190	5258.46
191	5260.15
192	5259.76
193	5260.41
194	5259.4
195	5259.42
196	5259.39
197	5259.2
198	5259.77
199	5259.77
200	5259.41
201	5260.04
202	5260.17
203	5259.96
204	5259.37
205	5259.88
206	5259.12
207	5259.54
208	5259.38
209	5260.09
210	5259.63
211	5259.19
212	5260.84
213	5259.11
214	5259.26
215	5261.08
216	5259.38
217	5259.55
218	5260.11
219	5259.72
220	5259.12
221	5260.19
222	5260.04
223	5259.22
224	5260.19
225	5259.87
226	5258.75
227	5259.43
228	5259.52
229	5260.3
230	5259.97
231	5259.33
232	5259.04
233	5259.92
234	5259.82
235	5260.25
236	5258.85
237	5259.4
238	5258.87
239	5259.22
240	5259.94
241	5260.25
242	5259.51
243	5259.58
244	5258.93
245	5259.04
246	5259.4
247	5259.5
248	5259.67
249	5259.67
250	5260.02
251	5259.81
252	5259.35
253	5259.17
254	5259.45
255	5260.11
256	5259.31
257	5260.14
258	5258.55
259	5259.34
260	5260.03
261	5259.82
262	5259.47
263	5259.22
264	5259.69
265	5259.34
266	5260.53
267	5259.83
268	5259.73
269	5259.3
270	5258.75
271	5259.55
272	5260.01
273	5260.05
274	5259.99
275	5260.21
276	5259.9
277	5259.39
278	5259.83
279	5259.51
280	5260.06
281	5260.15
282	5260.34
283	5259.75
284	5260.72
285	5259.61
286	5259.88
287	5259.43
288	5259.73
289	5259.08
290	5259.26
291	5259.75
292	5260.05
293	5259.55
294	5260.34
295	5260.6
296	5259.57
297	5259.56
298	5259.58
299	5259.69
300	5259.68
301	5259.13
302	5260.06
303	5259.68
304	5259.81
305	5259.51
306	5259.46
307	5259.41
308	5259.74
309	5260.54
310	5259.37
311	5259.51
312	5260
313	5259.16
314	5259.14
315	5259.91
316	5259.43
317	5259.33
318	5259.83
319	5259.48
320	5259.73
321	5260.01
322	5259.69
323	5259.72
324	5260.02
325	5259.97
326	5259.49
327	5260.19
328	5260.15
329	5259.27
330	5259.13
331	5259.64
332	5260.07
333	5259.36
334	5259.55
335	5259.01
336	5260.45
337	5259.72
338	5259.91
339	5259.29
340	5259.7
341	5259.27
342	5259.76
343	5260.43
344	5259.83
345	5259.77
346	5259.78
347	5259.76
348	5259.79
349	5259.78
350	5260.14
351	5259
352	5259.34
353	5259.61
354	5259.41
355	5259.52
356	5259.46
357	5259.84
358	5259.25
359	5259.28
360	5259.8
361	5259.69
362	5259.71
363	5259.72
364	5260.27
365	5259.2
366	5259.59
367	5259.52
368	5259.51
369	5259.32
370	5259.98
371	5259.67
372	5259.59
373	5259.71
374	5260.31
375	5259.61
376	5259.74
377	5259.76
378	5259.91
379	5259.57
380	5259.79
381	5259.35
382	5259.11
383	5259.7
384	5259.64
385	5259.62
386	5259.69
387	5259.11
388	5258.6
389	5260
390	5259.34
391	5259.18
392	5259.66
393	5259.6
394	5259.55
395	5259.73
396	5259.67
397	5259.27
398	5259.54
399	5259.89
400	5259.09
401	5258.91
402	5259.91
403	5259.37
404	5259.66
405	5259.56
406	5259.26
407	5259.9
408	5260.33
409	5259.77
410	5259.6
411	5259.05
412	5259.36
413	5259.69
414	5259.89
415	5259.69
416	5259.87
417	5259.78
418	5259.99
419	5259.67
420	5259.8
421	5259.28
422	5259.82
423	5260.26
424	5259.74
425	5259.06
426	5259.96
427	5259.25
428	5260.17
429	5259.27
430	5259.08
431	5259.6
432	5259.58
433	5259.05
434	5259.07
435	5260.01
436	5259.66
437	5259.6
438	5259.79
439	5259.44
440	5259.5
441	5259.66
442	5259.55
443	5259.6
444	5259.76
445	5259.51
446	5259.55
447	5259.92
448	5259.56
449	5259.41
450	5259.75
451	5259.87
452	5259.68
453	5259.56
454	5259.47
455	5259.56
456	5259.73
457	5259.83
458	5259.48
459	5259.61
460	5259.62
461	5259.84
462	5259.73
463	5259.87
464	5259.57
465	5260.09
466	5259.63
467	5259.58
468	5259.92
469	5259.7
470	5259.95
471	5259.89
472	5259.69
473	5259.56
474	5259.56
475	5259.34
476	5259.95
477	5259.72
478	5259.35
479	5259.63
480	5259.61
481	5259.44
482	5259.55
483	5259.68
484	5259.58
485	5259.61
486	5259.53
487	5259.42
488	5259.69
489	5259.64
490	5259.55
491	5260.01
492	5259.57
493	5259.47
494	5259.73
495	5259.83
496	5259.49
497	5259.41
498	5259.4
499	5259.31
500	5259.4
501	5259.65
502	5259.74
503	5259.64
504	5259.66
505	5259.5
506	5260.03
507	5259.84
508	5259.96
509	5259.93
510	5259.71
511	5259.91
512	5259.51
513	5259.78
514	5260.16
515	5259.58
516	5259.81
517	5259.06
518	5259.74
519	5260.1
520	5259.13
521	5259.44
522	5259.54
523	5259.43
524	5259.78
525	5259.43
526	5259.44
527	5259.9
528	5259.47
529	5259.39
530	5259.6
531	5259.27
532	5259.46
533	5259.79
534	5259.61
535	5259.97
536	5259.64
537	5259.62
538	5259.27
539	5258.89
540	5259.62
541	5259.8
542	5259.84
543	5260.04
544	5259.39
545	5259.12
546	5259.64
547	5259.46
548	5259.68
549	5259.58
550	5259.72
551	5259.49
552	5259.63
553	5259.76
554	5259.74
555	5259.92
556	5259.45
557	5259.64
558	5259.56
559	5259.76
560	5260.04
561	5259.66
562	5259.72
563	5259.69
564	5259.7
565	5259.59
566	5259.34
567	5259.74
568	5259.41
569	5259.51
570	5259.57
571	5259.74
572	5259.89
573	5259.31
574	5259.54
575	5259.91
576	5259.75
577	5259.72
578	5259.73
579	5259.74
580	5259.78
581	5259.38
582	5259.52
583	5259.72
584	5259.66
585	5259.72
586	5259.66
587	5259.28
588	5259.54
589	5259.68
590	5259.46
591	5259.52
592	5259.43
593	5259.34
594	5259.36
595	5259.46
596	5259.51
597	5259.75
598	5259.44
599	5259.51
600	5259.56
601	5259.81
602	5259.79
603	5259.81
604	5259.6
605	5259.77
606	5259.44
607	5260.11
608	5259.47
609	5259.61
610	5259.6
611	5259.5
612	5259.81
613	5259.62
614	5259.86
615	5259.81
616	5260.23
617	5259.94
618	5259.59
619	5259.39
620	5259.59
621	5259.81
622	5259.8
623	5259.65
624	5259.81
625	5259.62
626	5259.67
627	5259.4
628	5259.74
629	5259.7
630	5259.57
631	5259.57
632	5259.74
633	5259.62
634	5259.66
635	5259.64
636	5259.6
637	5259.66
638	5259.49
639	5259.69
640	5259.62
641	5260
642	5259.62
643	5259.3
644	5259.45
645	5259.6
646	5259.62
647	5259.92
648	5259.76
649	5259.76
650	5259.97
651	5259.47
652	5259.74
653	5259.66
654	5259.73
655	5259.42
656	5259.61
657	5259.55
658	5259.75
659	5259.5
660	5259.63
661	5259.67
662	5259.73
663	5259.81
664	5259.81
665	5259.69
666	5259.68
667	5259.53
668	5259.78
669	5259.43
670	5259.69
671	5259.59
672	5259.59
673	5259.43
674	5259.66
675	5259.71
676	5259.59
677	5259.64
678	5259.71
679	5259.8
680	5259.61
681	5259.58
682	5259.61
683	5259.72
684	5259.52
685	5259.48
686	5259.44
687	5259.66
688	5259.68
689	5259.7
690	5259.68
691	5259.52
692	5259.49
693	5259.57
694	5259.55
695	5259.59
696	5259.52
697	5259.6
698	5259.68
699	5259.69
700	5259.7
701	5259.49
702	5259.56
703	5259.89
704	5259.4
705	5259.75
706	5259.69
707	5259.66
708	5259.57
709	5259.59
710	5259.63
711	5259.56
712	5259.78
713	5259.41
714	5259.67
715	5259.6
716	5259.84
717	5259.63
718	5259.66
719	5259.71
720	5259.61
721	5259.77
722	5259.64
723	5259.54
724	5259.63
725	5259.59
726	5259.6
727	5259.79
728	5259.83
729	5259.62
730	5259.58
731	5259.58
732	5259.7
733	5259.58
734	5259.65
735	5259.58
736	5259.65
737	5259.73
738	5259.71
739	5259.67
740	5259.64
741	5259.62
742	5259.59
743	5259.58
744	5259.68
745	5259.48
746	5259.63
747	5259.76
748	5259.7
749	5259.69
750	5259.6
751	5259.66
752	5259.63
753	5259.62
754	5259.84
755	5259.58
756	5259.61
757	5259.66
758	5259.64
759	5259.6
760	5259.62
761	5259.62
762	5259.55
763	5259.53
764	5259.51
765	5259.46
766	5259.7
767	5259.6
768	5259.59
769	5259.71
770	5259.68
771	5259.62
772	5259.54
773	5259.59
774	5259.6
775	5259.48
776	5259.84
777	5259.42
778	5259.65
779	5259.79
780	5259.51
781	5259.58
782	5259.68
783	5259.67
784	5259.55
785	5259.68
786	5259.7
787	5259.49
788	5259.89
789	5259.49
790	5259.65
791	5259.62
792	5259.66
793	5259.63
794	5259.78
795	5259.66
796	5259.59
797	5259.56
798	5259.61
799	5259.66
800	5259.58
801	5259.75
802	5259.55
803	5259.59
804	5259.73
805	5259.57
806	5259.69
807	5259.72
808	5259.62
809	5259.77
810	5259.56
811	5259.76
812	5259.52
813	5259.73
814	5259.62
815	5259.59
816	5259.56
817	5259.64
818	5259.66
819	5259.7
820	5259.69
821	5259.62
822	5259.61
823	5259.6
824	5259.72
825	5259.6
826	5259.5
827	5259.54
828	5259.7
829	5259.64
830	5259.68
831	5259.61
832	5259.64
833	5259.61
834	5259.65
835	5259.63
836	5259.72
837	5259.68
838	5259.73
839	5259.54
840	5259.64
841	5259.67
842	5259.6
843	5259.53
844	5259.64
845	5259.59
846	5259.57
847	5259.7
848	5259.58
849	5259.62
850	5259.65
851	5259.64
852	5259.6
853	5259.63
854	5259.65
855	5259.63
856	5259.66
857	5259.61
858	5259.59
859	5259.64
860	5259.65
861	5259.63
