    3140.000  
    3240.000  
    3340.000  
    3440.000  
    3540.000  
    3640.000  
    3740.000  
    3840.000  
    3940.000  
    4040.000  
    4140.000  
    4240.000  
    4340.000  
    4440.000  
    4540.000  
    4640.000  
    4740.000  
    4840.000  
    4940.000  
    5040.000  
    5140.000  
    5240.000  
    5340.000  
    5440.000  
    5540.000  
    5640.000  
    5740.000  
    5840.000  
    5940.000  
    6040.000  
    6140.000  
    6240.000  
    6340.000  
    6440.000  
    6540.000  
    6640.000  
    6740.000  
    6840.000  
    6940.000  
    7040.000  
    7140.000  
    7240.000  
    7340.000  
    7440.000  
    7540.000  
    7640.000  
    7740.000  
    7840.000  
    7940.000  
    8040.000  
    8140.000  
    8240.000  
    8340.000  
    8440.000  
    8540.000  
    8640.000  
    8740.000  
    8840.000  
    8940.000  
    9040.000  
    9140.000  
    9240.000  
    9340.000  
    9440.000  
    9540.000  
    9640.000  
    9740.000  
    9840.000  
    9940.000  
   10040.000  
   10140.000  
   10240.000  
   10340.000  
   10440.000  
   10540.000  
   10640.000  
   10740.000  
   10840.000  
   10940.000  
   11040.000  
   11140.000  
   11240.000  
   11340.000  
   11440.000  
   11540.000  
   11640.000  
   11740.000  
   11840.000  
   11940.000  
   12040.000  
   12140.000  
   12240.000  
   12340.000  
   12440.000  
   12540.000  
   12640.000  
   12740.000  
   12840.000  
   12940.000  
   13040.000  
   13140.000  
   13240.000  
   13340.000  
   13440.000  
   13540.000  
   13640.000  
   13740.000  
   13840.000  
   13940.000  
   14040.000  
   14140.000  
   14240.000  
   14340.000  
   14440.000  
   14540.000  
   14640.000  
   14740.000  
   14840.000  
   14940.000  
   15040.000  
   15140.000  
   15240.000  
   15340.000  
   15440.000  
   15540.000  
   15640.000  
   15740.000  
   15840.000  
   15940.000  
   16040.000  
   16140.000  
   16240.000  
   16340.000  
   16440.000  
   16540.000  
   16640.000  
   16740.000  
   16840.000  
   16940.000  
   17040.000  
   17140.000  
   17240.000  
   17340.000  
   17440.000  
   17540.000  
   17640.000  
   17740.000  
   17840.000  
   17940.000  
   18040.000  
   18140.000  
   18240.000  
   18340.000  
   18440.000  
   18540.000  
   18640.000  
   18740.000  
   18840.000  
   18940.000  
   19040.000  
   19140.000  
   19240.000  
   19340.000  
   19440.000  
   19540.000  
   19640.000  
   19740.000  
   19840.000  
   19940.000  
   20040.000  
   20140.000  
   20240.000  
   20340.000  
   20440.000  
   20540.000  
   20640.000  
   20740.000  
   20840.000  
   20940.000  
   21040.000  
   21140.000  
   21240.000  
   21340.000  
   21440.000  
   21540.000  
   21640.000  
   21740.000  
   21840.000  
   21940.000  
   22040.000  
   22140.000  
   22240.000  
   22340.000  
   22440.000  
   22540.000  
   22640.000  
   22740.000  
   22840.000  
   22940.000  
   23040.000  
   23140.000  
   23240.000  
   23340.000  
   23440.000  
   23540.000  
   23640.000  
   23740.000  
   23840.000  
   23940.000  
   24040.000  
   24140.000  
   24240.000  
   24340.000  
   24440.000  
   24540.000  
   24640.000  
   24740.000  
   24840.000  
   24940.000  
   25040.000  
   25140.000  
   25240.000  
   25340.000  
   25440.000  
   25540.000  
   25640.000  
   25740.000  
   25840.000  
   25940.000  
   26040.000  
   26140.000  
   26240.000  
   26340.000  
   26440.000  
   26540.000  
   26640.000  
   26740.000  
   26840.000  
   26940.000  
   27040.000  
   27140.000  
   27240.000  
   27340.000  
   27440.000  
   27540.000  
   27640.000  
   27740.000  
   27840.000  
   27940.000  
   28040.000  
   28140.000  
   28240.000  
   28340.000  
   28440.000  
   28540.000  
   28640.000  
   28740.000  
   28840.000  
   28940.000  
   29040.000  
   29140.000  
   29240.000  
   29340.000  
   29440.000  
   29540.000  
   29640.000  
   29740.000  
   29840.000  
   29940.000  
   30040.000  
   30140.000  
   30240.000  
   30340.000  
   30440.000  
   30540.000  
   30640.000  
   30740.000  
   30840.000  
   30940.000  
   31040.000  
   31140.000  
   31240.000  
   31340.000  
   31440.000  
   31540.000  
   31640.000  
   31740.000  
   31840.000  
   31940.000  
   32040.000  
   32140.000  
   32240.000  
   32340.000  
   32440.000  
   32540.000  
   32640.000  
   32740.000  
   32840.000  
   32940.000  
   33040.000  
   33140.000  
   33240.000  
   33340.000  
   33440.000  
   33540.000  
   33640.000  
   33740.000  
   33840.000  
   33940.000  
   34040.000  
   34140.000  
   34240.000  
   34340.000  
   34440.000  
   34540.000  
   34640.000  
   34740.000  
   34840.000  
   34940.000  
   35040.000  
   35140.000  
   35240.000  
   35340.000  
   35440.000  
   35540.000  
   35640.000  
   35740.000  
   35840.000  
   35940.000  
   36040.000  
   36140.000  
   36240.000  
   36340.000  
   36440.000  
   36540.000  
   36640.000  
   36740.000  
   36840.000  
   36940.000  
   37040.000  
   37140.000  
   37240.000  
   37340.000  
   37440.000  
   37540.000  
   37640.000  
   37740.000  
   37840.000  
   37940.000  
   38040.000  
   38140.000  
   38240.000  
   38340.000  
   38440.000  
   38540.000  
   38640.000  
   38740.000  
   38840.000  
   38940.000  
   39040.000  
   39140.000  
   39240.000  
   39340.000  
   39440.000  
   39540.000  
   39640.000  
   39740.000  
   39840.000  
   39940.000  
   40040.000  
   40140.000  
   40240.000  
   40340.000  
   40440.000  
   40540.000  
   40640.000  
   40740.000  
   40840.000  
   40940.000  
   41040.000  
   41140.000  
   41240.000  
   41340.000  
   41440.000  
   41540.000  
   41640.000  
   41740.000  
   41840.000  
   41940.000  
   42040.000  
   42140.000  
   42240.000  
   42340.000  
   42440.000  
   42540.000  
   42640.000  
   42740.000  
   42840.000  
   42940.000  
   43040.000  
   43140.000  
   43240.000  
   43340.000  
   43440.000  
   43540.000  
   43640.000  
   43740.000  
   43840.000  
   43940.000  
   44040.000  
   44140.000  
   44240.000  
   44340.000  
   44440.000  
   44540.000  
   44640.000  
   44740.000  
   44840.000  
   44940.000  
   45040.000  
   45140.000  
   45240.000  
   45340.000  
   45440.000  
   45540.000  
   45640.000  
   45740.000  
   45840.000  
   45940.000  
   46040.000  
   46140.000  
   46240.000  
   46340.000  
   46440.000  
   46540.000  
   46640.000  
   46740.000  
   46840.000  
   46940.000  
   47040.000  
   47140.000  
   47240.000  
   47340.000  
   47440.000  
   47540.000  
   47640.000  
   47740.000  
   47840.000  
   47940.000  
   48040.000  
   48140.000  
   48240.000  
   48340.000  
   48440.000  
   48540.000  
   48640.000  
   48740.000  
   48840.000  
   48940.000  
   49040.000  
   49140.000  
   49240.000  
   49540.000  
   49640.000  
   49740.000  
   49840.000  
   49940.000  
   50040.000  
   50140.000  
   50240.000  
   50340.000  
   50440.000  
   50540.000  
   50640.000  
   50740.000  
   50840.000  
   50940.000  
   51040.000  
   51140.000  
   51240.000  
   51340.000  
   51440.000  
   51540.000  
   51640.000  
   51740.000  
   51840.000  
   51940.000  
   52040.000  
   52140.000  
   52240.000  
   52340.000  
   52440.000  
   52540.000  
   52640.000  
   52740.000  
   52840.000  
   52940.000  
   53040.000  
   53140.000  
   53240.000  
   53340.000  
   53440.000  
   53540.000  
   53640.000  
   53740.000  
   53840.000  
   53940.000  
   54040.000  
   54140.000  
   54240.000  
   54340.000  
   54440.000  
   54540.000  
   54640.000  
   54740.000  
   54840.000  
   54940.000  
   55040.000  
   55140.000  
   55240.000  
   55340.000  
   55440.000  
   55540.000  
   55640.000  
   55740.000  
   55840.000  
   55940.000  
   56040.000  
   56140.000  
   56240.000  
   56340.000  
   56440.000  
   56540.000  
   56640.000  
   56740.000  
   56840.000  
   56940.000  
   57040.000  
   57140.000  
   57240.000  
   57340.000  
   57440.000  
   57540.000  
   57640.000  
   57740.000  
   57840.000  
   57940.000  
   58040.000  
   58140.000  
   58240.000  
   58440.000  
   58540.000  
   58640.000  
   58740.000  
   58840.000  
   58940.000  
   59040.000  
   59140.000  
   59240.000  
   59340.000  
   59440.000  
   59540.000  
   59640.000  
   59740.000  
   59840.000  
   59940.000  
   60040.000  
   60140.000  
   60240.000  
   60340.000  
   60440.000  
   60540.000  
   60640.000  
   60740.000  
   60840.000  
   60940.000  
   61040.000  
   61140.000  
   61240.000  
   61340.000  
   61440.000  
   61540.000  
   61640.000  
   61740.000  
   61840.000  
   61940.000  
   62040.000  
   62140.000  
   62240.000  
   62340.000  
   62440.000  
   62540.000  
   62640.000  
   62740.000  
   62840.000  
   62940.000  
   63040.000  
   63140.000  
   63240.000  
   63340.000  
   63440.000  
   63540.000  
   63640.000  
   63740.000  
   63840.000  
   63940.000  
   64040.000  
   64140.000  
   64240.000  
   64340.000  
   64440.000  
   64540.000  
   64640.000  
   64740.000  
   64840.000  
   64940.000  
   65040.000  
   65140.000  
   65240.000  
   65340.000  
   65440.000  
   65540.000  
   65640.000  
   65740.000  
   65840.000  
   65940.000  
   66040.000  
   66140.000  
   66240.000  
   66340.000  
   66440.000  
   66540.000  
   66640.000  
   66740.000  
   66840.000  
   66940.000  
   67040.000  
   67140.000  
   67240.000  
   67340.000  
   67440.000  
   67540.000  
   67640.000  
   67740.000  
   67840.000  
   67940.000  
   68040.000  
   68140.000  
   68240.000  
   68340.000  
   68440.000  
   68540.000  
   68640.000  
   68740.000  
   68840.000  
   68940.000  
   69040.000  
   69140.000  
   69240.000  
   69340.000  
   69440.000  
   69540.000  
   69640.000  
   69740.000  
   69840.000  
   69940.000  
   70040.000  
   70140.000  
   70240.000  
   70340.000  
   70440.000  
   70540.000  
   70640.000  
   70740.000  
   70840.000  
   70940.000  
   71040.000  
   71140.000  
   71240.000  
   71340.000  
   71440.000  
   71540.000  
   71640.000  
   71740.000  
   71840.000  
   71940.000  
   72040.000  
   72140.000  
   72240.000  
   72340.000  
   72440.000  
   72540.000  
   72640.000  
   72740.000  
   72840.000  
   72940.000  
   73040.000  
   73140.000  
   73240.000  
   73340.000  
   73440.000  
   73540.000  
   73640.000  
   73740.000  
   73840.000  
   73940.000  
   74040.000  
   74140.000  
   74240.000  
   74340.000  
   74440.000  
   74540.000  
   74640.000  
   74740.000  
   74840.000  
   74940.000  
   75040.000  
   75140.000  
   75240.000  
   75340.000  
   75440.000  
   75540.000  
   75640.000  
   75740.000  
   75840.000  
   75940.000  
   76040.000  
   76140.000  
   76240.000  
   76340.000  
   76440.000  
   76540.000  
   76640.000  
   76740.000  
   76840.000  
   76940.000  
   77040.000  
   77140.000  
   77240.000  
   77340.000  
   77440.000  
   77540.000  
   77640.000  
   77740.000  
   77840.000  
   77940.000  
   78040.000  
   78140.000  
   78240.000  
   78340.000  
   78440.000  
   78540.000  
   78640.000  
   78740.000  
   78840.000  
   78940.000  
   79040.000  
   79140.000  
   79240.000  
   79340.000  
   79440.000  
   79540.000  
   79640.000  
   79740.000  
   79840.000  
   79940.000  
   80040.000  
   80140.000  
   80240.000  
   80340.000  
   80440.000  
   80540.000  
   80640.000  
   80740.000  
   80840.000  
   80940.000  
   81040.000  
   81140.000  
   81240.000  
   81340.000  
   81440.000  
   81540.000  
   81640.000  
   81740.000  
   81840.000  
   81940.000  
   82040.000  
   82140.000  
   82240.000  
   82340.000  
   82440.000  
   82540.000  
   82640.000  
   82740.000  
   82840.000  
   82940.000  
   83040.000  
   83140.000  
   83240.000  
   83340.000  
   83440.000  
   83540.000  
   83640.000  
   83740.000  
   83840.000  
   83940.000  
   84040.000  
   84140.000  
   84240.000  
   84340.000  
   84440.000  
   84540.000  
   84640.000  
   84740.000  
   84840.000  
   84940.000  
   85040.000  
   85140.000  
   85240.000  
   85340.000  
   85440.000  
   85540.000  
   85640.000  
   85740.000  
   85840.000  
   85940.000  
   86040.000  
   86140.000  
   86240.000  
   86340.000  
   86440.000  
   86540.000  
   86640.000  
   86740.000  
   86840.000  
   86940.000  
   87040.000  
   87140.000  
   87240.000  
   87340.000  
   87440.000  
   87540.000  
   87640.000  
   87740.000  
   87840.000  
   87940.000  
   88040.000  
   88140.000  
   88240.000  
   88340.000  
   88440.000  
   88540.000  
   88640.000  
   88740.000  
   88840.000  
   88940.000  
   89040.000  
   89140.000  
   89240.000  
   89340.000  
   89440.000  
   89540.000  
   89640.000  
   89740.000  
   89840.000  
   89940.000  
   90040.000  
   90140.000  
   90240.000  
   90340.000  
   90440.000  
   90540.000  
   90640.000  
   90740.000  
   90840.000  
   90940.000  
   91040.000  
   91140.000  
   91240.000  
   91340.000  
   91440.000  
   91540.000  
   91640.000  
   91740.000  
   91840.000  
   91940.000  
   92040.000  
   92140.000  
   92240.000  
   92340.000  
   92440.000  
   92540.000  
   92640.000  
   92740.000  
   92840.000  
   92940.000  
   93040.000  
   93140.000  
   93240.000  
   93340.000  
   93440.000  
   93540.000  
   93640.000  
   93740.000  
   93840.000  
   93940.000  
   94040.000  
   94140.000  
   94240.000  
   94340.000  
   94440.000  
   94540.000  
   94640.000  
   94740.000  
   94840.000  
   94940.000  
   95040.000  
   95140.000  
   95240.000  
   95340.000  
   95440.000  
   95540.000  
   95640.000  
   95740.000  
   95840.000  
   95940.000  
   96040.000  
   96140.000  
   96240.000  
   96340.000  
   96440.000  
   96540.000  
   96640.000  
   96740.000  
   96840.000  
   96940.000  
   97040.000  
   97140.000  
   97240.000  
   97340.000  
   97440.000  
   97540.000  
   97640.000  
   97740.000  
   97840.000  
   97940.000  
   98040.000  
   98140.000  
   98240.000  
   98340.000  
   98440.000  
   98540.000  
   98640.000  
   98740.000  
   98840.000  
   98940.000  
   99040.000  
   99140.000  
   99240.000  
   99340.000  
   99440.000  
   99540.000  
   99640.000  
   99740.000  
   99840.000  
   99940.000  
  100040.000  
  100140.000  
  100240.000  
  100340.000  
  100440.000  
  100540.000  
  100640.000  
  100740.000  
  100840.000  
  100940.000  
  101040.000  
  101140.000  
  101240.000  
  101340.000  
  101440.000  
  101540.000  
  101640.000  
  101740.000  
  101840.000  
  101940.000  
  102040.000  
  102140.000  
  102240.000  
  102340.000  
  102440.000  
  102540.000  
  102640.000  
  102740.000  
  102840.000  
  102940.000  
  103040.000  
  103140.000  
  103240.000  
  103340.000  
  103440.000  
  103540.000  
  103640.000  
  103740.000  
  103840.000  
  103940.000  
  104040.000  
  104140.000  
  104240.000  
  104340.000  
  104440.000  
  104540.000  
  104640.000  
  104740.000  
  104840.000  
  104940.000  
  105040.000  
  105140.000  
  105240.000  
  105340.000  
  105440.000  
  105540.000  
  105640.000  
  105740.000  
  105840.000  
  105940.000  
  106040.000  
  106140.000  
  106240.000  
  106340.000  
  106440.000  
  106540.000  
  106640.000  
  106740.000  
  106840.000  
  106940.000  
  107040.000  
  107140.000  
  107240.000  
  107340.000  
  107440.000  
  107540.000  
  107640.000  
  107740.000  
  107840.000  
  107940.000  
  108040.000  
  108140.000  
  108240.000  
  108340.000  
  108440.000  
  108540.000  
  108640.000  
  108740.000  
  108840.000  
  108940.000  
  109040.000  
  109140.000  
  109240.000  
  109340.000  
  109440.000  
  109540.000  
  109640.000  
  109740.000  
  109840.000  
  109940.000  
  110040.000  
  110140.000  
  110240.000  
  110340.000  
  110440.000  
  110540.000  
  110640.000  
  110740.000  
  110840.000  
  110940.000  
  111040.000  
  111140.000  
  111240.000  
  111340.000  
  111440.000  
  111540.000  
  111640.000  
  111740.000  
  111840.000  
  111940.000  
  112040.000  
  112140.000  
  112240.000  
  112340.000  
  112440.000  
  112540.000  
  112640.000  
  112740.000  
  112840.000  
  112940.000  
  113040.000  
  113140.000  
  113240.000  
  113340.000  
  113440.000  
  113540.000  
  113640.000  
  113740.000  
  113840.000  
  113940.000  
  114040.000  
  114140.000  
  114240.000  
  114340.000  
  114440.000  
  114540.000  
  114640.000  
  114740.000  
  114840.000  
  114940.000  
  115040.000  
  115140.000  
  115240.000  
  115340.000  
  115440.000  
  115540.000  
  115640.000  
  115740.000  
  115840.000  
  115940.000  
  116040.000  
  116140.000  
  116240.000  
  116340.000  
  116440.000  
  116540.000  
  116640.000  
  116740.000  
  116840.000  
  116940.000  
  117040.000  
  117140.000  
  117240.000  
  117340.000  
  117440.000  
  117540.000  
  117640.000  
  117740.000  
  117840.000  
  117940.000  
  118040.000  
  118140.000  
  118240.000  
  118340.000  
  118440.000  
  118540.000  
  118640.000  
  118740.000  
  118840.000  
  118940.000  
  119040.000  
  119140.000  
  119240.000  
  119340.000  
  119440.000  
  119540.000  
  119640.000  
  119740.000  
  119840.000  
  119940.000  
  120040.000  
  120140.000  
  120240.000  
  120340.000  
  120440.000  
  120540.000  
  120640.000  
  120740.000  
  120840.000  
  120940.000  
  121040.000  
  121140.000  
  121240.000  
  121340.000  
  121440.000  
  121540.000  
  121640.000  
  121740.000  
  121840.000  
  121940.000  
  122040.000  
  122140.000  
  122240.000  
  122340.000  
  122440.000  
  122540.000  
  122640.000  
  122740.000  
  122840.000  
  122940.000  
  123040.000  
  123140.000  
  123240.000  
  123340.000  
  123440.000  
  123540.000  
  123640.000  
  123740.000  
  123840.000  
  123940.000  
  124040.000  
  124140.000  
  124240.000  
  124340.000  
  124440.000  
  124540.000  
  124640.000  
  124740.000  
  124840.000  
  124940.000  
  125040.000  
  125140.000  
  125240.000  
  125340.000  
  125440.000  
  125540.000  
  125640.000  
  125740.000  
  125840.000  
  125940.000  
  126040.000  
  126140.000  
  126240.000  
  126340.000  
  126440.000  
  126540.000  
  126640.000  
  126740.000  
  126840.000  
  126940.000  
  127040.000  
  127140.000  
  127240.000  
  127340.000  
  127440.000  
  127540.000  
  127640.000  
  127740.000  
  127840.000  
  127940.000  
  128040.000  
  128140.000  
  128240.000  
  128340.000  
  128440.000  
  128540.000  
  128640.000  
  128740.000  
  128840.000  
  128940.000  
  129040.000  
  129140.000  
  129240.000  
  129340.000  
  129440.000  
  129540.000  
  129640.000  
  129740.000  
  129840.000  
  129940.000  
  130040.000  
  130140.000  
  130240.000  
  130340.000  
  130440.000  
  130540.000  
  130640.000  
  130740.000  
  130840.000  
  130940.000  
  131040.000  
  131140.000  
  131240.000  
  131340.000  
  131440.000  
  131540.000  
  131640.000  
  131740.000  
  131840.000  
  131940.000  
  132040.000  
  132140.000  
  132240.000  
  132340.000  
  132440.000  
  132540.000  
  132640.000  
  132740.000  
  132840.000  
  132940.000  
  133040.000  
  133140.000  
  133240.000  
  133340.000  
  133440.000  
  133540.000  
  133640.000  
  133740.000  
  133840.000  
  133940.000  
  134040.000  
  134140.000  
  134240.000  
  134340.000  
  134440.000  
  134540.000  
  134640.000  
  134740.000  
  134840.000  
  134940.000  
  135040.000  
  135140.000  
  135240.000  
  135340.000  
  135440.000  
  135540.000  
  135640.000  
  135740.000  
  135840.000  
  135940.000  
  136040.000  
  136140.000  
  136240.000  
  136340.000  
  136440.000  
  136540.000  
  136640.000  
  136740.000  
  136840.000  
  136940.000  
  137040.000  
  137140.000  
  137240.000  
  137340.000  
  137440.000  
  137540.000  
  137640.000  
  137740.000  
  137840.000  
  137940.000  
  138040.000  
  138140.000  
  138240.000  
  138340.000  
  138440.000  
  138540.000  
  138640.000  
  138740.000  
  138840.000  
  138940.000  
  139040.000  
  139140.000  
  139240.000  
  139340.000  
  139440.000  
  139540.000  
  139640.000  
  139740.000  
  139840.000  
  139940.000  
  140040.000  
  140140.000  
  140240.000  
  140340.000  
  140440.000  
  140540.000  
  140640.000  
  140740.000  
  140840.000  
  140940.000  
  141040.000  
  141140.000  
  141240.000  
  141340.000  
  141440.000  
  141540.000  
  141640.000  
  141740.000  
  141840.000  
  141940.000  
  142040.000  
  142140.000  
  142240.000  
  142340.000  
  142440.000  
  142540.000  
  142640.000  
  142740.000  
  142840.000  
  142940.000  
  143040.000  
  143140.000  
  143240.000  
  143340.000  
  143440.000  
  143540.000  
  143640.000  
  143740.000  
  143840.000  
  143940.000  
  144040.000  
  144140.000  
  144240.000  
  144340.000  
  144440.000  
  144540.000  
  144640.000  
  144740.000  
  144840.000  
  144940.000  
  145040.000  
  145140.000  
  145240.000  
  145340.000  
  145440.000  
  145540.000  
  145640.000  
  145740.000  
  145840.000  
  145940.000  
  146040.000  
  146140.000  
  146240.000  
  146340.000  
  146440.000  
  146540.000  
  146640.000  
  146740.000  
  146840.000  
  146940.000  
  147040.000  
  147140.000  
  147240.000  
  147340.000  
  147440.000  
  147540.000  
  147640.000  
  147740.000  
  147840.000  
  147940.000  
  148040.000  
  148140.000  
  148240.000  
  148340.000  
  148440.000  
  148540.000  
  148640.000  
  148740.000  
  148840.000  
  148940.000  
  149040.000  
  149140.000  
  149240.000  
  149340.000  
  149440.000  
  149540.000  
  149640.000  
  149740.000  
  149840.000  
  149940.000  
  150040.000  
  150140.000  
  150240.000  
  150340.000  
  150440.000  
  150540.000  
  150640.000  
  150740.000  
  150840.000  
  150940.000  
  151040.000  
  151140.000  
  151240.000  
  151340.000  
  151440.000  
  151540.000  
  151640.000  
  151740.000  
  151840.000  
  151940.000  
  152040.000  
  152140.000  
  152240.000  
  152340.000  
  152440.000  
  152540.000  
  152640.000  
  152740.000  
  152840.000  
  152940.000  
  153040.000  
  153140.000  
  153240.000  
  153340.000  
  153440.000  
  153540.000  
  153640.000  
  153740.000  
  153840.000  
  153940.000  
  154040.000  
  154140.000  
  154240.000  
  154340.000  
  154440.000  
  154540.000  
  154640.000  
  154740.000  
  154840.000  
  154940.000  
  155040.000  
  155140.000  
  155240.000  
  155340.000  
  155440.000  
  155540.000  
  155640.000  
  155740.000  
  155840.000  
  155940.000  
  156040.000  
  156140.000  
  156240.000  
  156340.000  
  156440.000  
  156540.000  
  156640.000  
  156740.000  
  156840.000  
  156940.000  
  157040.000  
  157140.000  
  157240.000  
  157340.000  
  157440.000  
  157540.000  
  157640.000  
  157740.000  
  157840.000  
  157940.000  
  158040.000  
  158140.000  
  158240.000  
  158340.000  
  158440.000  
  158540.000  
  158640.000  
  158740.000  
  158840.000  
  158940.000  
  159040.000  
  159140.000  
  159240.000  
  159340.000  
  159440.000  
  159540.000  
  159640.000  
  159740.000  
  159840.000  
  159940.000  
  160040.000  
  160140.000  
  160240.000  
  160340.000  
  160440.000  
  160540.000  
  160640.000  
  160740.000  
  160840.000  
  160940.000  
  161040.000  
  161140.000  
  161240.000  
  161340.000  
  161440.000  
  161540.000  
  161640.000  
  161740.000  
  161840.000  
  161940.000  
  162040.000  
  162140.000  
  162240.000  
  162340.000  
  162440.000  
  162540.000  
  162640.000  
  162740.000  
  162840.000  
  162940.000  
  163040.000  
  163140.000  
  163240.000  
  163340.000  
  163440.000  
  163540.000  
  163640.000  
  163740.000  
  163840.000  
  163940.000  
  164040.000  
  164140.000  
  164240.000  
  164340.000  
  164440.000  
  164540.000  
  164640.000  
  164740.000  
  164840.000  
  164940.000  
  165040.000  
  165140.000  
  165240.000  
  165340.000  
  165440.000  
  165540.000  
  165640.000  
  165740.000  
  165840.000  
  165940.000  
  166040.000  
  166140.000  
  166240.000  
  166340.000  
  166440.000  
  166540.000  
  166640.000  
  166740.000  
  166840.000  
  166940.000  
  167040.000  
  167140.000  
  167240.000  
  167340.000  
  167440.000  
  167540.000  
  167640.000  
  167740.000  
  167840.000  
  167940.000  
  168040.000  
  168140.000  
  168240.000  
  168340.000  
  168440.000  
  168540.000  
  168640.000  
  168740.000  
  168840.000  
  168940.000  
  169040.000  
  169140.000  
  169240.000  
  169340.000  
  169440.000  
  169540.000  
  169640.000  
  169740.000  
  169840.000  
  169940.000  
  170040.000  
  170140.000  
  170240.000  
  170340.000  
  170440.000  
  170540.000  
  170640.000  
  170740.000  
  170840.000  
  170940.000  
  171040.000  
  171140.000  
  171240.000  
  171340.000  
  171440.000  
  171540.000  
  171640.000  
  171740.000  
  171840.000  
  171940.000  
  172040.000  
  172140.000  
  172240.000  
  172340.000  
  172440.000  
  172540.000  
  172640.000  
  172740.000  
  172840.000  
  172940.000  
  173040.000  
  173140.000  
  173240.000  
  173340.000  
  173440.000  
  173540.000  
  173640.000  
  173740.000  
  173840.000  
  173940.000  
  174040.000  
  174140.000  
  174240.000  
  174340.000  
  174440.000  
  174540.000  
  174640.000  
  174740.000  
  174840.000  
  174940.000  
  175040.000  
  175140.000  
  175240.000  
  175340.000  
  175440.000  
  175540.000  
  175640.000  
  175740.000  
  175840.000  
  175940.000  
  176040.000  
  176140.000  
  176240.000  
  176340.000  
  176440.000  
  176540.000  
  176640.000  
  176740.000  
  176840.000  
  176940.000  
  177040.000  
  177140.000  
  177240.000  
  177340.000  
  177440.000  
  177540.000  
  177640.000  
  177740.000  
  177840.000  
  177940.000  
  178040.000  
  178140.000  
  178240.000  
  178340.000  
  178440.000  
  178540.000  
  178640.000  
  178740.000  
  178840.000  
  178940.000  
  179040.000  
  179140.000  
  179240.000  
  179340.000  
  179440.000  
  179540.000  
  179640.000  
  179740.000  
  179840.000  
  179940.000  
  180040.000  
  180140.000  
  180240.000  
  180340.000  
  180440.000  
  180540.000  
  180640.000  
  180740.000  
  180840.000  
  180940.000  
  181040.000  
  181140.000  
  181240.000  
  181340.000  
  181440.000  
  181540.000  
  181640.000  
  181740.000  
  181840.000  
  181940.000  
  182040.000  
  182140.000  
  182240.000  
  182340.000  
  182440.000  
  182540.000  
  182640.000  
  182740.000  
  182840.000  
  182940.000  
  183040.000  
  183140.000  
  183240.000  
  183340.000  
  183440.000  
  183540.000  
  183640.000  
  183740.000  
  183840.000  
  183940.000  
  184040.000  
  184140.000  
  184240.000  
  184340.000  
  184440.000  
  184540.000  
  184640.000  
  184740.000  
  184840.000  
  184940.000  
  185040.000  
  185140.000  
  185240.000  
  185340.000  
  185440.000  
  185540.000  
  185640.000  
  185740.000  
  185840.000  
  185940.000  
  186040.000  
  186140.000  
  186240.000  
  186340.000  
  186440.000  
  186540.000  
  186640.000  
  186740.000  
  186840.000  
  186940.000  
  187040.000  
  187140.000  
  187240.000  
  187340.000  
  187440.000  
  187540.000  
  187640.000  
  187740.000  
  187840.000  
  187940.000  
  188040.000  
  188140.000  
  188240.000  
  188340.000  
  188440.000  
  188540.000  
  188640.000  
  188740.000  
  188840.000  
  188940.000  
  189040.000  
  189140.000  
  189240.000  
  189340.000  
  189440.000  
  189540.000  
  189640.000  
  189740.000  
  189840.000  
  189940.000  
  190040.000  
  190140.000  
  190240.000  
  190340.000  
  190440.000  
  190540.000  
  190640.000  
  190740.000  
  190840.000  
  190940.000  
  191040.000  
  191140.000  
  191240.000  
  191340.000  
  191440.000  
  191540.000  
  191640.000  
  191740.000  
  191840.000  
  191940.000  
  192040.000  
  192140.000  
  192240.000  
  192340.000  
  192440.000  
  192540.000  
  192640.000  
  192740.000  
  192840.000  
  192940.000  
  193040.000  
  193140.000  
  193240.000  
  193340.000  
  193440.000  
  193540.000  
  193640.000  
  193740.000  
  193840.000  
  193940.000  
  194040.000  
  194140.000  
  194240.000  
  194340.000  
  194440.000  
  194540.000  
  194640.000  
  194740.000  
  194840.000  
  194940.000  
  195040.000  
  195140.000  
  195240.000  
  195340.000  
  195440.000  
  195540.000  
  195640.000  
  195740.000  
  195840.000  
  195940.000  
  196040.000  
  196140.000  
  196240.000  
  196340.000  
  196440.000  
  196540.000  
  196640.000  
  196740.000  
  196840.000  
  196940.000  
  197040.000  
  197140.000  
  197240.000  
  197340.000  
  197440.000  
  197540.000  
  197640.000  
  197740.000  
  197840.000  
  197940.000  
  198040.000  
  198140.000  
  198240.000  
  198340.000  
  198440.000  
  198540.000  
  198640.000  
  198740.000  
  198840.000  
  198940.000  
  199040.000  
  199140.000  
  199240.000  
  199340.000  
  199440.000  
  199540.000  
  199640.000  
  199740.000  
  199840.000  
  199940.000  
  200040.000  
  200140.000  
  200240.000  
  200340.000  
  200440.000  
  200540.000  
  200640.000  
  200740.000  
  200840.000  
  200940.000  
  201040.000  
  201140.000  
  201240.000  
  201340.000  
  201440.000  
  201540.000  
  201640.000  
  201740.000  
  201840.000  
  201940.000  
  202040.000  
  202140.000  
  202240.000  
  202340.000  
  202440.000  
  202540.000  
  202640.000  
  202740.000  
  202840.000  
  202940.000  
  203040.000  
  203140.000  
  203240.000  
  203340.000  
  203440.000  
  203540.000  
  203640.000  
  203740.000  
  203840.000  
  203940.000  
  204040.000  
  204140.000  
  204240.000  
  204340.000  
  204440.000  
  204540.000  
  204640.000  
  204740.000  
  204840.000  
  204940.000  
  205040.000  
  205140.000  
  205240.000  
  205340.000  
  205440.000  
  205540.000  
  205640.000  
  205740.000  
  205840.000  
  205940.000  
  206040.000  
  206140.000  
  206240.000  
  206340.000  
  206440.000  
  206540.000  
  206640.000  
  206740.000  
  206840.000  
  206940.000  
  207040.000  
  207140.000  
  207240.000  
  207340.000  
  207440.000  
  207540.000  
  207640.000  
  207740.000  
  207840.000  
  207940.000  
  208040.000  
  208140.000  
  208240.000  
  208340.000  
  208440.000  
  208540.000  
  208640.000  
  208740.000  
  208840.000  
  208940.000  
  209040.000  
  209140.000  
  209240.000  
  209340.000  
  209440.000  
  209540.000  
  209640.000  
  209740.000  
  209840.000  
  209940.000  
  210040.000  
  210140.000  
  210240.000  
  210340.000  
  210440.000  
  210540.000  
  210640.000  
  210740.000  
  210840.000  
  210940.000  
  211040.000  
  211140.000  
  211240.000  
  211340.000  
  211440.000  
  211540.000  
  211640.000  
  211740.000  
  211840.000  
  211940.000  
  212040.000  
  212140.000  
  212240.000  
  212340.000  
  212440.000  
  212540.000  
  212640.000  
  212740.000  
  212840.000  
  212940.000  
  213040.000  
  213140.000  
  213240.000  
  213340.000  
  213440.000  
  213540.000  
  213640.000  
  213740.000  
  213840.000  
  213940.000  
  214040.000  
  214140.000  
  214240.000  
  214340.000  
  214440.000  
  214540.000  
  214640.000  
  214740.000  
  214840.000  
  214940.000  
  215040.000  
  215140.000  
  215240.000  
  215340.000  
  215440.000  
  215540.000  
  215640.000  
  215740.000  
  215840.000  
  215940.000  
  216040.000  
  216140.000  
  216240.000  
  216340.000  
  216440.000  
  216540.000  
  216640.000  
  216740.000  
  216840.000  
  216940.000  
  217040.000  
  217140.000  
  217240.000  
  217340.000  
  217440.000  
  217540.000  
  217640.000  
  217740.000  
  217840.000  
  217940.000  
  218040.000  
  218140.000  
  218240.000  
  218340.000  
  218440.000  
  218540.000  
  218640.000  
  218740.000  
  218840.000  
  218940.000  
  219040.000  
  219140.000  
  219240.000  
  219340.000  
  219440.000  
  219540.000  
  219640.000  
  219740.000  
  219840.000  
  219940.000  
  220040.000  
  220140.000  
  220240.000  
  220340.000  
  220440.000  
  220540.000  
  220640.000  
  220740.000  
  220840.000  
  220940.000  
  221040.000  
  221140.000  
  221240.000  
  221340.000  
  221440.000  
  221540.000  
  221640.000  
  221740.000  
  221840.000  
  221940.000  
  222040.000  
  222140.000  
  222240.000  
  222340.000  
  222440.000  
  222540.000  
  222640.000  
  222740.000  
  222840.000  
  222940.000  
  223040.000  
  223140.000  
  223240.000  
  223340.000  
  223440.000  
  223540.000  
  223640.000  
  223740.000  
  223840.000  
  223940.000  
  224040.000  
  224140.000  
  224240.000  
  224340.000  
  224440.000  
  224540.000  
  224640.000  
  224740.000  
  224840.000  
  224940.000  
  225040.000  
  225140.000  
  225240.000  
  225340.000  
  225440.000  
  225540.000  
  225640.000  
  225740.000  
  225840.000  
  225940.000  
  226040.000  
  226140.000  
  226240.000  
  226340.000  
  226440.000  
  226540.000  
  226640.000  
  226740.000  
  226840.000  
  226940.000  
  227040.000  
  227140.000  
  227240.000  
  227340.000  
  227440.000  
  227540.000  
  227640.000  
  227740.000  
  227840.000  
  227940.000  
  228040.000  
  228140.000  
  228240.000  
  228340.000  
  228440.000  
  228540.000  
  228640.000  
  228740.000  
  228840.000  
  228940.000  
  229040.000  
  229140.000  
  229240.000  
  229340.000  
  229440.000  
  229540.000  
  229640.000  
  229740.000  
  229840.000  
  229940.000  
  230040.000  
  230140.000  
  230240.000  
  230340.000  
  230440.000  
  230540.000  
  230640.000  
  230740.000  
  230840.000  
  230940.000  
  231040.000  
  231140.000  
  231240.000  
  231340.000  
  231440.000  
  231540.000  
  231640.000  
  231740.000  
  231840.000  
  231940.000  
  232040.000  
  232140.000  
  232240.000  
  232340.000  
  232440.000  
  232540.000  
  232640.000  
  232740.000  
  232840.000  
  232940.000  
  233040.000  
  233140.000  
  233240.000  
  233340.000  
  233440.000  
  233540.000  
  233640.000  
  233740.000  
  233840.000  
  233940.000  
  234040.000  
  234140.000  
  234240.000  
  234340.000  
  234440.000  
  234540.000  
  234640.000  
  234740.000  
  234840.000  
  234940.000  
  235040.000  
  235140.000  
  235240.000  
  235340.000  
  235440.000  
  235540.000  
  235640.000  
  235740.000  
  235840.000  
  235940.000  
  236040.000  
  236140.000  
  236240.000  
  236340.000  
  236440.000  
  236540.000  
  236640.000  
  236740.000  
  236840.000  
  236940.000  
  237040.000  
  237140.000  
  237240.000  
  237340.000  
  237440.000  
  237540.000  
  237640.000  
  237740.000  
  237840.000  
  237940.000  
  238040.000  
  238140.000  
  238240.000  
  238340.000  
  238440.000  
  238540.000  
  238640.000  
  238740.000  
  238840.000  
  238940.000  
  239040.000  
  239140.000  
  239240.000  
  239340.000  
  239440.000  
  239540.000  
  239640.000  
  239740.000  
  239840.000  
  239940.000  
  240040.000  
  240140.000  
  240240.000  
  240340.000  
  240440.000  
  240540.000  
  240640.000  
  240740.000  
  240840.000  
  240940.000  
  241040.000  
  241140.000  
  241240.000  
  241340.000  
  241440.000  
  241540.000  
  241640.000  
  241740.000  
  241840.000  
  241940.000  
  242040.000  
  242140.000  
  242240.000  
  242340.000  
  242440.000  
  242540.000  
  242640.000  
  242740.000  
  242840.000  
  242940.000  
  243040.000  
  243140.000  
  243240.000  
  243340.000  
  243440.000  
  243540.000  
  243640.000  
  243740.000  
  243840.000  
  243940.000  
  244040.000  
  244140.000  
  244240.000  
  244340.000  
  244440.000  
  244540.000  
  244640.000  
  244740.000  
  244840.000  
  244940.000  
  245040.000  
  245140.000  
  245240.000  
  245340.000  
  245440.000  
  245540.000  
  245640.000  
  245740.000  
  245840.000  
  245940.000  
  246040.000  
  246140.000  
  246240.000  
  246340.000  
  246440.000  
  246540.000  
  246640.000  
  246740.000  
  246840.000  
  246940.000  
  247040.000  
  247140.000  
  247240.000  
  247340.000  
  247440.000  
  247540.000  
  247640.000  
  247740.000  
  247840.000  
  247940.000  
  248040.000  
  248140.000  
  248240.000  
  248340.000  
  248440.000  
  248540.000  
  248640.000  
  248740.000  
  248840.000  
  248940.000  
  249040.000  
  249140.000  
  249240.000  
  249340.000  
  249440.000  
  249540.000  
  249640.000  
  249740.000  
  249840.000  
  249940.000  
  250040.000  
  250140.000  
  250240.000  
  250340.000  
  250440.000  
  250540.000  
  250640.000  
  250740.000  
  250840.000  
  250940.000  
  251040.000  
  251140.000  
  251240.000  
  251340.000  
  251440.000  
  251540.000  
  251640.000  
  251740.000  
  251840.000  
  251940.000  
  252040.000  
  252140.000  
  252240.000  
  252340.000  
  252440.000  
  252540.000  
  252640.000  
  252740.000  
  252840.000  
  252940.000  
  253040.000  
  253140.000  
  253240.000  
  253340.000  
  253440.000  
  253540.000  
  253640.000  
  253740.000  
  253840.000  
  253940.000  
  254040.000  
  254140.000  
  254240.000  
  254340.000  
  254440.000  
  254540.000  
  254640.000  
  254740.000  
  254840.000  
  254940.000  
  255040.000  
  255140.000  
  255240.000  
  255340.000  
  255440.000  
  255540.000  
  255640.000  
  255740.000  
  255840.000  
  255940.000  
  256040.000  
  256140.000  
  256240.000  
  256340.000  
  256440.000  
  256540.000  
  256640.000  
  256740.000  
  256840.000  
  256940.000  
  257040.000  
  257140.000  
  257240.000  
  257340.000  
  257440.000  
  257540.000  
  257640.000  
  257740.000  
  257840.000  
  257940.000  
  258040.000  
  258140.000  
  258240.000  
  258340.000  
  258440.000  
  258540.000  
  258640.000  
  258740.000  
  258840.000  
  258940.000  
  259040.000  
  259140.000  
  259240.000  
  259340.000  
  259440.000  
  259540.000  
  259640.000  
  259740.000  
  259840.000  
  259940.000  
  260040.000  
  260140.000  
  260240.000  
  260340.000  
  260440.000  
  260540.000  
  260640.000  
  260740.000  
  260840.000  
  260940.000  
  261040.000  
  261140.000  
  261240.000  
  261340.000  
  261440.000  
  261540.000  
  261640.000  
  261740.000  
  261840.000  
  261940.000  
  262040.000  
  262140.000  
  262240.000  
  262340.000  
  262440.000  
  262540.000  
  262640.000  
  262740.000  
  262840.000  
  262940.000  
  263040.000  
  263140.000  
  263240.000  
  263340.000  
  263440.000  
  263540.000  
  263640.000  
  263740.000  
  263840.000  
  263940.000  
  264040.000  
  264140.000  
  264240.000  
  264340.000  
  264440.000  
  264540.000  
  264640.000  
  264740.000  
  264840.000  
  264940.000  
  265040.000  
  265140.000  
  265240.000  
  265340.000  
  265440.000  
  265540.000  
  265640.000  
  265740.000  
  265840.000  
  265940.000  
  266040.000  
  266140.000  
  266240.000  
  266340.000  
  266440.000  
  266540.000  
  266640.000  
  266740.000  
  266840.000  
  266940.000  
  267040.000  
  267140.000  
  267240.000  
  267340.000  
  267440.000  
  267540.000  
  267640.000  
  267740.000  
  267840.000  
  267940.000  
  268040.000  
  268140.000  
  268240.000  
  268340.000  
  268440.000  
  268540.000  
  268640.000  
  268740.000  
  268840.000  
  268940.000  
  269040.000  
  269140.000  
  269240.000  
  269340.000  
  269440.000  
  269540.000  
  269640.000  
  269740.000  
  269840.000  
  269940.000  
  270040.000  
  270140.000  
  270240.000  
  270340.000  
  270440.000  
  270540.000  
  270640.000  
  270740.000  
  270840.000  
  270940.000  
  271040.000  
  271140.000  
  271240.000  
  271340.000  
  271440.000  
  271540.000  
  271640.000  
  271740.000  
  271840.000  
  271940.000  
  272040.000  
  272140.000  
  272240.000  
  272340.000  
  272440.000  
  272540.000  
  272640.000  
  272740.000  
  272840.000  
  272940.000  
  273040.000  
  273140.000  
  273240.000  
  273340.000  
  273440.000  
  273540.000  
  273640.000  
  273740.000  
  273840.000  
  273940.000  
  274040.000  
  274140.000  
  274240.000  
  274340.000  
  274440.000  
  274540.000  
  274640.000  
  274740.000  
  274840.000  
  274940.000  
  275040.000  
  275140.000  
  275240.000  
  275340.000  
  275440.000  
  275540.000  
  275640.000  
  275740.000  
  275840.000  
  275940.000  
  276040.000  
  276140.000  
  276240.000  
  276340.000  
  276440.000  
  276540.000  
  276640.000  
  276740.000  
  276840.000  
  276940.000  
  277040.000  
  277140.000  
  277240.000  
  277340.000  
  277440.000  
  277540.000  
  277640.000  
  277740.000  
  277840.000  
  277940.000  
  278040.000  
  278140.000  
  278240.000  
  278340.000  
  278440.000  
  278540.000  
  278640.000  
  278740.000  
  278840.000  
  278940.000  
  279040.000  
  279140.000  
  279240.000  
  279340.000  
  279440.000  
  279540.000  
  279640.000  
  279740.000  
  279840.000  
  279940.000  
  280040.000  
  280140.000  
  280240.000  
  280340.000  
  280440.000  
  280540.000  
  280640.000  
  280740.000  
  280840.000  
  280940.000  
  281040.000  
  281140.000  
  281240.000  
  281340.000  
  281440.000  
  281540.000  
  281640.000  
  281740.000  
  281840.000  
  281940.000  
  282040.000  
  282140.000  
  282240.000  
  282340.000  
  282440.000  
  282540.000  
  282640.000  
  282740.000  
  282840.000  
  282940.000  
  283040.000  
  283140.000  
  283240.000  
  283340.000  
  283440.000  
  283540.000  
  283640.000  
  283740.000  
  283840.000  
  283940.000  
  284040.000  
  284140.000  
  284240.000  
  284340.000  
  284440.000  
  284540.000  
  284640.000  
  284740.000  
  284840.000  
  284940.000  
  285040.000  
  285140.000  
  285240.000  
  285340.000  
  285440.000  
  285540.000  
  285640.000  
  285740.000  
  285840.000  
  285940.000  
  286040.000  
  286140.000  
  286240.000  
  286340.000  
  286440.000  
  286540.000  
  286640.000  
  286740.000  
  286840.000  
  286940.000  
  287040.000  
  287140.000  
  287240.000  
  287340.000  
  287440.000  
  287540.000  
  287640.000  
  287740.000  
  287840.000  
  287940.000  
  288040.000  
  288140.000  
  288240.000  
  288340.000  
  288440.000  
  288540.000  
  288640.000  
  288740.000  
  288840.000  
  288940.000  
  289040.000  
  289140.000  
  289240.000  
  289340.000  
  289440.000  
  289540.000  
  289640.000  
  289740.000  
  289840.000  
  289940.000  
  290040.000  
  290140.000  
  290240.000  
  290340.000  
  290440.000  
  290540.000  
  290640.000  
  290740.000  
  290840.000  
  290940.000  
  291040.000  
  291140.000  
  291240.000  
  291340.000  
  291440.000  
  291540.000  
  291640.000  
  291740.000  
  291840.000  
  291940.000  
  292040.000  
  292140.000  
  292240.000  
  292340.000  
  292440.000  
  292540.000  
  292640.000  
  292740.000  
  292840.000  
  292940.000  
  293040.000  
  293140.000  
  293240.000  
  293340.000  
  293440.000  
  293540.000  
  293640.000  
  293740.000  
  293840.000  
  293940.000  
  294040.000  
  294140.000  
  294240.000  
  294340.000  
  294440.000  
  294540.000  
  294640.000  
  294740.000  
  294840.000  
  294940.000  
  295040.000  
  295140.000  
  295240.000  
  295340.000  
  295440.000  
  295540.000  
  295640.000  
  295740.000  
  295840.000  
  295940.000  
  296040.000  
  296140.000  
  296240.000  
  296340.000  
  296440.000  
  296540.000  
  296640.000  
  296740.000  
  296840.000  
  296940.000  
  297040.000  
  297140.000  
  297240.000  
  297340.000  
  297440.000  
  297540.000  
  297640.000  
  297740.000  
  297840.000  
  297940.000  
  298040.000  
  298140.000  
  298240.000  
  298340.000  
  298440.000  
  298540.000  
  298640.000  
  298740.000  
  298840.000  
  298940.000  
  299040.000  
  299140.000  
  299240.000  
  299340.000  
  299440.000  
  299540.000  
  299640.000  
  299740.000  
  299840.000  
  299940.000  
  300040.000  
  300140.000  
  300240.000  
  300340.000  
  300440.000  
  300540.000  
  300640.000  
  300740.000  
  300840.000  
  300940.000  
  301040.000  
  301140.000  
  301240.000  
  301340.000  
  301440.000  
  301540.000  
  301640.000  
  301740.000  
  301840.000  
  301940.000  
  302040.000  
  302140.000  
  302240.000  
  302340.000  
  302440.000  
  302540.000  
  302640.000  
  302740.000  
  302840.000  
  302940.000  
  303040.000  
  303140.000  
  303240.000  
  303340.000  
  303440.000  
  303540.000  
  303640.000  
  303740.000  
  303840.000  
  303940.000  
  304040.000  
  304140.000  
  304240.000  
  304340.000  
  304440.000  
  304540.000  
  304640.000  
  304740.000  
  304840.000  
  304940.000  
  305040.000  
  305140.000  
  305240.000  
  305340.000  
  305440.000  
  305540.000  
  305640.000  
  305740.000  
  305840.000  
  305940.000  
  306040.000  
  306140.000  
  306240.000  
  306340.000  
  306440.000  
  306540.000  
  306640.000  
  306740.000  
  306840.000  
  306940.000  
  307040.000  
  307140.000  
  307240.000  
  307340.000  
  307440.000  
  307540.000  
  307640.000  
  307740.000  
  307840.000  
  307940.000  
  308040.000  
  308140.000  
  308240.000  
  308340.000  
  308440.000  
  308540.000  
  308640.000  
  308740.000  
  308840.000  
  308940.000  
  309040.000  
  309140.000  
  309240.000  
  309340.000  
  309440.000  
  309540.000  
  309640.000  
  309740.000  
  309840.000  
  309940.000  
  310040.000  
  310140.000  
  310240.000  
  310340.000  
  310440.000  
  310540.000  
  310640.000  
  310740.000  
  310840.000  
  310940.000  
  311040.000  
  311140.000  
  311240.000  
  311340.000  
  311440.000  
  311540.000  
  311640.000  
  311740.000  
  311840.000  
  311940.000  
  312040.000  
  312140.000  
  312240.000  
  312340.000  
  312440.000  
  312540.000  
  312640.000  
  312740.000  
  312840.000  
  312940.000  
  313040.000  
  313140.000  
  313240.000  
  313340.000  
  313440.000  
  313540.000  
  313640.000  
  313740.000  
  313840.000  
  313940.000  
  314040.000  
  314140.000  
  314240.000  
  314340.000  
  314440.000  
  314540.000  
  314640.000  
  314740.000  
  314840.000  
  314940.000  
  315040.000  
  315140.000  
  315240.000  
  315340.000  
  315440.000  
  315540.000  
  315640.000  
  315740.000  
  315840.000  
  315940.000  
  316040.000  
  316140.000  
  316240.000  
  316340.000  
  316440.000  
  316540.000  
  316640.000  
  316740.000  
  316840.000  
  316940.000  
  317040.000  
  317140.000  
  317240.000  
  317340.000  
  317440.000  
  317540.000  
  317640.000  
  317740.000  
  317840.000  
  317940.000  
  318040.000  
  318140.000  
  318240.000  
  318340.000  
  318440.000  
  318540.000  
  318640.000  
  318740.000  
  318840.000  
  318940.000  
  319040.000  
  319140.000  
  319240.000  
  319340.000  
  319440.000  
  319540.000  
  319640.000  
  319740.000  
  319840.000  
  319940.000  
  320040.000  
  320140.000  
  320240.000  
  320340.000  
  320440.000  
  320540.000  
  320640.000  
  320740.000  
  320840.000  
  320940.000  
  321040.000  
  321140.000  
  321240.000  
  321340.000  
  321440.000  
  321540.000  
  321640.000  
  321740.000  
  321840.000  
  321940.000  
  322040.000  
  322140.000  
  322240.000  
  322340.000  
  322440.000  
  322540.000  
  322640.000  
  322740.000  
  322840.000  
  322940.000  
  323040.000  
  323140.000  
  323240.000  
  323340.000  
  323440.000  
  323540.000  
  323640.000  
  323740.000  
  323840.000  
  323940.000  
  324040.000  
  324140.000  
  324240.000  
  324340.000  
  324440.000  
  324540.000  
  324640.000  
  324740.000  
  324840.000  
  324940.000  
  325040.000  
  325140.000  
  325240.000  
  325340.000  
  325440.000  
  325540.000  
  325640.000  
  325740.000  
  325840.000  
  325940.000  
  326040.000  
  326140.000  
  326240.000  
  326340.000  
  326440.000  
  326540.000  
  326640.000  
  326740.000  
  326840.000  
  326940.000  
  327040.000  
  327140.000  
  327240.000  
  327340.000  
  327440.000  
  327540.000  
  327640.000  
  327740.000  
  327840.000  
  327940.000  
  328040.000  
  328140.000  
  328240.000  
  328340.000  
  328440.000  
  328540.000  
  328640.000  
  328740.000  
  328840.000  
  328940.000  
  329040.000  
  329140.000  
  329240.000  
  329340.000  
  329440.000  
  329540.000  
  329640.000  
  329740.000  
  329840.000  
  329940.000  
  330040.000  
  330140.000  
  330240.000  
  330340.000  
  330440.000  
  330540.000  
  330640.000  
  330740.000  
  330840.000  
  330940.000  
  331040.000  
  331140.000  
  331240.000  
  331340.000  
  331440.000  
  331540.000  
  331640.000  
  331740.000  
  331840.000  
  331940.000  
  332040.000  
  332140.000  
  332240.000  
  332340.000  
  332440.000  
  332540.000  
  332640.000  
  332740.000  
  332840.000  
  332940.000  
  333040.000  
  333140.000  
  333240.000  
  333340.000  
  333440.000  
  333540.000  
  333640.000  
  333740.000  
  333840.000  
  333940.000  
  334040.000  
  334140.000  
  334240.000  
  334340.000  
  334440.000  
  334540.000  
  334640.000  
  334740.000  
  334840.000  
  334940.000  
  335040.000  
  335140.000  
  335240.000  
  335340.000  
  335440.000  
  335540.000  
  335640.000  
  335740.000  
  335840.000  
  335940.000  
  336040.000  
  336140.000  
  336240.000  
  336340.000  
  336440.000  
  336540.000  
  336640.000  
  336740.000  
  336840.000  
  336940.000  
  337040.000  
  337140.000  
  337240.000  
  337340.000  
  337440.000  
  337540.000  
  337640.000  
  337740.000  
  337840.000  
  337940.000  
  338040.000  
  338140.000  
  338240.000  
  338340.000  
  338440.000  
  338540.000  
  338640.000  
  338740.000  
  338840.000  
  338940.000  
  339040.000  
  339140.000  
  339240.000  
  339340.000  
  339440.000  
  339540.000  
  339640.000  
  339740.000  
  339840.000  
  339940.000  
  340040.000  
  340140.000  
  340240.000  
  340340.000  
  340440.000  
  340540.000  
  340640.000  
  340740.000  
  340840.000  
  340940.000  
  341040.000  
  341140.000  
  341240.000  
  341340.000  
  341440.000  
  341540.000  
  341640.000  
  341740.000  
  341840.000  
  341940.000  
  342040.000  
  342140.000  
  342240.000  
  342340.000  
  342440.000  
  342540.000  
  342640.000  
  342740.000  
  342840.000  
  342940.000  
  343040.000  
  343140.000  
  343240.000  
  343340.000  
  343440.000  
  343540.000  
  343640.000  
  343740.000  
  343840.000  
  343940.000  
  344040.000  
  344140.000  
  344240.000  
  344340.000  
  344440.000  
  344540.000  
  344640.000  
  344740.000  
  344840.000  
  344940.000  
  345040.000  
  345140.000  
  345240.000  
  345340.000  
  345440.000  
  345540.000  
  345640.000  
  345740.000  
  345840.000  
  345940.000  
  346040.000  
  346140.000  
  346240.000  
  346340.000  
  346440.000  
  346540.000  
  346640.000  
  346740.000  
  346840.000  
  346940.000  
  347040.000  
  347140.000  
  347240.000  
  347340.000  
  347440.000  
  347540.000  
  347640.000  
  347740.000  
  347840.000  
  347940.000  
  348040.000  
  348140.000  
  348240.000  
  348340.000  
  348440.000  
  348540.000  
  348640.000  
  348740.000  
  348840.000  
  348940.000  
  349040.000  
  349140.000  
  349240.000  
  349340.000  
  349440.000  
  349540.000  
  349640.000  
  349740.000  
  349840.000  
  349940.000  
  350040.000  
  350140.000  
  350240.000  
  350340.000  
  350440.000  
  350540.000  
  350640.000  
  350740.000  
  350840.000  
  350940.000  
  351040.000  
  351140.000  
  351240.000  
  351340.000  
  351440.000  
  351540.000  
  351640.000  
  351740.000  
  351840.000  
  351940.000  
  352040.000  
  352140.000  
  352240.000  
  352340.000  
  352440.000  
  352540.000  
  352640.000  
  352740.000  
  352840.000  
  352940.000  
  353040.000  
  353140.000  
  353240.000  
  353340.000  
  353440.000  
  353540.000  
  353640.000  
  353740.000  
  353840.000  
  353940.000  
  354040.000  
  354140.000  
  354240.000  
  354340.000  
  354440.000  
  354540.000  
  354640.000  
  354740.000  
  354840.000  
  354940.000  
  355040.000  
  355140.000  
  355240.000  
  355340.000  
  355440.000  
  355540.000  
  355640.000  
  355740.000  
  355840.000  
  355940.000  
  356040.000  
  356140.000  
  356240.000  
  356340.000  
  356440.000  
  356540.000  
  356640.000  
  356740.000  
  356840.000  
  356940.000  
  357040.000  
  357140.000  
  357240.000  
  357340.000  
  357440.000  
  357540.000  
  357640.000  
  357740.000  
  357840.000  
  357940.000  
  358040.000  
  358140.000  
  358240.000  
  358340.000  
  358440.000  
  358540.000  
  358640.000  
  358740.000  
  358840.000  
  358940.000  
  359040.000  
  359140.000  
  359240.000  
  359340.000  
  359440.000  
  359540.000  
  359640.000  
  359740.000  
  359840.000  
  359940.000  
  360040.000  
  360140.000  
  360240.000  
  360340.000  
  360440.000  
  360540.000  
  360640.000  
  360740.000  
  360840.000  
  360940.000  
  361040.000  
  361140.000  
  361240.000  
  361340.000  
  361440.000  
  361540.000  
  361640.000  
  361740.000  
  361840.000  
  361940.000  
  362040.000  
  362140.000  
  362240.000  
  362340.000  
  362440.000  
  362540.000  
  362640.000  
  362740.000  
  362840.000  
  362940.000  
  363040.000  
  363140.000  
  363240.000  
  363340.000  
  363440.000  
  363540.000  
  363640.000  
  363740.000  
  363840.000  
  363940.000  
  364040.000  
  364140.000  
  364240.000  
  364340.000  
  364440.000  
  364540.000  
  364640.000  
  364740.000  
  364840.000  
  364940.000  
  365040.000  
  365140.000  
  365240.000  
  365340.000  
  365440.000  
  365540.000  
  365640.000  
  365740.000  
  365840.000  
  365940.000  
  366040.000  
  366140.000  
  366240.000  
  366340.000  
  366440.000  
  366540.000  
  366640.000  
  366740.000  
  366840.000  
  366940.000  
  367040.000  
  367140.000  
  367240.000  
  367340.000  
  367440.000  
  367540.000  
  367640.000  
  367740.000  
  367840.000  
  367940.000  
  368040.000  
  368140.000  
  368240.000  
  368340.000  
  368440.000  
  368540.000  
  368640.000  
  368740.000  
  368840.000  
  368940.000  
  369040.000  
  369140.000  
  369240.000  
  369340.000  
  369440.000  
  369540.000  
  369640.000  
  369740.000  
  369840.000  
  369940.000  
  370040.000  
  370140.000  
  370240.000  
  370340.000  
  370440.000  
  370540.000  
  370640.000  
  370740.000  
  370840.000  
  370940.000  
  371040.000  
  371140.000  
  371240.000  
  371340.000  
  371440.000  
  371540.000  
  371640.000  
  371740.000  
  371840.000  
  371940.000  
  372040.000  
  372140.000  
  372240.000  
  372340.000  
  372440.000  
  372540.000  
  372640.000  
  372740.000  
  372840.000  
  372940.000  
  373040.000  
  373140.000  
  373240.000  
  373340.000  
  373440.000  
  373540.000  
  373640.000  
  373740.000  
  373840.000  
  373940.000  
  374040.000  
  374140.000  
  374240.000  
  374340.000  
  374440.000  
  374540.000  
  374640.000  
  374740.000  
  374840.000  
  374940.000  
  375040.000  
  375140.000  
  375240.000  
  375340.000  
  375440.000  
  375540.000  
  375640.000  
  375740.000  
  375840.000  
  375940.000  
  376040.000  
  376140.000  
  376240.000  
  376340.000  
  376440.000  
  376540.000  
  376640.000  
  376740.000  
  376840.000  
  376940.000  
  377040.000  
  377140.000  
  377240.000  
  377340.000  
  377440.000  
  377540.000  
  377640.000  
  377740.000  
  377840.000  
  377940.000  
  378040.000  
  378140.000  
  378240.000  
  378340.000  
  378440.000  
  378540.000  
  378640.000  
  378740.000  
  378840.000  
  378940.000  
  379040.000  
  379140.000  
  379240.000  
  379340.000  
  379440.000  
  379540.000  
  379640.000  
  379740.000  
  379840.000  
  379940.000  
  380040.000  
  380140.000  
  380240.000  
  380340.000  
  380440.000  
  380540.000  
  380640.000  
  380740.000  
  380840.000  
  380940.000  
  381040.000  
  381140.000  
  381240.000  
  381340.000  
  381440.000  
  381540.000  
  381640.000  
  381740.000  
  381840.000  
  381940.000  
  382040.000  
  382140.000  
  382240.000  
  382340.000  
  382440.000  
  382540.000  
  382640.000  
  382740.000  
  382840.000  
  382940.000  
  383040.000  
  383140.000  
  383240.000  
  383340.000  
  383440.000  
  383540.000  
  383640.000  
  383740.000  
  383840.000  
  383940.000  
  384040.000  
  384140.000  
  384240.000  
  384340.000  
  384440.000  
  384540.000  
  384640.000  
  384740.000  
  384840.000  
  384940.000  
  385040.000  
  385140.000  
  385240.000  
  385340.000  
  385440.000  
  385540.000  
  385640.000  
  385740.000  
  385840.000  
  385940.000  
  386040.000  
  386140.000  
  386240.000  
  386340.000  
  386440.000  
  386540.000  
  386640.000  
  386740.000  
  386840.000  
  386940.000  
  387040.000  
  387140.000  
  387240.000  
  387340.000  
  387440.000  
  387540.000  
  387640.000  
  387740.000  
  387840.000  
  387940.000  
  388040.000  
  388140.000  
  388240.000  
  388340.000  
  388440.000  
  388540.000  
  388640.000  
  388740.000  
  388840.000  
  388940.000  
  389040.000  
  389140.000  
  389240.000  
  389340.000  
  389440.000  
  389540.000  
  389640.000  
  389740.000  
  389840.000  
  389940.000  
  390040.000  
  390140.000  
  390240.000  
  390340.000  
  390440.000  
  390540.000  
  390640.000  
  390740.000  
  390840.000  
  390940.000  
  391040.000  
  391140.000  
  391240.000  
  391340.000  
  391440.000  
  391540.000  
  391640.000  
  391740.000  
  391840.000  
  391940.000  
  392040.000  
  392140.000  
  392240.000  
  392340.000  
  392440.000  
  392540.000  
  392640.000  
  392740.000  
  392840.000  
  392940.000  
  393040.000  
  393140.000  
  393240.000  
  393340.000  
  393440.000  
  393540.000  
  393640.000  
  393740.000  
  393840.000  
  393940.000  
  394040.000  
  394140.000  
  394240.000  
  394340.000  
  394440.000  
  394540.000  
  394640.000  
  394740.000  
  394840.000  
  394940.000  
  395040.000  
  395140.000  
  395240.000  
  395340.000  
  395440.000  
  395540.000  
  395640.000  
  395740.000  
  395840.000  
  395940.000  
  396040.000  
  396140.000  
  396240.000  
  396340.000  
  396440.000  
  396540.000  
  396640.000  
  396740.000  
  396840.000  
  396940.000  
  397040.000  
  397140.000  
  397240.000  
  397340.000  
  397440.000  
  397540.000  
  397640.000  
  397740.000  
  397840.000  
  397940.000  
  398040.000  
  398140.000  
  398240.000  
  398340.000  
  398440.000  
  398540.000  
  398640.000  
  398740.000  
  398840.000  
  398940.000  
  399040.000  
  399140.000  
  399240.000  
  399340.000  
  399440.000  
  399540.000  
  399640.000  
  399740.000  
  399840.000  
  399940.000  
  400040.000  
  400140.000  
  400240.000  
  400340.000  
  400440.000  
  400540.000  
  400640.000  
  400740.000  
  400840.000  
  400940.000  
  401040.000  
  401140.000  
  401240.000  
  401340.000  
  401440.000  
  401540.000  
  401640.000  
  401740.000  
  401840.000  
  401940.000  
  402040.000  
  402140.000  
  402240.000  
  402340.000  
  402440.000  
  402540.000  
  402640.000  
  402740.000  
  402840.000  
  402940.000  
  403040.000  
  403140.000  
  403240.000  
  403340.000  
  403440.000  
  403540.000  
  403640.000  
  403740.000  
  403840.000  
  403940.000  
  404040.000  
  404140.000  
  404240.000  
  404340.000  
  404440.000  
  404540.000  
  404640.000  
  404740.000  
  404840.000  
  404940.000  
  405040.000  
  405140.000  
  405240.000  
  405340.000  
  405440.000  
  405540.000  
  405640.000  
  405740.000  
  405840.000  
  405940.000  
  406040.000  
  406140.000  
  406240.000  
  406340.000  
  406440.000  
  406540.000  
  406640.000  
  406740.000  
  406840.000  
  406940.000  
  407040.000  
  407140.000  
  407240.000  
  407340.000  
  407440.000  
  407540.000  
  407640.000  
  407740.000  
  407840.000  
  407940.000  
  408040.000  
  408140.000  
  408240.000  
  408340.000  
  408440.000  
  408540.000  
  408640.000  
  408740.000  
  408840.000  
  408940.000  
  409040.000  
  409140.000  
  409240.000  
  409340.000  
  409440.000  
  409540.000  
  409640.000  
  409740.000  
  409840.000  
  409940.000  
  410040.000  
  410140.000  
  410240.000  
  410340.000  
  410440.000  
  410540.000  
  410640.000  
  410740.000  
  410840.000  
  410940.000  
  411040.000  
  411140.000  
  411240.000  
  411340.000  
  411440.000  
  411540.000  
  411640.000  
  411740.000  
  411840.000  
  411940.000  
  412040.000  
  412140.000  
  412240.000  
  412340.000  
  412440.000  
  412540.000  
  412640.000  
  412740.000  
  412840.000  
  412940.000  
  413040.000  
  413140.000  
  413240.000  
  413340.000  
  413440.000  
  413540.000  
  413640.000  
  413740.000  
  413840.000  
  413940.000  
  414040.000  
  414140.000  
  414240.000  
  414340.000  
  414440.000  
  414540.000  
  414640.000  
  414740.000  
  414840.000  
  414940.000  
  415040.000  
  415140.000  
  415240.000  
  415340.000  
  415440.000  
  415540.000  
  415640.000  
  415740.000  
  415840.000  
  415940.000  
  416040.000  
  416140.000  
  416240.000  
  416340.000  
  416440.000  
  416540.000  
  416640.000  
  416740.000  
  416840.000  
  416940.000  
  417040.000  
  417140.000  
  417240.000  
  417340.000  
  417440.000  
  417540.000  
  417640.000  
  417740.000  
  417840.000  
  417940.000  
  418040.000  
  418140.000  
  418240.000  
  418340.000  
  418440.000  
  418540.000  
  418640.000  
  418740.000  
  418840.000  
  418940.000  
  419040.000  
  419140.000  
  419240.000  
  419340.000  
  419440.000  
  419540.000  
  419640.000  
  419740.000  
  419840.000  
  419940.000  
  420040.000  
  420140.000  
  420240.000  
  420340.000  
  420440.000  
  420540.000  
  420640.000  
  420740.000  
  420840.000  
  420940.000  
  421040.000  
  421140.000  
  421240.000  
  421340.000  
  421440.000  
  421540.000  
  421640.000  
  421740.000  
  421840.000  
  421940.000  
  422040.000  
  422140.000  
  422240.000  
  422340.000  
  422440.000  
  422540.000  
  422640.000  
  422740.000  
  422840.000  
  422940.000  
  423040.000  
  423140.000  
  423240.000  
  423340.000  
  423440.000  
  423540.000  
  423640.000  
  423740.000  
  423840.000  
  423940.000  
  424040.000  
  424140.000  
  424240.000  
  424340.000  
  424440.000  
  424540.000  
  424640.000  
  424740.000  
  424840.000  
  424940.000  
  425040.000  
  425140.000  
  425240.000  
  425340.000  
  425440.000  
  425540.000  
  425640.000  
  425740.000  
  425840.000  
  425940.000  
  426040.000  
  426140.000  
  426240.000  
  426340.000  
  426440.000  
  426540.000  
  426640.000  
  426740.000  
  426840.000  
  426940.000  
  427040.000  
  427140.000  
  427240.000  
  427340.000  
  427440.000  
  427540.000  
  427640.000  
  427740.000  
  427840.000  
  427940.000  
  428040.000  
  428140.000  
  428240.000  
  428340.000  
  428440.000  
  428540.000  
  428640.000  
  428740.000  
  428840.000  
  428940.000  
  429040.000  
  429140.000  
  429240.000  
  429340.000  
  429440.000  
  429540.000  
  429640.000  
  429740.000  
  429840.000  
  429940.000  
  430040.000  
  430140.000  
  430240.000  
  430340.000  
  430440.000  
  430540.000  
  430640.000  
  430740.000  
  430840.000  
  430940.000  
  431040.000  
  431140.000  
  431240.000  
  431340.000  
  431440.000  
  431540.000  
  431640.000  
  431740.000  
  431840.000  
  431940.000  
  432040.000  
  432140.000  
  432240.000  
  432340.000  
  432440.000  
  432540.000  
  432640.000  
  432740.000  
  432840.000  
  432940.000  
  433040.000  
  433140.000  
  433240.000  
  433340.000  
  433440.000  
  433540.000  
  433640.000  
  433740.000  
  433840.000  
  433940.000  
  434040.000  
  434140.000  
  434240.000  
  434340.000  
  434440.000  
  434540.000  
  434640.000  
  434740.000  
  434840.000  
  434940.000  
  435040.000  
  435140.000  
  435240.000  
  435340.000  
  435440.000  
  435540.000  
  435640.000  
  435740.000  
  435840.000  
  435940.000  
  436040.000  
  436140.000  
  436240.000  
  436340.000  
  436440.000  
  436540.000  
  436640.000  
  436740.000  
  436840.000  
  436940.000  
  437040.000  
  437140.000  
  437240.000  
  437340.000  
  437440.000  
  437540.000  
  437640.000  
  437740.000  
  437840.000  
  437940.000  
  438040.000  
  438140.000  
  438240.000  
  438340.000  
  438440.000  
  438540.000  
  438640.000  
  438740.000  
  438840.000  
  438940.000  
  439040.000  
  439140.000  
  439240.000  
  439340.000  
  439440.000  
  439540.000  
  439640.000  
  439740.000  
  439840.000  
  439940.000  
  440040.000  
  440140.000  
  440240.000  
  440340.000  
  440440.000  
  440540.000  
  440640.000  
  440740.000  
  440840.000  
  440940.000  
  441040.000  
  441140.000  
  441240.000  
  441340.000  
  441440.000  
  441540.000  
  441640.000  
  441740.000  
  441840.000  
  441940.000  
  442040.000  
  442140.000  
  442240.000  
  442340.000  
  442440.000  
  442540.000  
  442640.000  
  442740.000  
  442840.000  
  442940.000  
  443040.000  
  443140.000  
  443240.000  
  443340.000  
  443440.000  
  443540.000  
  443640.000  
  443740.000  
  443840.000  
  443940.000  
  444040.000  
  444140.000  
  444240.000  
  444340.000  
  444440.000  
  444540.000  
  444640.000  
  444740.000  
  444840.000  
  444940.000  
  445040.000  
  445140.000  
  445240.000  
  445340.000  
  445440.000  
  445540.000  
  445640.000  
  445740.000  
  445840.000  
  445940.000  
  446040.000  
  446140.000  
  446240.000  
  446340.000  
  446440.000  
  446540.000  
  446640.000  
  446740.000  
  446840.000  
  446940.000  
  447040.000  
  447140.000  
  447240.000  
  447340.000  
  447440.000  
  447540.000  
  447640.000  
  447740.000  
  447840.000  
  447940.000  
  448040.000  
  448140.000  
  448240.000  
  448340.000  
  448440.000  
  448540.000  
  448640.000  
  448740.000  
  448840.000  
  448940.000  
  449040.000  
  449140.000  
  449240.000  
  449340.000  
  449440.000  
  449540.000  
  449640.000  
  449740.000  
  449840.000  
  449940.000  
  450040.000  
  450140.000  
  450240.000  
  450340.000  
  450440.000  
  450540.000  
  450640.000  
  450740.000  
  450840.000  
  450940.000  
  451040.000  
  451140.000  
  451240.000  
  451340.000  
  451440.000  
  451540.000  
  451640.000  
  451740.000  
  451840.000  
  451940.000  
  452040.000  
  452140.000  
  452240.000  
  452340.000  
  452440.000  
  452540.000  
  452640.000  
  452740.000  
  452840.000  
  452940.000  
  453040.000  
  453140.000  
  453240.000  
  453340.000  
  453440.000  
  453540.000  
  453640.000  
  453740.000  
  453840.000  
  453940.000  
  454040.000  
  454140.000  
  454240.000  
  454340.000  
  454440.000  
  454540.000  
  454640.000  
  454740.000  
  454840.000  
  454940.000  
  455040.000  
  455140.000  
  455240.000  
  455340.000  
  455440.000  
  455540.000  
  455640.000  
  455740.000  
  455840.000  
  455940.000  
  456040.000  
  456140.000  
  456240.000  
  456340.000  
  456440.000  
  456540.000  
  456640.000  
  456740.000  
  456840.000  
  456940.000  
  457040.000  
  457140.000  
  457240.000  
  457340.000  
  457440.000  
  457540.000  
  457640.000  
  457740.000  
  457840.000  
  457940.000  
  458040.000  
  458140.000  
  458240.000  
  458340.000  
  458440.000  
  458540.000  
  458640.000  
  458740.000  
  458840.000  
  458940.000  
  459040.000  
  459140.000  
  459240.000  
  459340.000  
  459440.000  
  459540.000  
  459640.000  
  459740.000  
  459840.000  
  459940.000  
  460040.000  
  460140.000  
  460240.000  
  460340.000  
  460440.000  
  460540.000  
  460640.000  
  460740.000  
  460840.000  
  460940.000  
  461040.000  
  461140.000  
  461240.000  
  461340.000  
  461440.000  
  461540.000  
  461640.000  
  461740.000  
  461840.000  
  461940.000  
  462040.000  
  462140.000  
  462240.000  
  462340.000  
  462440.000  
  462540.000  
  462640.000  
  462740.000  
  462840.000  
  462940.000  
  463040.000  
  463140.000  
  463240.000  
  463340.000  
  463440.000  
  463540.000  
  463640.000  
  463740.000  
  463840.000  
  463940.000  
  464040.000  
  464140.000  
  464240.000  
  464340.000  
  464440.000  
  464540.000  
  464640.000  
  464740.000  
  464840.000  
  464940.000  
  465040.000  
  465140.000  
  465240.000  
  465340.000  
  465440.000  
  465540.000  
  465640.000  
  465740.000  
  465840.000  
  465940.000  
  466040.000  
  466140.000  
  466240.000  
  466340.000  
  466440.000  
  466540.000  
  466640.000  
  466740.000  
  466840.000  
  466940.000  
  467040.000  
  467140.000  
  467240.000  
  467340.000  
  467440.000  
  467540.000  
  467640.000  
  467740.000  
  467840.000  
  467940.000  
  468040.000  
  468140.000  
  468240.000  
  468340.000  
  468440.000  
  468540.000  
  468640.000  
  468740.000  
  468840.000  
  468940.000  
  469040.000  
  469140.000  
  469240.000  
  469340.000  
  469440.000  
  469540.000  
  469640.000  
  469740.000  
  469840.000  
  469940.000  
  470040.000  
  470140.000  
  470240.000  
  470340.000  
  470440.000  
  470540.000  
  470640.000  
  470740.000  
  470840.000  
  470940.000  
  471040.000  
  471140.000  
  471240.000  
  471340.000  
  471440.000  
  471540.000  
  471640.000  
  471740.000  
  471840.000  
  471940.000  
  472040.000  
  472140.000  
  472240.000  
  472340.000  
  472440.000  
  472540.000  
  472640.000  
  472740.000  
  472840.000  
  472940.000  
  473040.000  
  473140.000  
  473240.000  
  473340.000  
  473440.000  
  473540.000  
  473640.000  
  473740.000  
  473840.000  
  473940.000  
  474040.000  
  474140.000  
  474240.000  
  474340.000  
  474440.000  
  474540.000  
  474640.000  
  474740.000  
  474840.000  
  474940.000  
  475040.000  
  475140.000  
  475240.000  
  475340.000  
  475440.000  
  475540.000  
  475640.000  
  475740.000  
  475840.000  
  475940.000  
  476040.000  
  476140.000  
  476240.000  
  476340.000  
  476440.000  
  476540.000  
  476640.000  
  476740.000  
  476840.000  
  476940.000  
  477040.000  
  477140.000  
  477240.000  
  477340.000  
  477440.000  
  477540.000  
  477640.000  
  477740.000  
  477840.000  
  477940.000  
  478040.000  
  478140.000  
  478240.000  
  478340.000  
  478440.000  
  478540.000  
  478640.000  
  478740.000  
  478840.000  
  478940.000  
  479040.000  
  479140.000  
  479240.000  
  479340.000  
  479440.000  
  479540.000  
  479640.000  
  479740.000  
  479840.000  
  479940.000  
  480040.000  
  480140.000  
  480240.000  
  480340.000  
  480440.000  
  480540.000  
  480640.000  
  480740.000  
  480840.000  
  480940.000  
  481040.000  
  481140.000  
  481240.000  
  481340.000  
  481440.000  
  481540.000  
  481640.000  
  481740.000  
  481840.000  
  481940.000  
  482040.000  
  482140.000  
  482240.000  
  482340.000  
  482440.000  
  482540.000  
  482640.000  
  482740.000  
  482840.000  
  482940.000  
  483040.000  
  483140.000  
  483240.000  
  483340.000  
  483440.000  
  483540.000  
  483640.000  
  483740.000  
  483840.000  
  483940.000  
  484040.000  
  484140.000  
  484240.000  
  484340.000  
  484440.000  
  484540.000  
  484640.000  
  484740.000  
  484840.000  
  484940.000  
  485040.000  
  485140.000  
  485240.000  
  485340.000  
  485440.000  
  485540.000  
  485640.000  
  485740.000  
  485840.000  
  485940.000  
  486040.000  
  486140.000  
  486240.000  
  486340.000  
  486440.000  
  486540.000  
  486640.000  
  486740.000  
  486840.000  
  486940.000  
  487040.000  
  487140.000  
  487240.000  
  487340.000  
  487440.000  
  487540.000  
  487640.000  
  487740.000  
  487840.000  
  487940.000  
  488040.000  
  488140.000  
  488240.000  
  488340.000  
  488440.000  
  488540.000  
  488640.000  
  488740.000  
  488840.000  
  488940.000  
  489040.000  
  489140.000  
  489240.000  
  489340.000  
  489440.000  
  489540.000  
  489640.000  
  489740.000  
  489840.000  
  489940.000  
  490040.000  
  490140.000  
  490240.000  
  490340.000  
  490440.000  
  490540.000  
  490640.000  
  490740.000  
  490840.000  
  490940.000  
  491040.000  
  491140.000  
  491240.000  
  491340.000  
  491440.000  
  491540.000  
  491640.000  
  491740.000  
  491840.000  
  491940.000  
  492040.000  
  492140.000  
  492240.000  
  492340.000  
  492440.000  
  492540.000  
  492640.000  
  492740.000  
  492840.000  
  492940.000  
  493040.000  
  493140.000  
  493240.000  
  493340.000  
  493440.000  
  493540.000  
  493640.000  
  493740.000  
  493840.000  
  493940.000  
  494040.000  
  494140.000  
  494240.000  
  494340.000  
  494440.000  
  494540.000  
  494640.000  
  494740.000  
  494840.000  
  494940.000  
  495040.000  
  495140.000  
  495240.000  
  495340.000  
  495440.000  
  495540.000  
  495640.000  
  495740.000  
  495840.000  
  495940.000  
  496040.000  
  496140.000  
  496240.000  
  496340.000  
  496440.000  
  496540.000  
  496640.000  
  496740.000  
  496840.000  
  496940.000  
  497040.000  
  497140.000  
  497240.000  
  497340.000  
  497440.000  
  497540.000  
  497640.000  
  497740.000  
  497840.000  
  497940.000  
  498040.000  
  498140.000  
  498240.000  
  498340.000  
  498440.000  
  498540.000  
  498640.000  
  498740.000  
  498840.000  
  498940.000  
  499040.000  
  499140.000  
  499240.000  
  499340.000  
  499440.000  
  499540.000  
  499640.000  
  499740.000  
  499840.000  
  499940.000  
  500040.000  
  500140.000  
  500240.000  
  500340.000  
  500440.000  
  500540.000  
  500640.000  
  500740.000  
  500840.000  
  500940.000  
  501040.000  
  501140.000  
  501240.000  
  501340.000  
  501440.000  
  501540.000  
  501640.000  
  501740.000  
  501840.000  
  501940.000  
  502040.000  
  502140.000  
  502240.000  
  502340.000  
  502440.000  
  502540.000  
  502640.000  
  502740.000  
  502840.000  
  502940.000  
  503040.000  
  503140.000  
  503240.000  
  503340.000  
  503440.000  
  503540.000  
  503640.000  
  503740.000  
  503840.000  
  503940.000  
  504040.000  
  504140.000  
  504240.000  
  504340.000  
  504440.000  
  504540.000  
  504640.000  
  504740.000  
  504840.000  
  504940.000  
  505040.000  
  505140.000  
  505240.000  
  505340.000  
  505440.000  
  505540.000  
  505640.000  
  505740.000  
  505840.000  
  505940.000  
  506040.000  
  506140.000  
  506240.000  
  506340.000  
  506440.000  
  506540.000  
  506640.000  
  506740.000  
  506840.000  
  506940.000  
  507040.000  
  507140.000  
  507240.000  
  507340.000  
  507440.000  
  507540.000  
  507640.000  
  507740.000  
  507840.000  
  507940.000  
  508040.000  
  508140.000  
  508240.000  
  508340.000  
  508440.000  
  508540.000  
  508640.000  
  508740.000  
  508840.000  
  508940.000  
  509040.000  
  509140.000  
  509240.000  
  509340.000  
  509440.000  
  509540.000  
  509640.000  
  509740.000  
  509840.000  
  509940.000  
  510040.000  
  510140.000  
  510240.000  
  510340.000  
  510440.000  
  510540.000  
  510640.000  
  510740.000  
  510840.000  
  510940.000  
  511040.000  
  511140.000  
  511240.000  
  511340.000  
  511440.000  
  511540.000  
  511640.000  
  511740.000  
  511840.000  
  511940.000  
  512040.000  
  512140.000  
  512240.000  
  512340.000  
  512440.000  
  512540.000  
  512640.000  
  512740.000  
  512840.000  
  512940.000  
  513040.000  
  513140.000  
  513240.000  
  513340.000  
  513440.000  
  513540.000  
  513640.000  
  513740.000  
  513840.000  
  513940.000  
  514040.000  
  514140.000  
  514240.000  
  514340.000  
  514440.000  
  514540.000  
  514640.000  
  514740.000  
  514840.000  
  514940.000  
  515040.000  
  515140.000  
  515240.000  
  515340.000  
  515440.000  
  515540.000  
  515640.000  
  515740.000  
  515840.000  
  515940.000  
  516040.000  
  516140.000  
  516240.000  
  516340.000  
  516440.000  
  516540.000  
  516640.000  
  516740.000  
  516840.000  
  516940.000  
  517040.000  
  517140.000  
  517240.000  
  517340.000  
  517440.000  
  517540.000  
  517640.000  
  517740.000  
  517840.000  
  517940.000  
  518040.000  
  518140.000  
  518240.000  
  518340.000  
  518440.000  
  518540.000  
  518640.000  
  518740.000  
  518840.000  
  518940.000  
  519040.000  
  519140.000  
  519240.000  
  519340.000  
  519440.000  
  519540.000  
  519640.000  
  519740.000  
  519840.000  
  519940.000  
  520040.000  
  520140.000  
  520240.000  
  520340.000  
  520440.000  
  520540.000  
  520640.000  
  520740.000  
  520840.000  
  520940.000  
  521040.000  
  521140.000  
  521240.000  
  521340.000  
  521440.000  
  521540.000  
  521640.000  
  521740.000  
  521840.000  
  521940.000  
  522040.000  
  522140.000  
  522240.000  
  522340.000  
  522440.000  
  522540.000  
  522640.000  
  522740.000  
  522840.000  
  522940.000  
  523040.000  
  523140.000  
  523240.000  
  523340.000  
  523440.000  
  523540.000  
  523640.000  
  523740.000  
  523840.000  
  523940.000  
  524040.000  
  524140.000  
  524240.000  
  524340.000  
  524440.000  
  524540.000  
  524640.000  
  524740.000  
  524840.000  
  524940.000  
  525040.000  
  525140.000  
  525240.000  
  525340.000  
  525440.000  
  525540.000  
  525640.000  
  525740.000  
  525840.000  
  525940.000  
  526040.000  
  526140.000  
  526240.000  
  526340.000  
  526440.000  
  526540.000  
  526640.000  
  526740.000  
  526840.000  
  526940.000  
  527040.000  
  527140.000  
  527240.000  
  527340.000  
  527440.000  
  527540.000  
  527640.000  
  527740.000  
  527840.000  
  527940.000  
  528040.000  
  528140.000  
  528240.000  
  528340.000  
  528440.000  
  528540.000  
  528640.000  
  528740.000  
  528840.000  
  528940.000  
  529040.000  
  529140.000  
  529240.000  
  529340.000  
  529440.000  
  529540.000  
  529640.000  
  529740.000  
  529840.000  
  529940.000  
  530040.000  
  530140.000  
  530240.000  
  530340.000  
  530440.000  
  530540.000  
  530640.000  
  530740.000  
  530840.000  
  530940.000  
  531040.000  
  531140.000  
  531240.000  
  531340.000  
  531440.000  
  531540.000  
  531640.000  
  531740.000  
  531840.000  
  531940.000  
  532040.000  
  532140.000  
  532240.000  
  532340.000  
  532440.000  
  532540.000  
  532640.000  
  532740.000  
  532840.000  
  532940.000  
  533040.000  
  533140.000  
  533240.000  
  533340.000  
  533440.000  
  533540.000  
  533640.000  
  533740.000  
  533840.000  
  533940.000  
  534040.000  
  534140.000  
  534240.000  
  534340.000  
  534440.000  
  534540.000  
  534640.000  
  534740.000  
  534840.000  
  534940.000  
  535040.000  
  535140.000  
  535240.000  
  535340.000  
  535440.000  
  535540.000  
  535640.000  
  535740.000  
  535840.000  
  535940.000  
  536040.000  
  536140.000  
  536240.000  
  536340.000  
  536440.000  
  536540.000  
  536640.000  
  536740.000  
  536840.000  
  536940.000  
  537040.000  
  537140.000  
  537240.000  
  537340.000  
  537440.000  
  537540.000  
  537640.000  
  537740.000  
  537840.000  
  537940.000  
  538040.000  
  538140.000  
  538240.000  
  538340.000  
  538440.000  
  538540.000  
  538640.000  
  538740.000  
  538840.000  
  538940.000  
  539040.000  
  539140.000  
  539240.000  
  539340.000  
  539440.000  
  539540.000  
  539640.000  
  539740.000  
  539840.000  
  539940.000  
  540040.000  
  540140.000  
  540240.000  
  540340.000  
  540440.000  
  540540.000  
  540640.000  
  540740.000  
  540840.000  
  540940.000  
  541040.000  
  541140.000  
  541240.000  
  541340.000  
  541440.000  
  541540.000  
  541640.000  
  541740.000  
  541840.000  
  541940.000  
  542040.000  
  542140.000  
  542240.000  
  542340.000  
  542440.000  
  542540.000  
  542640.000  
  542740.000  
  542840.000  
  542940.000  
  543040.000  
  543140.000  
  543240.000  
  543340.000  
  543440.000  
  543540.000  
  543640.000  
  543740.000  
  543840.000  
  543940.000  
  544040.000  
  544140.000  
  544240.000  
  544340.000  
  544440.000  
  544540.000  
  544640.000  
  544740.000  
  544840.000  
  544940.000  
  545040.000  
  545140.000  
  545240.000  
  545340.000  
  545440.000  
  545540.000  
  545640.000  
  545740.000  
  545840.000  
  545940.000  
  546040.000  
  546140.000  
  546240.000  
  546340.000  
  546440.000  
  546540.000  
  546640.000  
  546740.000  
  546840.000  
  546940.000  
  547040.000  
  547140.000  
  547240.000  
  547340.000  
  547440.000  
  547540.000  
  547640.000  
  547740.000  
  547840.000  
  547940.000  
  548040.000  
  548140.000  
  548240.000  
  548340.000  
  548440.000  
  548540.000  
  548640.000  
  548740.000  
  548840.000  
  548940.000  
  549040.000  
  549140.000  
  549240.000  
  549340.000  
  549440.000  
  549540.000  
  549640.000  
  549740.000  
  549840.000  
  549940.000  
  550040.000  
  550140.000  
  550240.000  
  550340.000  
  550440.000  
  550540.000  
  550640.000  
  550740.000  
  550840.000  
  550940.000  
  551040.000  
  551140.000  
  551240.000  
  551340.000  
  551440.000  
  551540.000  
  551640.000  
  551740.000  
  551840.000  
  551940.000  
  552040.000  
  552140.000  
  552240.000  
  552340.000  
  552440.000  
  552540.000  
  552640.000  
  552740.000  
  552840.000  
  552940.000  
  553040.000  
  553140.000  
  553240.000  
  553340.000  
  553440.000  
  553540.000  
  553640.000  
  553740.000  
  553840.000  
  553940.000  
  554040.000  
  554140.000  
  554240.000  
  554340.000  
  554440.000  
  554540.000  
  554640.000  
  554740.000  
  554840.000  
  554940.000  
  555040.000  
  555140.000  
  555240.000  
  555340.000  
  555440.000  
  555540.000  
  555640.000  
  555740.000  
  555840.000  
  555940.000  
  556040.000  
  556140.000  
  556240.000  
  556340.000  
  556440.000  
  556540.000  
  556640.000  
  556740.000  
  556840.000  
  556940.000  
  557040.000  
  557140.000  
  557240.000  
  557340.000  
  557440.000  
  557540.000  
  557640.000  
  557740.000  
  557840.000  
  557940.000  
  558040.000  
  558140.000  
  558240.000  
  558340.000  
  558440.000  
  558540.000  
  558640.000  
  558740.000  
  558840.000  
  558940.000  
  559040.000  
  559140.000  
  559240.000  
  559340.000  
  559440.000  
  559540.000  
  559640.000  
  559740.000  
  559840.000  
  559940.000  
  560040.000  
  560140.000  
  560240.000  
  560340.000  
  560440.000  
  560540.000  
  560640.000  
  560740.000  
  560840.000  
  560940.000  
  561040.000  
  561140.000  
  561240.000  
  561340.000  
  561440.000  
  561540.000  
  561640.000  
  561740.000  
  561840.000  
  561940.000  
  562040.000  
  562140.000  
  562240.000  
  562340.000  
  562440.000  
  562540.000  
  562640.000  
  562740.000  
  562840.000  
  562940.000  
  563040.000  
  563140.000  
  563240.000  
  563340.000  
  563440.000  
  563540.000  
  563640.000  
  563740.000  
  563840.000  
  563940.000  
  564040.000  
  564140.000  
  564240.000  
  564340.000  
  564440.000  
  564540.000  
  564640.000  
  564740.000  
  564840.000  
  564940.000  
  565040.000  
  565140.000  
  565240.000  
  565340.000  
  565440.000  
  565540.000  
  565640.000  
  565740.000  
  565840.000  
  565940.000  
  566040.000  
  566140.000  
  566240.000  
  566340.000  
  566440.000  
  566540.000  
  566640.000  
  566740.000  
  566840.000  
  566940.000  
  567040.000  
  567140.000  
  567240.000  
  567340.000  
  567440.000  
  567540.000  
  567640.000  
  567740.000  
  567840.000  
  567940.000  
  568040.000  
  568140.000  
  568240.000  
  568340.000  
  568440.000  
  568540.000  
  568640.000  
  568740.000  
  568840.000  
  568940.000  
  569040.000  
  569140.000  
  569240.000  
  569340.000  
  569440.000  
  569540.000  
  569640.000  
  569740.000  
  569840.000  
  569940.000  
  570040.000  
  570140.000  
  570240.000  
  570340.000  
  570440.000  
  570540.000  
  570640.000  
  570740.000  
  570840.000  
  570940.000  
  571040.000  
  571140.000  
  571240.000  
  571340.000  
  571440.000  
  571540.000  
  571640.000  
  571740.000  
  571840.000  
  571940.000  
  572040.000  
  572140.000  
  572240.000  
  572340.000  
  572440.000  
  572540.000  
  572640.000  
  572740.000  
  572840.000  
  572940.000  
  573040.000  
  573140.000  
  573240.000  
  573340.000  
  573440.000  
  573540.000  
  573640.000  
  573740.000  
  573840.000  
  573940.000  
  574040.000  
  574140.000  
  574240.000  
  574340.000  
  574440.000  
  574540.000  
  574640.000  
  574740.000  
  574840.000  
  574940.000  
  575040.000  
  575140.000  
  575240.000  
  575340.000  
  575440.000  
  575540.000  
  575640.000  
  575740.000  
  575840.000  
  575940.000  
  576040.000  
  576140.000  
  576240.000  
  576340.000  
  576440.000  
  576540.000  
  576640.000  
  576740.000  
  576840.000  
  576940.000  
  577040.000  
  577140.000  
  577240.000  
  577340.000  
  577440.000  
  577540.000  
  577640.000  
  577740.000  
  577840.000  
  577940.000  
  578040.000  
  578140.000  
  578240.000  
  578340.000  
  578440.000  
  578540.000  
  578640.000  
  578740.000  
  578840.000  
  578940.000  
  579040.000  
  579140.000  
  579240.000  
  579340.000  
  579440.000  
  579540.000  
  579640.000  
  579740.000  
  579840.000  
  579940.000  
  580040.000  
  580140.000  
  580240.000  
  580340.000  
  580440.000  
  580540.000  
  580640.000  
  580740.000  
  580840.000  
  580940.000  
  581040.000  
  581140.000  
  581240.000  
  581340.000  
  581440.000  
  581540.000  
  581640.000  
  581740.000  
  581840.000  
  581940.000  
  582040.000  
  582140.000  
  582240.000  
  582340.000  
  582440.000  
  582540.000  
  582640.000  
  582740.000  
  582840.000  
  582940.000  
  583040.000  
  583140.000  
  583240.000  
  583340.000  
  583440.000  
  583540.000  
  583640.000  
  583740.000  
  583840.000  
  583940.000  
  584040.000  
  584140.000  
  584240.000  
  584340.000  
  584440.000  
  584540.000  
  584640.000  
  584740.000  
  584840.000  
  584940.000  
  585040.000  
  585140.000  
  585240.000  
  585340.000  
  585440.000  
  585540.000  
  585640.000  
  585740.000  
  585840.000  
  585940.000  
  586040.000  
  586140.000  
  586240.000  
  586340.000  
  586440.000  
  586540.000  
  586640.000  
  586740.000  
  586840.000  
  586940.000  
  587040.000  
  587140.000  
  587240.000  
  587340.000  
  587440.000  
  587540.000  
  587640.000  
  587740.000  
  587840.000  
  587940.000  
  588040.000  
  588140.000  
  588240.000  
  588340.000  
  588440.000  
  588540.000  
  588640.000  
  588740.000  
  588840.000  
  588940.000  
  589040.000  
  589140.000  
  589240.000  
  589340.000  
  589440.000  
  589540.000  
  589640.000  
  589740.000  
  589840.000  
  589940.000  
  590040.000  
  590140.000  
  590240.000  
  590340.000  
  590440.000  
  590540.000  
  590640.000  
  590740.000  
  590840.000  
  590940.000  
  591040.000  
  591140.000  
  591240.000  
  591340.000  
  591440.000  
  591540.000  
  591640.000  
  591740.000  
  591840.000  
  591940.000  
  592040.000  
  592140.000  
  592240.000  
  592340.000  
  592440.000  
  592540.000  
  592640.000  
  592740.000  
  592840.000  
  592940.000  
  593040.000  
  593140.000  
  593240.000  
  593340.000  
  593440.000  
  593540.000  
  593640.000  
  593740.000  
  593840.000  
  593940.000  
  594040.000  
  594140.000  
  594240.000  
  594340.000  
  594440.000  
  594540.000  
  594640.000  
  594740.000  
  594840.000  
  594940.000  
  595040.000  
  595140.000  
  595240.000  
  595340.000  
  595440.000  
  595540.000  
  595640.000  
  595740.000  
  595840.000  
  595940.000  
  596040.000  
  596140.000  
  596240.000  
  596340.000  
  596440.000  
  596540.000  
  596640.000  
  596740.000  
  596840.000  
  596940.000  
  597040.000  
  597140.000  
  597240.000  
  597340.000  
  597440.000  
  597540.000  
  597640.000  
  597740.000  
  597840.000  
  597940.000  
  598040.000  
  598140.000  
  598240.000  
  598340.000  
  598440.000  
  598540.000  
  598640.000  
  598740.000  
  598840.000  
  598940.000  
  599040.000  
  599140.000  
  599240.000  
  599340.000  
  599440.000  
  599540.000  
  599640.000  
  599740.000  
  599840.000  
  599940.000  
  600040.000  
  600140.000  
  600240.000  
  600340.000  
  600440.000  
  600540.000  
  600640.000  
  600740.000  
  600840.000  
  600940.000  
  601040.000  
  601140.000  
  601240.000  
  601340.000  
  601440.000  
  601540.000  
  601640.000  
  601740.000  
  601840.000  
  601940.000  
  602040.000  
  602140.000  
  602240.000  
  602340.000  
  602440.000  
  602540.000  
  602640.000  
  602740.000  
  602840.000  
  602940.000  
  603040.000  
  603140.000  
  603240.000  
  603340.000  
  603440.000  
  603540.000  
  603640.000  
  603740.000  
  603840.000  
  603940.000  
  604040.000  
  604140.000  
  604240.000  
  604340.000  
  604440.000  
  604540.000  
  604640.000  
  604740.000  
  604840.000  
  604940.000  
  605040.000  
  605140.000  
  605240.000  
  605340.000  
  605440.000  
  605540.000  
  605640.000  
  605740.000  
  605840.000  
  605940.000  
  606040.000  
  606140.000  
  606240.000  
  606340.000  
  606440.000  
  606540.000  
  606640.000  
  606740.000  
  606840.000  
  606940.000  
  607040.000  
  607140.000  
  607240.000  
  607340.000  
  607440.000  
  607540.000  
  607640.000  
  607740.000  
  607840.000  
  607940.000  
  608040.000  
  608140.000  
  608240.000  
  608340.000  
  608440.000  
  608540.000  
  608640.000  
  608740.000  
  608840.000  
  608940.000  
  609040.000  
  609140.000  
  609240.000  
  609340.000  
  609440.000  
  609540.000  
  609640.000  
  609740.000  
  609840.000  
  609940.000  
  610040.000  
  610140.000  
  610240.000  
  610340.000  
  610440.000  
  610540.000  
  610640.000  
  610740.000  
  610840.000  
  610940.000  
  611040.000  
  611140.000  
  611240.000  
  611340.000  
  611440.000  
  611540.000  
  611640.000  
  611740.000  
  611840.000  
  611940.000  
  612040.000  
  612140.000  
  612240.000  
  612340.000  
  612440.000  
  612540.000  
  612640.000  
  612740.000  
  612840.000  
  612940.000  
  613040.000  
  613140.000  
  613240.000  
  613340.000  
  613440.000  
  613540.000  
  613640.000  
  613740.000  
  613840.000  
  613940.000  
  614040.000  
  614140.000  
  614240.000  
  614340.000  
  614440.000  
  614540.000  
  614640.000  
  614740.000  
  614840.000  
  614940.000  
  615040.000  
  615140.000  
  615240.000  
  615340.000  
  615440.000  
  615540.000  
  615640.000  
  615740.000  
  615840.000  
  615940.000  
  616040.000  
  616140.000  
  616240.000  
  616340.000  
  616440.000  
  616540.000  
  616640.000  
  616740.000  
  616840.000  
  616940.000  
  617040.000  
  617140.000  
  617240.000  
  617340.000  
  617440.000  
  617540.000  
  617640.000  
  617740.000  
  617840.000  
  617940.000  
  618040.000  
  618140.000  
  618240.000  
  618340.000  
  618440.000  
  618540.000  
  618640.000  
  618740.000  
  618840.000  
  618940.000  
  619040.000  
  619140.000  
  619240.000  
  619340.000  
  619440.000  
  619540.000  
  619640.000  
  619740.000  
  619840.000  
  619940.000  
  620040.000  
  620140.000  
  620240.000  
  620340.000  
  620440.000  
  620540.000  
  620640.000  
  620740.000  
  620840.000  
  620940.000  
  621040.000  
  621140.000  
  621240.000  
  621340.000  
  621440.000  
  621540.000  
  621640.000  
  621740.000  
  621840.000  
  621940.000  
  622040.000  
  622140.000  
  622240.000  
  622340.000  
  622440.000  
  622540.000  
  622640.000  
  622740.000  
  622840.000  
  622940.000  
  623040.000  
  623140.000  
