1	180
2	338.543
3	150.451
4	208.116
5	170.678
6	199.571
7	232.751
8	203.188
9	268.792
10	262.828
11	233.702
12	162.872
13	232.075
14	199.12
15	209.466
16	150.987
17	297.698
18	253.552
19	196.921
20	190.947
21	154.087
22	223.888
23	182.77
24	149.211
25	219.957
26	184.066
27	171.766
28	168.698
29	278.205
30	267.417
31	231.687
32	214.843
33	125.6
34	132.247
35	132.43
36	115.05
37	194.324
38	183.816
39	139.621
40	91.6838
41	204.255
42	138.128
43	190.677
44	282.281
45	140.283
46	198.184
47	233.983
48	189.556
49	263.473
50	216.556
51	154.819
52	138.434
53	149.311
54	165.714
55	110.008
56	111.728
57	99.0038
58	136.208
59	150.203
60	131.996
61	88.728
62	146.731
63	102.103
64	150.469
65	143.789
66	92.1424
67	102.546
68	67.3165
69	134.609
70	99.4041
71	131.12
72	104.247
73	89.061
74	93.929
75	101.247
76	82.3293
77	75.4214
78	135.03
79	145.987
80	115.386
81	159.378
82	124.473
83	187.94
84	110.895
85	119.949
86	101.379
87	113.179
88	53.1739
89	82.1158
90	95.3037
91	161.584
92	103.721
93	120.347
94	114.022
95	80.6598
96	88.149
97	118.958
98	106.048
99	133.053
100	98.4875
101	145.895
102	116.796
103	94.5899
104	117.802
105	92.6544
106	142.398
107	146.221
108	133.715
109	154.911
110	119.989
111	83.1378
112	109.584
113	82.8461
114	93.6457
115	112.192
116	166.103
117	193.469
118	119.269
119	181.447
120	232.214
121	138.19
122	178.783
123	190.513
124	130.071
125	211.987
126	170.231
127	163.551
128	180.148
129	121.678
130	117.382
131	146.648
132	147.401
133	99.853
134	118.247
135	67.3188
136	91.1023
137	127.978
138	153.398
139	87.6012
140	151.543
141	158.31
142	161.726
143	263.791
144	203.636
145	341.454
146	125.325
147	203.168
148	271.617
149	361.335
150	250.312
151	350.986
152	276.222
153	176.357
154	182.707
155	180.102
156	94.1713
157	276.065
158	217.952
159	243.523
160	201.626
161	247.653
162	254.399
163	339.027
164	256.199
165	264.934
166	198.299
167	219.089
168	163.988
169	141.688
170	237.078
171	239.309
172	150.548
173	177.017
174	231.791
175	180.328
176	92.7777
177	143.745
178	167.087
179	227.484
180	122.525
181	83.7384
182	142.879
183	146.105
184	207.58
185	146.689
186	204.393
187	148.37
188	246.638
189	105.536
190	237.816
191	155.196
192	193.093
193	257.445
194	245.224
195	179.872
196	133.008
197	254.74
198	125.694
199	210.541
200	255.407
201	186.881
202	245.819
203	111.546
204	167.787
205	249.058
206	249.004
207	216.442
208	225.78
209	256.782
210	165.712
211	326.232
212	185.92
213	160.189
214	205.369
215	166.122
216	129.167
217	163.335
218	242.79
219	101.496
220	47.1063
221	102.556
222	74.5459
223	125.915
224	173.392
225	115.454
226	140.285
227	116.94
228	174.74
229	123.856
230	159.574
231	174.928
232	169.058
233	224.295
234	141.164
235	177.458
236	221.522
237	226.285
238	200.118
239	120.435
240	181.076
241	111.238
242	122.291
243	54.0431
244	120.683
245	109.145
246	154.899
247	83.0492
248	111.709
249	208.411
250	138.689
251	122.486
252	147.977
253	129.157
254	150.507
255	150.134
256	68.1476
257	166.288
258	126.593
259	273.901
260	160.88
261	114.336
262	153.314
263	134.622
264	146.465
265	203.288
266	247.443
267	170.984
268	161.371
269	165.493
270	165.752
271	205.486
272	68.3076
273	123.462
274	104.13
275	181.265
276	223.811
277	138.534
278	232.175
279	153.17
280	225.023
281	213.445
282	156.18
283	204.008
284	210.647
285	241.736
286	128.803
287	212.658
288	306.146
289	283.108
290	262.721
291	142.743
292	191.368
293	390.445
294	288.919
295	268.024
296	319.822
297	129.872
298	219.962
299	252.62
300	198.967
301	255.029
302	207.49
303	199.2
304	180.171
305	134.497
306	143.93
307	118.317
308	147.146
309	152.237
310	282.317
311	224.203
312	320.566
313	133.853
314	259.217
315	197.92
316	225.334
317	183.929
318	244.4
319	204.321
320	195.972
321	179.697
322	161.001
323	151.167
324	287.741
325	276.092
326	164.404
327	234.317
328	252.537
329	181.571
330	222.09
331	185.014
332	263.439
333	219.828
334	195.29
335	312.527
336	187.169
337	155.061
338	156.939
339	254.862
340	221.845
341	282.233
342	169.087
343	167.886
344	132.445
345	103.505
346	186.511
347	142.174
348	170.228
349	125.171
350	141.901
351	133.123
352	161.088
353	132.416
354	180.554
355	201.775
356	171.11
357	234.538
358	184.48
359	81.5202
360	63.8494
361	85.2648
362	100.013
363	92.0114
364	141.463
365	149.881
366	124.171
367	116.446
368	159.195
369	119.095
370	51.5221
371	107.748
372	122.293
373	144.292
374	142.37
375	88.3671
376	140.02
377	151.526
378	101.845
379	124.821
380	96.3919
381	137.21
382	177.677
383	107.768
384	56.121
385	99.0713
386	148.768
387	196.707
388	136.439
389	213.1
390	126.951
391	159.994
392	161.847
393	178.992
394	96.913
395	73.6001
396	124.575
397	124.416
398	84.2151
399	138.503
400	187.429
401	138.193
402	90.3086
403	119.33
404	122.197
405	185.402
406	44.8677
407	134.756
408	141.333
409	106.921
410	109.117
411	112.588
412	89.5899
413	107.522
414	92.4304
415	165.385
416	170.3
417	56.4318
418	116.997
419	146.272
420	127.898
421	117.132
422	38.3558
423	103.461
424	91.0889
425	163.322
426	158.652
427	111.497
428	123.872
429	65.314
430	69.6634
431	129.107
432	100.098
433	71.952
434	55.3004
435	62.706
436	94.1967
437	75.8132
438	59.0715
439	137.591
440	135.212
441	82.2704
442	125.445
443	125.915
444	67.3524
445	76.5031
446	141.638
447	137.888
448	148.721
449	111.967
450	104.813
451	106.841
452	115.003
453	150.32
454	57.2798
455	101.563
456	120.413
457	201.013
458	140.983
459	143.17
460	154.013
461	102.788
462	116.143
463	87.4463
464	101.387
465	86.2023
466	86.4648
467	102.895
468	128.126
469	147.779
470	138.273
471	60.8005
472	95.57
473	109.172
474	69.7993
475	106.963
476	94.4102
477	65.629
478	107.363
479	200.324
480	150.468
481	114.471
482	121.249
483	149.658
484	78.7807
485	175.695
486	93.0308
487	93.9856
488	93.0107
489	106.512
490	61.197
491	72.8567
492	90.2763
493	91.1224
494	90.4412
495	127.968
496	95.9219
497	71.6945
498	116.781
499	154.205
500	59.2244
501	75.8948
502	59.6008
503	63.3304
504	42.8617
505	129.086
506	89.0515
507	68.1438
508	56.7519
509	112.953
510	94.3849
511	135.052
512	91.5308
513	39.3574
514	59.9191
515	37.8944
516	70.9534
517	66.1666
518	77.2718
519	35.2588
520	39.6838
521	54.4353
522	102.714
523	81.2865
524	75.5995
525	63.8563
526	67.4859
527	111.856
528	60.6551
529	88.5978
530	48.6516
531	70.0541
532	90.7488
533	101.428
534	108.903
535	161.243
536	62.3503
537	93.7971
538	118.437
539	127.51
540	58.7101
541	121.024
542	105.128
543	115.043
544	101.812
545	116.544
546	112.533
547	89.3735
548	77.906
549	130.937
550	80.0119
551	91.3356
552	62.1006
553	83.5779
554	104.477
555	121.679
556	81.825
557	95.7671
558	65.5087
559	66.5249
560	110.968
561	84.6535
562	115.363
563	174.902
564	103.642
565	68.7453
566	35.9754
567	71.876
568	65.2348
569	69.0709
570	110.186
571	97.2397
572	116.209
573	91.3829
574	62.4626
575	146.604
576	134.669
577	147.862
578	113.978
579	93.0015
580	75.8558
581	118.225
582	121.954
583	85.3173
584	108.764
585	85.9621
586	71.9461
587	93.44
588	101.871
589	75.9612
590	66.0192
591	104.696
592	104.526
593	121.104
594	102.923
595	123.796
596	106.802
597	88.701
598	93.3662
599	82.1684
600	91.719
