1	927.013
2	679.638
3	797.044
4	920.713
5	742.893
6	693.38
7	744.547
8	1187.44
9	524.267
10	709.739
11	643.808
12	560.074
13	930.991
14	864.083
15	763.063
16	763.86
17	647.105
18	865.985
19	802.803
20	679.808
21	848.947
22	926.296
23	957.899
24	941.219
25	778.42
26	908.093
27	854.44
28	844.484
29	872.325
30	805.21
31	790.684
32	837.848
33	719.335
34	978.028
35	755.535
36	717.115
37	1007.54
38	731.662
39	844.6
40	895.845
41	714.857
42	765.571
43	778.966
44	877.531
45	894.966
46	760.694
47	698.082
48	754.622
49	974.518
50	879.32
51	780.047
52	846.76
53	844.175
54	982.32
55	760.831
56	936.753
57	881.177
58	541.103
59	756.142
60	830.439
61	807.582
62	839.189
63	770.886
64	553.188
65	912.963
66	1041.13
67	867.692
68	758.404
69	817.046
70	919.521
71	781.35
72	746.533
73	735.199
74	1007.31
75	793.292
76	535.649
77	397.859
78	711.275
79	472.416
80	248.785
81	861.976
82	431.048
83	859.608
84	311.836
85	571.304
86	453.271
87	516.471
88	488.363
89	455.123
90	420.809
91	627.651
92	747.384
93	614.596
94	632.783
95	464.392
96	539.045
97	625.801
98	505.821
99	1094.27
100	595.073
101	718.148
102	512.647
103	533.55
104	485.244
105	431.25
106	680.269
107	512.467
108	531.02
109	519.506
110	589.593
111	514.031
112	394.062
113	636.912
114	620.501
115	800.554
116	706.593
117	1098.2
118	922.225
119	970.861
120	794.82
121	644.305
122	790.376
123	978.387
124	985.988
125	1077.34
126	763.92
127	945.55
128	821.116
129	880.227
130	978.437
131	653.75
132	728.675
133	578.43
134	913.907
135	893.212
136	710.959
137	753.169
138	911.806
139	613.311
140	925.768
141	1016.21
142	1039.29
143	818.135
144	950.636
145	914.409
146	837.717
147	862.795
148	652.548
149	798.443
150	720.899
151	841.507
152	993.066
153	899.874
154	653.455
155	747.028
156	938.834
157	740.317
158	886.463
159	779.614
160	1016.06
161	870.191
162	993.804
163	903.504
164	853.481
165	1047.98
166	798.877
167	763.645
168	901.194
169	905.695
170	811.112
171	809.222
172	962.355
173	970.465
174	1020.97
175	975.337
176	748.381
177	1059.94
178	985.314
179	902.215
180	691.866
181	778.828
182	875.355
183	937.264
184	1086.49
185	1004.22
186	957.338
187	738.968
188	1247.73
189	884.771
190	846.61
191	858.146
192	1072.27
193	738.075
194	833.79
195	682.712
196	1022.99
197	1169.01
198	960.633
199	839.199
200	1327.63
201	771.38
202	896.257
203	819.059
204	875.086
205	749.28
206	711.619
207	1134.36
208	982.199
209	745.444
210	923.873
211	883.811
212	719.336
213	773.24
214	816.136
215	1023.07
216	673.567
217	880.908
218	942.821
219	1012.29
220	627.547
221	836.344
222	886.869
223	906.115
224	731.573
225	958.561
226	583.181
227	815.67
228	739.564
229	1151.94
230	901.166
231	832.206
232	844.139
233	846.173
234	903.002
235	1097.78
236	981.796
237	1248.36
238	1135.78
239	894.082
240	756.849
241	1028.61
242	961.747
243	1015.9
244	997.299
245	905.248
246	986.077
247	777.191
248	336.07
249	1188.43
250	998.634
251	894.106
252	1082.76
253	838.952
254	826.493
255	796.76
256	802.369
257	808.76
258	846.595
259	1014.51
260	673.659
261	936.886
262	1024.68
263	746.503
264	1037.44
265	909.028
266	877.647
267	714.646
268	1038.08
269	828.58
270	847.591
271	707.015
272	865.235
273	1010.6
274	827.379
275	1078.63
276	979.326
277	876.74
278	680.327
279	880.676
280	767.316
281	417.836
282	598.277
283	627.55
284	505.201
285	706.463
286	581.826
287	433.869
288	866.333
289	422.389
290	652.808
291	677.01
292	693.958
293	826.091
294	500.627
295	932.275
296	884.07
297	902.473
298	792.292
299	669.679
300	609.202
301	662.533
302	979.967
303	1122.75
304	866.663
305	859.097
306	816.755
307	733.601
308	847.584
309	947.378
310	931.853
311	932.148
312	1043.58
313	855.145
314	1075.31
315	865.294
316	1066.65
317	933.005
318	986.919
319	1067.73
320	960.268
321	948.643
322	1363.02
323	980.467
324	1012.19
325	1043.5
326	882.645
327	897.952
328	1241.96
329	957.323
330	1016.16
331	877.53
332	1078.05
333	857.009
334	716.786
335	941.057
336	1047.98
337	1046.41
338	1162.55
339	1253.34
340	776.013
341	895.587
342	1468.7
343	902.251
344	687.539
345	1244.56
346	814.601
347	716.736
348	936.643
349	1153.3
350	1138.35
351	1269.13
352	836.41
353	875.957
354	883.706
355	761.624
356	1079.61
357	660.006
358	470.851
359	665.181
360	363.216
361	476.877
362	551.345
363	634.655
364	749.634
365	622.652
366	660.358
367	653.5
368	819.958
369	792.061
370	727.802
371	1101.2
372	789.363
373	1105.2
374	992.678
375	877.464
376	820.422
377	690.823
378	889.245
379	952.532
380	978.196
381	1010.53
382	1115.67
383	1110.73
384	606.379
385	566.193
386	1040.99
387	958.859
388	975
389	569.445
390	1266.26
391	847.893
392	992.514
393	883.223
394	665.909
395	836.602
396	685.013
397	918.657
398	864.407
399	879.552
400	814.806
401	923.604
402	922.03
403	1115.48
404	853.162
405	868.748
406	813.587
407	1007.91
408	868.151
409	804.9
410	897.124
411	777.265
412	1078.57
413	1038.13
414	828.099
415	1061.73
416	1036.48
417	731.976
418	485.577
419	396.718
420	418.232
421	458.016
422	411.666
423	594.557
424	614.545
425	373.814
426	449.116
427	410.896
428	576.344
429	827.053
430	279.337
431	522.275
432	401.551
433	433.771
434	371.262
435	233.336
436	293.164
437	251.482
438	284.693
439	198.278
440	252.876
441	404.427
442	471.328
443	334.212
444	319.576
445	324.93
446	500.177
447	686.879
448	441.993
449	353.416
450	669.841
451	529.056
452	522.131
453	775.163
454	536.591
455	675.007
456	455.607
457	896.091
458	765.914
459	694.866
460	984.887
461	629.614
462	836.947
463	1082.5
464	1055.08
465	584.337
466	814.617
467	915.619
468	925.592
469	951.906
470	700.777
471	540.215
472	531.949
473	550.081
474	670.383
475	807.456
476	779.888
477	838.332
478	659.654
479	1040.67
480	598.158
481	564.338
482	627.256
483	420.43
484	404.659
485	545.885
486	500.368
487	432.183
488	240.217
489	435.884
490	317.273
491	227.123
492	344.018
493	336.711
494	223.839
495	440.886
496	355.984
497	285.322
498	345.564
499	346.294
500	365.458
501	347.162
502	343.25
503	305.49
504	403.797
505	302.301
506	317.844
507	315.84
508	304.234
509	278.158
510	339.096
511	308.949
512	318.102
513	359.41
514	347.511
515	212.866
516	321.23
517	367.844
518	393.763
519	275.347
520	413.329
521	250.339
522	299.099
523	226.722
524	350.842
525	337.121
526	319.992
527	345.252
528	309.71
529	255.307
530	225.242
531	252.309
532	271.64
533	198.592
534	225.721
535	195.965
536	183.518
537	505.058
538	272.814
539	234.027
540	392.03
541	225.375
542	281.422
543	738.631
544	635.982
545	409.206
546	704.206
547	689.556
548	180.423
549	160.847
550	304.105
551	191.422
552	243.791
553	206.609
554	96.8533
555	217.372
556	147.401
557	181.501
558	203.055
559	100.691
560	166.094
561	176.537
562	220.939
563	126.805
564	53.4139
565	189.558
566	145.139
567	193.559
568	267.068
569	179.169
570	242.776
571	199.688
572	180.48
573	132.668
574	316.261
575	318.421
576	507.555
577	329.19
578	250.336
579	640.822
580	541.857
581	411.413
582	371.477
583	531.67
584	410.584
585	165.97
586	273.63
587	217.577
588	323.158
589	281.511
590	383.672
591	480.475
592	886.141
593	689.326
594	327.439
595	344.032
596	536.514
597	626.584
598	451.704
599	465.574
600	685.235
