Frame	Volume
1	720.275
2	741.503
3	710.75
4	761.087
5	717.687
6	762.277
7	740.991
8	728.436
9	727.539
10	762.008
11	726.718
12	712.337
13	732.44
14	724.254
15	729.563
16	733.615
17	727.218
18	733.978
19	730.633
20	732.381
21	725.102
22	726.182
23	728.155
24	731.526
25	728.308
26	728.672
27	732.58
28	730.457
29	728.417
30	730.779
31	726.033
32	726.941
33	729.559
34	729.396
35	731.514
36	727.162
37	728.826
38	727.321
39	732.243
40	734.817
41	729.665
42	728.844
43	729.314
44	730.462
45	729.998
46	732.62
47	731.773
48	729.631
49	728.256
50	726.609
51	730.349
52	729.048
53	729.79
54	729.521
55	728.92
56	728.857
57	727.871
58	730.532
59	728.862
60	727.954
61	728.303
62	729.111
63	728.169
64	728.995
65	728.561
66	729.337
67	729.654
68	729.024
69	728.946
70	730.927
71	729.384
72	729.658
73	727.462
74	729.169
75	729.469
76	729.814
77	729.656
78	729.282
79	730.831
80	728.581
81	729.073
82	730.432
83	729.514
84	729.371
85	729.066
86	730.411
87	730.051
88	730.179
89	728.924
90	729.487
91	729.37
92	729.075
93	729.312
94	728.489
95	728.754
96	730.828
97	728.729
98	730.659
99	728.135
100	729.269
101	730.508
102	727.42
103	729.467
104	729.552
105	729.032
106	728.408
107	730.919
108	730.469
109	730.156
110	729.803
111	730.166
112	730.109
113	728.879
114	729.356
115	729.64
116	730.166
117	730.766
118	728.1
119	730.625
120	728.117
121	728.616
122	730.361
123	729.064
124	729.997
125	730.181
126	730.41
127	729.585
128	729.47
129	729.533
130	729.452
131	729.421
132	730.231
133	729.74
134	730.349
135	729.962
136	729.169
137	729.863
138	731.714
139	728.347
140	729.14
141	729.649
142	729.859
143	729.558
144	730.424
145	730.553
146	730.585
147	729.663
148	729.385
149	729.057
150	730.223
151	730.87
152	729.817
153	730.436
154	729.899
155	729.872
156	729.521
157	729.593
158	729.851
159	729.233
160	728.972
161	729.494
162	728.951
163	729.09
164	729.742
165	729.382
166	729.251
167	729.458
168	729.456
169	730.147
170	729.056
171	729.381
172	729.223
173	729.3
174	729.839
175	729.85
176	729.838
177	729.513
178	729.45
179	729.534
180	729.828
181	729.363
182	730.021
183	728.715
184	729.962
185	729.582
186	729.481
187	729.564
188	730.048
189	730.637
190	729.127
191	729.107
192	729.407
193	730.227
194	729.005
195	730.113
196	728.871
197	729.673
198	729.061
199	729.054
200	729.007
201	730.321
202	729.856
203	729.745
204	729.427
205	730.769
206	729.168
207	729.503
208	729.539
209	729.475
210	730.163
211	729.576
212	729.348
213	729.556
214	729.904
215	729.678
216	729.484
217	728.881
218	730.172
219	729.508
220	729.616
221	729.651
222	729.148
223	729.337
224	730.377
225	729.396
226	728.96
227	730.038
228	730.461
229	729.237
230	729.424
231	729.704
232	729.952
233	730.127
234	729.253
235	729.521
236	729.302
237	729.419
238	729.334
239	729.604
240	729.404
241	729.802
242	729.729
243	730.082
244	729.518
245	729.475
246	729.624
247	729.365
248	729.706
249	729.325
250	729.566
251	729.38
252	729.55
253	729.582
254	729.643
255	729.59
256	729.599
257	729.402
258	729.467
259	729.553
260	730.016
261	729.432
262	729.346
263	729.741
264	729.339
265	729.674
266	729.591
267	729.693
268	729.589
269	729.493
270	729.598
271	729.559
272	729.587
273	729.744
274	729.57
275	729.248
276	729.304
277	729.987
278	729.603
279	729.312
280	729.965
281	729.626
282	729.726
283	729.542
284	729.572
285	729.556
286	729.62
287	729.873
288	729.363
289	729.486
290	729.546
291	730.063
292	729.831
293	729.555
294	729.329
295	729.521
296	730.061
297	729.996
298	729.531
299	729.733
300	729.342
301	729.718
302	729.665
303	729.331
304	729.76
305	729.939
306	729.982
307	729.546
308	729.414
309	729.991
310	729.848
311	730.01
312	729.642
313	728.951
314	729.459
315	729.689
316	729.605
317	729.783
318	729.551
319	729.533
320	729.5
321	729.528
322	729.849
323	729.609
324	729.408
325	729.712
326	729.58
327	729.577
328	729.935
329	729.864
330	729.35
331	729.195
332	729.624
333	729.468
334	729.314
335	729.465
336	730.216
337	730.613
338	729.594
339	730.101
340	729.621
341	729.514
342	729.843
343	730.142
344	729.558
345	729.874
346	729.516
347	729.558
348	729.536
349	729.767
350	729.807
351	729.533
352	729.754
353	729.303
354	729.652
355	729.633
356	729.721
357	729.605
358	729.603
359	729.804
360	729.845
361	729.656
362	729.655
363	729.71
364	729.565
365	729.594
366	729.715
367	729.653
368	729.835
369	729.583
370	729.627
371	729.777
372	729.553
373	729.495
374	729.368
375	729.682
376	729.651
377	729.655
378	729.562
379	729.622
380	729.733
381	729.537
382	729.505
383	729.566
384	729.663
385	729.519
386	729.557
387	729.806
388	729.644
389	729.664
390	729.641
391	729.525
392	729.565
393	729.575
394	729.667
395	729.659
396	729.589
397	729.513
398	729.708
399	729.687
400	729.586
401	729.744
402	729.703
403	729.697
404	729.616
405	729.548
406	729.617
407	729.665
408	729.439
409	729.712
410	729.688
411	729.747
412	729.72
413	729.554
414	729.581
415	729.81
416	729.55
417	729.685
418	729.611
419	729.618
420	729.624
421	729.538
422	729.54
423	729.654
424	729.529
425	729.508
426	729.622
427	729.772
428	729.524
429	729.622
430	729.611
431	729.641
432	729.441
433	729.766
434	729.814
435	729.51
436	729.554
437	729.538
438	729.656
439	729.531
440	729.606
441	729.59
442	729.586
443	729.5
444	729.711
445	729.658
446	729.692
447	729.756
448	729.673
449	729.6
450	729.618
451	729.56
452	729.653
453	729.622
454	729.702
455	729.744
456	729.733
457	729.605
458	729.721
459	729.62
460	729.65
461	729.593
462	729.636
463	729.61
464	729.649
465	729.619
466	729.608
467	729.662
468	729.589
469	729.631
470	729.763
471	729.687
472	729.581
473	729.582
474	729.668
475	729.579
476	729.397
477	729.6
478	729.737
479	729.618
480	729.492
481	729.837
482	729.684
483	729.751
484	729.635
485	729.6
486	729.73
487	729.608
488	729.73
489	729.667
490	729.66
491	729.568
492	729.619
493	729.533
494	729.662
495	729.564
496	729.769
497	729.679
498	729.695
499	729.628
500	729.662
501	729.604
502	729.655
503	729.627
504	729.64
505	729.73
506	729.635
507	729.624
508	729.683
509	729.66
510	729.64
511	729.647
512	729.647
513	729.639
514	729.679
515	729.631
516	729.638
517	729.675
518	729.606
519	729.647
520	729.609
521	729.661
522	729.638
523	729.647
524	729.632
525	729.7
526	729.684
527	729.63
528	729.64
529	729.665
530	729.634
531	729.589
532	729.633
533	729.689
534	729.616
535	729.636
536	729.547
537	729.578
538	729.605
539	729.648
540	729.611
541	729.618
542	729.63
543	729.602
544	729.705
545	729.55
546	729.63
547	729.645
548	729.632
549	729.646
550	729.628
551	729.627
552	729.628
553	729.638
554	729.633
555	729.657
556	729.581
557	729.609
558	729.564
559	729.608
560	729.706
561	729.651
562	729.597
563	729.664
564	729.635
565	729.617
566	729.68
567	729.627
568	729.634
569	729.623
570	729.641
571	729.591
572	729.681
573	729.73
574	729.694
575	729.637
576	729.656
577	729.642
578	729.62
579	729.645
580	729.627
581	729.653
582	729.62
583	729.62
584	729.615
585	729.655
586	729.668
587	729.594
588	729.622
