Frame	Volume
1	1065.56
2	1111.7
3	1079.3
4	1072.54
5	1087.12
6	1083.74
7	1091.71
8	1089.53
9	1080.34
10	1088.88
11	1084.08
12	1083.08
13	1083.57
14	1088.8
15	1082.87
16	1088.89
17	1088.79
18	1084.87
19	1085.32
20	1087.8
21	1084.16
22	1083.28
23	1084.97
24	1087.25
25	1085.94
26	1083.81
27	1087.4
28	1085.18
29	1082.98
30	1087.81
31	1082.06
32	1084.36
33	1084.25
34	1085.13
35	1088.62
36	1085.77
37	1085.89
38	1085.06
39	1085.61
40	1088.35
41	1083.39
42	1084.07
43	1085.47
44	1084.53
45	1085.82
46	1086.78
47	1086.97
48	1086.29
49	1083.63
50	1085.03
51	1084.77
52	1083.9
53	1084.68
54	1086.03
55	1085.74
56	1084.91
57	1084.09
58	1086.22
59	1084.58
60	1084.74
61	1085.18
62	1086.21
63	1083.89
64	1086.22
65	1084.95
66	1084.43
67	1085.68
68	1084.55
69	1084.4
70	1085.55
71	1085.51
72	1085.41
73	1085.2
74	1084.93
75	1084.32
76	1085.86
77	1085.11
78	1084.82
79	1085.96
80	1085.27
81	1086.22
82	1085.65
83	1085.73
84	1085.16
85	1084.9
86	1086.79
87	1085.1
88	1086.21
89	1085.47
90	1085.86
91	1085.56
92	1085.61
93	1085.76
94	1084.72
95	1085.46
96	1085.09
97	1085.31
98	1085.53
99	1085.01
100	1085.08
101	1085.99
102	1085.86
103	1085.14
104	1085.59
105	1085.46
106	1085.19
107	1085.15
108	1085.3
109	1085.25
110	1085.75
111	1084.87
112	1085.07
113	1084.87
114	1084.83
115	1085.44
116	1085.88
117	1085.58
118	1085.04
119	1085.78
120	1085.02
121	1085.37
122	1085.18
123	1085.13
124	1085.99
125	1085.06
126	1085.82
127	1085.19
128	1085.73
129	1085.1
130	1085.24
131	1085.08
132	1085.66
133	1085.84
134	1085.28
135	1085.89
136	1084.96
137	1085.78
138	1086.57
139	1084.75
140	1085.3
141	1085.72
142	1085.3
143	1085.34
144	1084.93
145	1085.35
146	1085.72
147	1086.03
148	1085.56
149	1085.28
150	1085.94
151	1085.45
152	1085.08
153	1085.74
154	1085.51
155	1085.41
156	1084.83
157	1085.52
158	1085.38
159	1085.1
160	1085.65
161	1085.55
162	1085.01
163	1085.58
164	1085.33
165	1084.91
166	1084.99
167	1085.18
168	1085.6
169	1085.36
170	1085.26
171	1085.21
172	1085.19
173	1085.32
174	1085.6
175	1085.81
176	1085.63
177	1085.28
178	1084.87
179	1085.17
180	1085.64
181	1085.29
182	1085.75
183	1085.16
184	1085.37
185	1085.54
186	1085.35
187	1085.45
188	1085.45
189	1085.83
190	1085.53
191	1085.38
192	1085.4
193	1085.24
194	1085.21
195	1085.62
196	1085.25
197	1085.19
198	1085.27
199	1085.16
200	1085.08
201	1085.73
202	1085.51
203	1085.53
204	1085.51
205	1085.75
206	1085.65
207	1085.47
208	1085.81
209	1085.26
210	1085.44
211	1085.46
212	1085.18
213	1085.28
214	1085.42
215	1085.54
216	1085.34
217	1085.31
218	1085.29
219	1085.34
220	1085.39
221	1085.26
222	1085.33
223	1085.19
224	1085.84
225	1085.16
226	1085.09
227	1085.45
228	1085.67
229	1085.38
230	1085.38
231	1085.21
232	1085.41
233	1085.66
234	1085.51
235	1085.33
236	1085.51
237	1085.48
238	1085.52
239	1085.05
240	1084.9
241	1085.5
242	1085.43
243	1085.61
244	1085.2
245	1085.26
246	1085.25
247	1085.39
248	1085.57
249	1084.81
250	1085.47
251	1085.62
252	1085.32
253	1085.17
254	1085.57
255	1085.44
256	1085.39
257	1085.34
258	1085.56
259	1085.4
260	1085.41
261	1085.24
262	1085.29
263	1085.87
264	1085.17
265	1085.55
266	1085.45
267	1085.41
268	1085.5
269	1085.35
270	1085.4
271	1085.27
272	1085.38
273	1085.46
274	1085.36
275	1085.16
276	1085.39
277	1085.35
278	1085.16
279	1085.28
280	1085.67
281	1085.3
282	1085.51
283	1085.06
284	1085.25
285	1085.51
286	1085.51
287	1085.33
288	1085.39
289	1085.44
290	1085.1
291	1085.24
292	1085.29
293	1085.49
294	1085.43
295	1085.48
296	1085.36
297	1085.61
298	1085.58
299	1085.4
300	1085.48
301	1085.42
302	1085.44
303	1085.32
304	1085.42
305	1085.16
306	1085.39
307	1085.44
308	1085.31
309	1085.18
310	1085.62
311	1085.28
312	1085.36
313	1085.26
314	1085.31
315	1085.53
316	1085.39
317	1085.53
318	1085.35
319	1085.54
320	1085.28
321	1085.5
322	1085.59
323	1085.45
324	1085.02
325	1085.52
326	1085.16
327	1085.15
328	1085.19
329	1085.33
330	1085.41
331	1085.01
332	1085.61
333	1085.28
334	1085.4
335	1085.36
336	1085.61
337	1085.59
338	1085.14
339	1085.57
340	1085.59
341	1085.17
342	1085.51
343	1085.63
344	1085.48
345	1085.56
346	1085.55
347	1085.28
348	1085.2
349	1085.43
350	1085.39
351	1085.27
352	1085.51
353	1085.27
354	1085.49
355	1085.4
356	1085.37
357	1085.35
358	1085.29
359	1085.44
360	1085.57
361	1085.35
362	1085.31
363	1085.38
364	1085.37
365	1085.25
366	1085.4
367	1085.3
368	1085.47
369	1085.41
370	1085.36
371	1085.32
372	1085.41
373	1085.4
374	1085.27
375	1085.38
376	1085.45
377	1085.38
378	1085.42
379	1085.41
380	1085.31
381	1085.27
382	1085.28
383	1085.44
384	1085.38
385	1085.31
386	1085.29
387	1085.33
388	1085.4
389	1085.45
390	1085.32
391	1085.36
392	1085.36
393	1085.37
394	1085.36
395	1085.38
396	1085.31
397	1085.32
398	1085.43
399	1085.37
400	1085.36
401	1085.46
402	1085.4
403	1085.34
404	1085.3
405	1085.38
406	1085.35
407	1085.38
408	1085.19
409	1085.46
410	1085.51
411	1085.44
412	1085.44
413	1085.38
414	1085.37
415	1085.41
416	1085.27
417	1085.43
418	1085.38
419	1085.41
420	1085.37
421	1085.35
422	1085.36
423	1085.37
424	1085.33
425	1085.36
426	1085.38
427	1085.43
428	1085.41
429	1085.37
430	1085.32
431	1085.38
432	1085.27
433	1085.43
434	1085.44
435	1085.31
436	1085.34
437	1085.4
438	1085.4
439	1085.39
440	1085.32
441	1085.33
442	1085.36
443	1085.28
444	1085.44
445	1085.39
446	1085.4
447	1085.34
448	1085.42
449	1085.34
450	1085.43
451	1085.34
452	1085.43
453	1085.41
454	1085.41
455	1085.45
456	1085.38
457	1085.41
458	1085.45
459	1085.36
460	1085.29
461	1085.41
462	1085.39
463	1085.35
464	1085.4
465	1085.38
466	1085.31
467	1085.41
468	1085.38
469	1085.42
470	1085.47
471	1085.47
472	1085.34
473	1085.37
474	1085.34
475	1085.36
476	1085.31
477	1085.4
478	1085.5
479	1085.39
480	1085.3
481	1085.48
482	1085.29
483	1085.38
484	1085.37
485	1085.37
486	1085.37
487	1085.29
488	1085.41
489	1085.36
490	1085.34
491	1085.35
492	1085.4
493	1085.38
494	1085.41
495	1085.32
496	1085.45
497	1085.42
498	1085.38
499	1085.34
500	1085.38
501	1085.34
502	1085.4
503	1085.37
504	1085.35
505	1085.45
506	1085.33
507	1085.34
508	1085.41
509	1085.41
510	1085.39
511	1085.37
512	1085.38
513	1085.4
514	1085.39
515	1085.37
516	1085.38
517	1085.38
518	1085.37
519	1085.37
520	1085.36
521	1085.36
522	1085.36
523	1085.35
524	1085.36
525	1085.46
526	1085.36
527	1085.33
528	1085.37
529	1085.38
530	1085.36
531	1085.41
532	1085.38
533	1085.37
534	1085.35
535	1085.41
536	1085.35
537	1085.33
538	1085.39
539	1085.38
540	1085.34
541	1085.38
542	1085.42
543	1085.37
544	1085.43
545	1085.33
546	1085.39
547	1085.37
548	1085.37
549	1085.4
550	1085.37
551	1085.37
552	1085.36
553	1085.35
554	1085.36
555	1085.4
556	1085.31
557	1085.29
558	1085.35
559	1085.38
560	1085.38
561	1085.39
562	1085.38
563	1085.4
564	1085.37
565	1085.4
566	1085.39
567	1085.37
568	1085.41
569	1085.35
570	1085.41
571	1085.33
572	1085.4
573	1085.42
574	1085.41
575	1085.37
576	1085.37
577	1085.38
578	1085.38
579	1085.36
580	1085.37
581	1085.38
582	1085.31
583	1085.33
584	1085.39
585	1085.36
586	1085.38
587	1085.36
588	1085.38
