#Frame           RMSD
       1       0.0000
       2       0.1100
       3       0.1048
       4       0.1065
       5       0.1041
       6       0.1050
       7       0.1082
       8       0.1061
       9       0.1070
      10       0.1066
      11       0.1044
      12       0.1059
      13       0.1016
      14       0.1054
      15       0.1081
      16       0.1068
      17       0.1050
      18       0.1055
      19       0.1078
      20       0.1028
      21       0.1086
      22       0.1041
      23       0.1040
      24       0.1021
      25       0.1069
      26       0.1034
      27       0.1042
      28       0.1071
      29       0.1037
      30       0.1043
      31       0.1061
      32       0.1055
      33       0.1074
      34       0.1023
      35       0.1050
      36       0.1003
      37       0.1035
      38       0.1155
      39       0.1090
      40       0.1069
      41       0.1033
      42       0.1038
      43       0.1098
      44       0.1102
      45       0.1082
      46       0.1081
      47       0.1051
      48       0.1021
      49       0.1076
      50       0.1054
      51       0.1077
      52       0.1070
      53       0.1068
      54       0.1050
      55       0.1032
      56       0.1073
      57       0.1052
      58       0.1041
      59       0.1071
      60       0.1085
      61       0.1074
      62       0.1064
      63       0.1091
      64       0.1049
      65       0.1079
      66       0.1079
      67       0.1073
      68       0.1050
      69       0.1058
      70       0.1062
      71       0.1011
      72       0.1076
      73       0.1105
      74       0.1094
      75       0.1053
      76       0.1057
      77       0.1099
      78       0.1057
      79       0.1070
      80       0.1097
      81       0.1065
      82       0.1057
      83       0.1043
      84       0.1057
      85       0.1032
      86       0.1039
      87       0.1092
      88       0.1069
      89       0.1081
      90       0.1071
      91       0.1102
      92       0.1077
      93       0.1096
      94       0.1080
      95       0.1039
      96       0.1047
      97       0.1122
      98       0.1068
      99       0.1079
     100       0.1104
     101       0.1223
     102       0.1287
     103       0.1252
     104       0.1279
     105       0.1252
     106       0.1208
     107       0.1274
     108       0.1222
     109       0.1250
     110       0.1256
     111       0.1234
     112       0.1234
     113       0.1287
     114       0.1278
     115       0.1271
     116       0.1224
     117       0.1302
     118       0.1300
     119       0.1270
     120       0.1297
     121       0.1262
     122       0.1249
     123       0.1246
     124       0.1290
     125       0.1259
     126       0.1342
     127       0.1303
     128       0.1240
     129       0.1266
     130       0.1255
     131       0.1203
     132       0.1191
     133       0.1276
     134       0.1270
     135       0.1320
     136       0.1245
     137       0.1285
     138       0.1286
     139       0.1312
     140       0.1333
     141       0.1274
     142       0.1255
     143       0.1268
     144       0.1287
     145       0.1253
     146       0.1254
     147       0.1289
     148       0.1282
     149       0.1273
     150       0.1309
     151       0.1245
     152       0.1245
     153       0.1300
     154       0.1279
     155       0.1265
     156       0.1259
     157       0.1302
     158       0.1335
     159       0.1341
     160       0.1266
     161       0.1322
     162       0.1304
     163       0.1318
     164       0.1295
     165       0.1275
     166       0.1306
     167       0.1301
     168       0.1282
     169       0.1227
     170       0.1260
     171       0.1288
     172       0.1257
     173       0.1274
     174       0.1256
     175       0.1312
     176       0.1311
     177       0.1260
     178       0.1342
     179       0.1264
     180       0.1342
     181       0.1225
     182       0.1315
     183       0.1242
     184       0.1257
     185       0.1273
     186       0.1277
     187       0.1250
     188       0.1230
     189       0.1286
     190       0.1305
     191       0.1326
     192       0.1222
     193       0.1273
     194       0.1261
     195       0.1306
     196       0.1304
     197       0.1253
     198       0.1264
     199       0.1305
     200       0.1305
     201       0.1467
     202       0.1439
     203       0.1462
     204       0.1485
     205       0.1432
     206       0.1441
     207       0.1433
     208       0.1415
     209       0.1408
     210       0.1430
     211       0.1437
     212       0.1416
     213       0.1464
     214       0.1480
     215       0.1461
     216       0.1478
     217       0.1426
     218       0.1460
     219       0.1460
     220       0.1431
     221       0.1467
     222       0.1460
     223       0.1454
     224       0.1426
     225       0.1456
     226       0.1438
     227       0.1410
     228       0.1473
     229       0.1460
     230       0.1466
     231       0.1415
     232       0.1502
     233       0.1442
     234       0.1494
     235       0.1456
     236       0.1487
     237       0.1440
     238       0.1441
     239       0.1448
     240       0.1499
     241       0.1432
     242       0.1507
     243       0.1428
     244       0.1446
     245       0.1479
     246       0.1365
     247       0.1404
     248       0.1411
     249       0.1489
     250       0.1434
     251       0.1452
     252       0.1465
     253       0.1450
     254       0.1420
     255       0.1437
     256       0.1537
     257       0.1459
     258       0.1489
     259       0.1461
     260       0.1448
     261       0.1480
     262       0.1480
     263       0.1466
     264       0.1448
     265       0.1449
     266       0.1485
     267       0.1454
     268       0.1440
     269       0.1481
     270       0.1460
     271       0.1475
     272       0.1466
     273       0.1461
     274       0.1391
     275       0.1416
     276       0.1468
     277       0.1409
     278       0.1447
     279       0.1432
     280       0.1438
     281       0.1399
     282       0.1405
     283       0.1463
     284       0.1418
     285       0.1422
     286       0.1436
     287       0.1470
     288       0.1458
     289       0.1484
     290       0.1449
     291       0.1428
     292       0.1462
     293       0.1436
     294       0.1424
     295       0.1463
     296       0.1445
     297       0.1415
     298       0.1484
     299       0.1480
     300       0.1480
     301       0.1554
     302       0.1595
     303       0.1594
     304       0.1593
     305       0.1564
     306       0.1567
     307       0.1594
     308       0.1490
     309       0.1553
     310       0.1518
     311       0.1632
     312       0.1566
     313       0.1576
     314       0.1536
     315       0.1557
     316       0.1555
     317       0.1549
     318       0.1579
     319       0.1577
     320       0.1609
     321       0.1545
     322       0.1588
     323       0.1579
     324       0.1589
     325       0.1608
     326       0.1523
     327       0.1522
     328       0.1535
     329       0.1602
     330       0.1553
     331       0.1573
     332       0.1519
     333       0.1593
     334       0.1612
     335       0.1585
     336       0.1574
     337       0.1569
     338       0.1612
     339       0.1564
     340       0.1503
     341       0.1596
     342       0.1573
     343       0.1590
     344       0.1608
     345       0.1550
     346       0.1512
     347       0.1538
     348       0.1593
     349       0.1620
     350       0.1594
     351       0.1565
     352       0.1599
     353       0.1571
     354       0.1553
     355       0.1550
     356       0.1546
     357       0.1531
     358       0.1555
     359       0.1524
     360       0.1502
     361       0.1625
     362       0.1553
     363       0.1558
     364       0.1574
     365       0.1577
     366       0.1662
     367       0.1543
     368       0.1575
     369       0.1526
     370       0.1545
     371       0.1603
     372       0.1545
     373       0.1594
     374       0.1538
     375       0.1532
     376       0.1592
     377       0.1581
     378       0.1576
     379       0.1574
     380       0.1577
     381       0.1550
     382       0.1590
     383       0.1613
     384       0.1517
     385       0.1565
     386       0.1554
     387       0.1564
     388       0.1574
     389       0.1540
     390       0.1520
     391       0.1575
     392       0.1583
     393       0.1580
     394       0.1588
     395       0.1568
     396       0.1530
     397       0.1555
     398       0.1580
     399       0.1567
     400       0.1599
     401       0.1663
     402       0.1729
     403       0.1658
     404       0.1633
     405       0.1743
     406       0.1724
     407       0.1676
     408       0.1739
     409       0.1715
     410       0.1741
     411       0.1700
     412       0.1712
     413       0.1698
     414       0.1700
     415       0.1702
     416       0.1693
     417       0.1731
     418       0.1690
     419       0.1750
     420       0.1707
     421       0.1701
     422       0.1710
     423       0.1701
     424       0.1717
     425       0.1706
     426       0.1735
     427       0.1789
     428       0.1725
     429       0.1710
     430       0.1729
     431       0.1771
     432       0.1746
     433       0.1773
     434       0.1742
     435       0.1685
     436       0.1660
     437       0.1749
     438       0.1680
     439       0.1743
     440       0.1673
     441       0.1708
     442       0.1708
     443       0.1721
     444       0.1654
     445       0.1690
     446       0.1732
     447       0.1707
     448       0.1708
     449       0.1700
     450       0.1696
     451       0.1720
     452       0.1714
     453       0.1767
     454       0.1749
     455       0.1686
     456       0.1671
     457       0.1679
     458       0.1690
     459       0.1704
     460       0.1673
     461       0.1770
     462       0.1726
     463       0.1713
     464       0.1652
     465       0.1737
     466       0.1760
     467       0.1716
     468       0.1702
     469       0.1738
     470       0.1724
     471       0.1738
     472       0.1695
     473       0.1717
     474       0.1757
     475       0.1659
     476       0.1708
     477       0.1733
     478       0.1673
     479       0.1730
     480       0.1738
     481       0.1734
     482       0.1688
     483       0.1669
     484       0.1682
     485       0.1728
     486       0.1693
     487       0.1689
     488       0.1672
     489       0.1694
     490       0.1674
     491       0.1695
     492       0.1753
     493       0.1757
     494       0.1729
     495       0.1715
     496       0.1747
     497       0.1710
     498       0.1722
     499       0.1726
     500       0.1684
     501       0.1870
     502       0.1843
     503       0.1881
     504       0.1871
     505       0.1826
     506       0.1829
     507       0.1836
     508       0.1795
     509       0.1890
     510       0.1852
     511       0.1811
     512       0.1840
     513       0.1851
     514       0.1778
     515       0.1821
     516       0.1854
     517       0.1839
     518       0.1847
     519       0.1875
     520       0.1793
     521       0.1845
     522       0.1781
     523       0.1788
     524       0.1871
     525       0.1834
     526       0.1858
     527       0.1860
     528       0.1771
     529       0.1833
     530       0.1855
     531       0.1857
     532       0.1869
     533       0.1778
     534       0.1863
     535       0.1834
     536       0.1815
     537       0.1836
     538       0.1821
     539       0.1796
     540       0.1828
     541       0.1879
     542       0.1803
     543       0.1835
     544       0.1808
     545       0.1775
     546       0.1848
     547       0.1816
     548       0.1840
     549       0.1785
     550       0.1829
     551       0.1800
     552       0.1803
     553       0.1844
     554       0.1805
     555       0.1806
     556       0.1809
     557       0.1791
     558       0.1896
     559       0.1856
     560       0.1869
     561       0.1780
     562       0.1844
     563       0.1792
     564       0.1798
     565       0.1751
     566       0.1839
     567       0.1821
     568       0.1889
     569       0.1817
     570       0.1799
     571       0.1776
     572       0.1826
     573       0.1831
     574       0.1861
     575       0.1793
     576       0.1824
     577       0.1836
     578       0.1809
     579       0.1841
     580       0.1848
     581       0.1907
     582       0.1895
     583       0.1838
     584       0.1863
     585       0.1791
     586       0.1812
     587       0.1865
     588       0.1879
     589       0.1841
     590       0.1817
     591       0.1761
     592       0.1862
     593       0.1845
     594       0.1900
     595       0.1835
     596       0.1800
     597       0.1858
     598       0.1821
     599       0.1776
     600       0.1794
     601       0.1994
     602       0.1980
     603       0.1891
     604       0.1938
     605       0.1956
     606       0.1971
     607       0.1917
     608       0.1963
     609       0.1954
     610       0.1978
     611       0.1891
     612       0.1954
     613       0.1944
     614       0.1930
     615       0.1947
     616       0.1856
     617       0.1850
     618       0.1944
     619       0.1857
     620       0.1981
     621       0.1903
     622       0.1970
     623       0.1979
     624       0.1947
     625       0.1987
     626       0.1922
     627       0.1953
     628       0.1990
     629       0.1964
     630       0.1910
     631       0.1914
     632       0.1958
     633       0.1970
     634       0.1935
     635       0.1970
     636       0.1937
     637       0.1823
     638       0.1921
     639       0.1968
     640       0.1905
     641       0.1966
     642       0.1918
     643       0.1947
     644       0.1901
     645       0.1905
     646       0.1978
     647       0.1986
     648       0.1932
     649       0.1951
     650       0.1902
     651       0.1914
     652       0.1951
     653       0.1994
     654       0.1987
     655       0.1923
     656       0.1889
     657       0.1981
     658       0.1937
     659       0.1922
     660       0.1976
     661       0.1941
     662       0.1927
     663       0.1963
     664       0.1925
     665       0.1924
     666       0.1950
     667       0.1972
     668       0.1891
     669       0.1934
     670       0.2027
     671       0.1937
     672       0.1927
     673       0.1995
     674       0.1916
     675       0.1927
     676       0.1940
     677       0.1997
     678       0.1938
     679       0.1936
     680       0.2007
     681       0.1884
     682       0.1913
     683       0.1881
     684       0.1969
     685       0.1957
     686       0.1991
     687       0.1989
     688       0.1951
     689       0.1979
     690       0.1944
     691       0.1939
     692       0.1971
     693       0.1874
     694       0.1937
     695       0.1926
     696       0.1920
     697       0.1978
     698       0.1940
     699       0.1951
     700       0.1965
     701       0.2077
     702       0.2188
     703       0.2119
     704       0.2157
     705       0.2064
     706       0.2146
     707       0.2065
     708       0.2106
     709       0.2104
     710       0.2142
     711       0.2125
     712       0.2151
     713       0.2071
     714       0.2154
     715       0.2119
     716       0.2087
     717       0.2077
     718       0.2190
     719       0.2143
     720       0.2184
     721       0.2066
     722       0.2140
     723       0.2222
     724       0.2135
     725       0.2138
     726       0.2008
     727       0.2042
     728       0.2087
     729       0.2165
     730       0.2096
     731       0.2055
     732       0.2085
     733       0.2080
     734       0.2134
     735       0.2100
     736       0.2068
     737       0.2095
     738       0.2087
     739       0.2074
     740       0.2167
     741       0.2201
     742       0.2109
     743       0.2094
     744       0.2103
     745       0.2094
     746       0.2010
     747       0.2145
     748       0.2101
     749       0.2028
     750       0.2125
     751       0.2116
     752       0.2078
     753       0.2163
     754       0.2079
     755       0.2073
     756       0.2160
     757       0.2119
     758       0.2141
     759       0.2059
     760       0.2160
     761       0.2130
     762       0.2106
     763       0.2107
     764       0.2100
     765       0.2106
     766       0.2079
     767       0.2032
     768       0.2083
     769       0.2057
     770       0.2109
     771       0.2070
     772       0.1997
     773       0.2093
     774       0.2193
     775       0.2162
     776       0.2082
     777       0.2123
     778       0.2065
     779       0.2178
     780       0.2095
     781       0.2190
     782       0.2056
     783       0.2096
     784       0.2092
     785       0.2106
     786       0.2138
     787       0.2091
     788       0.2096
     789       0.2076
     790       0.2169
     791       0.2107
     792       0.2035
     793       0.2119
     794       0.2034
     795       0.2110
     796       0.2077
     797       0.2044
     798       0.2176
     799       0.2132
     800       0.2047
     801       0.2203
     802       0.2286
     803       0.2229
     804       0.2197
     805       0.2132
     806       0.2221
     807       0.2314
     808       0.2268
     809       0.2178
     810       0.2134
     811       0.2227
     812       0.2257
     813       0.2254
     814       0.2297
     815       0.2350
     816       0.2246
     817       0.2247
     818       0.2300
     819       0.2294
     820       0.2260
     821       0.2229
     822       0.2312
     823       0.2225
     824       0.2371
     825       0.2291
     826       0.2323
     827       0.2292
     828       0.2281
     829       0.2256
     830       0.2227
     831       0.2303
     832       0.2154
     833       0.2323
     834       0.2352
     835       0.2233
     836       0.2203
     837       0.2268
     838       0.2272
     839       0.2284
     840       0.2292
     841       0.2198
     842       0.2284
     843       0.2240
     844       0.2240
     845       0.2258
     846       0.2253
     847       0.2299
     848       0.2249
     849       0.2292
     850       0.2284
     851       0.2295
     852       0.2270
     853       0.2304
     854       0.2256
     855       0.2291
     856       0.2184
     857       0.2255
     858       0.2203
     859       0.2230
     860       0.2233
     861       0.2195
     862       0.2292
     863       0.2349
     864       0.2239
     865       0.2268
     866       0.2285
     867       0.2221
     868       0.2305
     869       0.2264
     870       0.2245
     871       0.2202
     872       0.2250
     873       0.2173
     874       0.2254
     875       0.2210
     876       0.2233
     877       0.2195
     878       0.2265
     879       0.2182
     880       0.2267
     881       0.2291
     882       0.2253
     883       0.2295
     884       0.2293
     885       0.2271
     886       0.2227
     887       0.2214
     888       0.2271
     889       0.2314
     890       0.2246
     891       0.2325
     892       0.2294
     893       0.2186
     894       0.2236
     895       0.2252
     896       0.2205
     897       0.2350
     898       0.2245
     899       0.2326
     900       0.2308
     901       0.2483
     902       0.2583
     903       0.2416
     904       0.2477
     905       0.2576
     906       0.2523
     907       0.2504
     908       0.2500
     909       0.2516
     910       0.2523
     911       0.2486
     912       0.2448
     913       0.2543
     914       0.2498
     915       0.2466
     916       0.2533
     917       0.2499
     918       0.2549
     919       0.2464
     920       0.2564
     921       0.2538
     922       0.2444
     923       0.2536
     924       0.2507
     925       0.2504
     926       0.2411
     927       0.2520
     928       0.2466
     929       0.2443
     930       0.2558
     931       0.2444
     932       0.2507
     933       0.2563
     934       0.2562
     935       0.2498
     936       0.2504
     937       0.2488
     938       0.2438
     939       0.2463
     940       0.2494
     941       0.2297
     942       0.2394
     943       0.2430
     944       0.2478
     945       0.2435
     946       0.2448
     947       0.2372
     948       0.2356
     949       0.2538
     950       0.2522
     951       0.2448
     952       0.2528
     953       0.2492
     954       0.2422
     955       0.2496
     956       0.2468
     957       0.2426
     958       0.2485
     959       0.2552
     960       0.2489
     961       0.2446
     962       0.2466
     963       0.2530
     964       0.2464
     965       0.2489
     966       0.2436
     967       0.2496
     968       0.2532
     969       0.2516
     970       0.2541
     971       0.2526
     972       0.2422
     973       0.2477
     974       0.2411
     975       0.2493
     976       0.2439
     977       0.2432
     978       0.2460
     979       0.2497
     980       0.2502
     981       0.2531
     982       0.2493
     983       0.2356
     984       0.2383
     985       0.2333
     986       0.2490
     987       0.2479
     988       0.2453
     989       0.2412
     990       0.2419
     991       0.2527
     992       0.2525
     993       0.2494
     994       0.2537
     995       0.2541
     996       0.2381
     997       0.2454
     998       0.2562
     999       0.2490
    1000       0.2429
    1001       0.2572
    1002       0.2623
    1003       0.2591
    1004       0.2551
    1005       0.2641
    1006       0.2634
    1007       0.2622
    1008       0.2597
    1009       0.2531
    1010       0.2567
    1011       0.2550
    1012       0.2598
    1013       0.2695
    1014       0.2657
    1015       0.2658
    1016       0.2592
    1017       0.2540
    1018       0.2469
    1019       0.2600
    1020       0.2637
    1021       0.2555
    1022       0.2626
    1023       0.2563
    1024       0.2641
    1025       0.2674
    1026       0.2519
    1027       0.2704
    1028       0.2607
    1029       0.2646
    1030       0.2660
    1031       0.2548
    1032       0.2600
    1033       0.2689
    1034       0.2570
    1035       0.2632
    1036       0.2538
    1037       0.2569
    1038       0.2567
    1039       0.2629
    1040       0.2575
    1041       0.2749
    1042       0.2626
    1043       0.2606
    1044       0.2633
    1045       0.2672
    1046       0.2610
    1047       0.2572
    1048       0.2577
    1049       0.2596
    1050       0.2602
    1051       0.2591
    1052       0.2643
    1053       0.2613
    1054       0.2537
    1055       0.2495
    1056       0.2651
    1057       0.2663
    1058       0.2509
    1059       0.2561
    1060       0.2692
    1061       0.2678
    1062       0.2701
    1063       0.2561
    1064       0.2537
    1065       0.2629
    1066       0.2601
    1067       0.2509
    1068       0.2675
    1069       0.2649
    1070       0.2549
    1071       0.2548
    1072       0.2705
    1073       0.2658
    1074       0.2688
    1075       0.2595
    1076       0.2660
    1077       0.2636
    1078       0.2529
    1079       0.2604
    1080       0.2566
    1081       0.2632
    1082       0.2558
    1083       0.2629
    1084       0.2662
    1085       0.2638
    1086       0.2535
    1087       0.2605
    1088       0.2560
    1089       0.2677
    1090       0.2620
    1091       0.2570
    1092       0.2539
    1093       0.2547
    1094       0.2621
    1095       0.2680
    1096       0.2597
    1097       0.2555
    1098       0.2588
    1099       0.2644
    1100       0.2660
    1101       0.2791
    1102       0.2860
    1103       0.2831
    1104       0.2807
    1105       0.2807
    1106       0.2810
    1107       0.2940
    1108       0.2845
    1109       0.2901
    1110       0.2888
    1111       0.2883
    1112       0.2856
    1113       0.2887
    1114       0.2828
    1115       0.2839
    1116       0.2800
    1117       0.2817
    1118       0.2840
    1119       0.2815
    1120       0.2836
    1121       0.2908
    1122       0.2824
    1123       0.2796
    1124       0.2737
    1125       0.2758
    1126       0.2835
    1127       0.2778
    1128       0.2708
    1129       0.2810
    1130       0.2833
    1131       0.2932
    1132       0.2833
    1133       0.2860
    1134       0.2812
    1135       0.2805
    1136       0.2807
    1137       0.2953
    1138       0.2782
    1139       0.2895
    1140       0.2893
    1141       0.2825
    1142       0.2834
    1143       0.2792
    1144       0.2851
    1145       0.2761
    1146       0.2738
    1147       0.2945
    1148       0.2819
    1149       0.2835
    1150       0.2833
    1151       0.2713
    1152       0.2779
    1153       0.2747
    1154       0.2821
    1155       0.2869
    1156       0.2836
    1157       0.2797
    1158       0.2724
    1159       0.2783
    1160       0.2778
    1161       0.2880
    1162       0.2847
    1163       0.2914
    1164       0.2784
    1165       0.2773
    1166       0.2811
    1167       0.2808
    1168       0.2694
    1169       0.2802
    1170       0.2791
    1171       0.2741
    1172       0.2773
    1173       0.2866
    1174       0.2785
    1175       0.2862
    1176       0.2792
    1177       0.2805
    1178       0.2751
    1179       0.2862
    1180       0.2896
    1181       0.2891
    1182       0.2834
    1183       0.2826
    1184       0.2895
    1185       0.2772
    1186       0.2956
    1187       0.2747
    1188       0.2766
    1189       0.2858
    1190       0.2816
    1191       0.2784
    1192       0.2791
    1193       0.2692
    1194       0.2806
    1195       0.2809
    1196       0.2766
    1197       0.2816
    1198       0.2811
    1199       0.2787
    1200       0.2818
    1201       0.2925
    1202       0.2858
    1203       0.3038
    1204       0.2997
    1205       0.2923
    1206       0.3007
    1207       0.3081
    1208       0.2934
    1209       0.3044
    1210       0.2874
    1211       0.2882
    1212       0.2968
    1213       0.3005
    1214       0.2979
    1215       0.3027
    1216       0.3008
    1217       0.2942
    1218       0.3035
    1219       0.3039
    1220       0.2977
    1221       0.3112
    1222       0.3017
    1223       0.3037
    1224       0.3044
    1225       0.2995
    1226       0.2960
    1227       0.2973
    1228       0.2985
    1229       0.3024
    1230       0.2922
    1231       0.2926
    1232       0.2944
    1233       0.3013
    1234       0.3084
    1235       0.2978
    1236       0.2969
    1237       0.3057
    1238       0.2933
    1239       0.2921
    1240       0.3030
    1241       0.3007
    1242       0.3034
    1243       0.3082
    1244       0.2945
    1245       0.3074
    1246       0.3036
    1247       0.2955
    1248       0.3012
    1249       0.3037
    1250       0.2936
    1251       0.3068
    1252       0.2836
    1253       0.2937
    1254       0.2921
    1255       0.3034
    1256       0.3039
    1257       0.2961
    1258       0.2896
    1259       0.2987
    1260       0.3051
    1261       0.2983
    1262       0.2913
    1263       0.3114
    1264       0.2998
    1265       0.3095
    1266       0.3038
    1267       0.2924
    1268       0.2959
    1269       0.2916
    1270       0.3008
    1271       0.2943
    1272       0.2918
    1273       0.2918
    1274       0.2901
    1275       0.2985
    1276       0.2851
    1277       0.2949
    1278       0.2994
    1279       0.2911
    1280       0.2998
    1281       0.3063
    1282       0.3012
    1283       0.3091
    1284       0.3101
    1285       0.3024
    1286       0.3030
    1287       0.3008
    1288       0.3032
    1289       0.2995
    1290       0.3084
    1291       0.2996
    1292       0.3078
    1293       0.3008
    1294       0.3044
    1295       0.3110
    1296       0.3051
    1297       0.2994
    1298       0.2983
    1299       0.3085
    1300       0.3058
    1301       0.3080
    1302       0.3277
    1303       0.3132
    1304       0.3085
    1305       0.3082
    1306       0.3112
    1307       0.3182
    1308       0.3187
    1309       0.3124
    1310       0.3132
    1311       0.3158
    1312       0.3282
    1313       0.3161
    1314       0.3040
    1315       0.3231
    1316       0.3219
    1317       0.3219
    1318       0.3129
    1319       0.3069
    1320       0.3228
    1321       0.3132
    1322       0.3232
    1323       0.3223
    1324       0.3192
    1325       0.3166
    1326       0.3207
    1327       0.3134
    1328       0.3164
    1329       0.3151
    1330       0.3139
    1331       0.3141
    1332       0.3211
    1333       0.3152
    1334       0.3256
    1335       0.3256
    1336       0.3139
    1337       0.3114
    1338       0.3073
    1339       0.3168
    1340       0.3259
    1341       0.3232
    1342       0.3163
    1343       0.3209
    1344       0.3196
    1345       0.3210
    1346       0.3209
    1347       0.3113
    1348       0.3135
    1349       0.3189
    1350       0.3169
    1351       0.3191
    1352       0.2996
    1353       0.3213
    1354       0.3251
    1355       0.3071
    1356       0.3108
    1357       0.3143
    1358       0.3169
    1359       0.3068
    1360       0.3165
    1361       0.3168
    1362       0.3183
    1363       0.3153
    1364       0.3121
    1365       0.3099
    1366       0.3221
    1367       0.3131
    1368       0.3205
    1369       0.3188
    1370       0.3159
    1371       0.3126
    1372       0.3172
    1373       0.3180
    1374       0.3272
    1375       0.3204
    1376       0.3084
    1377       0.3151
    1378       0.3171
    1379       0.3150
    1380       0.3164
    1381       0.3176
    1382       0.3108
    1383       0.3220
    1384       0.3102
    1385       0.3055
    1386       0.3167
    1387       0.3090
    1388       0.3148
    1389       0.3023
    1390       0.3057
    1391       0.3170
    1392       0.3100
    1393       0.3064
    1394       0.3112
    1395       0.3041
    1396       0.3157
    1397       0.3196
    1398       0.3262
    1399       0.3027
    1400       0.3074
    1401       0.3123
    1402       0.3238
    1403       0.3229
    1404       0.3263
    1405       0.3269
    1406       0.3252
    1407       0.3361
    1408       0.3375
    1409       0.3284
    1410       0.3319
    1411       0.3219
    1412       0.3319
    1413       0.3293
    1414       0.3354
    1415       0.3288
    1416       0.3282
    1417       0.3381
    1418       0.3262
    1419       0.3261
    1420       0.3328
    1421       0.3361
    1422       0.3275
    1423       0.3285
    1424       0.3264
    1425       0.3171
    1426       0.3170
    1427       0.3310
    1428       0.3356
    1429       0.3383
    1430       0.3425
    1431       0.3231
    1432       0.3201
    1433       0.3245
    1434       0.3304
    1435       0.3224
    1436       0.3309
    1437       0.3262
    1438       0.3244
    1439       0.3180
    1440       0.3241
    1441       0.3200
    1442       0.3169
    1443       0.3286
    1444       0.3230
    1445       0.3268
    1446       0.3044
    1447       0.3288
    1448       0.3201
    1449       0.3202
    1450       0.3364
    1451       0.3264
    1452       0.3345
    1453       0.3313
    1454       0.3312
    1455       0.3263
    1456       0.3337
    1457       0.3393
    1458       0.3302
    1459       0.3281
    1460       0.3390
    1461       0.3347
    1462       0.3361
    1463       0.3442
    1464       0.3123
    1465       0.3182
    1466       0.3338
    1467       0.3206
    1468       0.3231
    1469       0.3461
    1470       0.3319
    1471       0.3317
    1472       0.3338
    1473       0.3296
    1474       0.3268
    1475       0.3275
    1476       0.3232
    1477       0.3070
    1478       0.3222
    1479       0.3297
    1480       0.3245
    1481       0.3372
    1482       0.3383
    1483       0.3419
    1484       0.3292
    1485       0.3329
    1486       0.3271
    1487       0.3360
    1488       0.3357
    1489       0.3246
    1490       0.3214
    1491       0.3305
    1492       0.3180
    1493       0.3233
    1494       0.3191
    1495       0.3272
    1496       0.3353
    1497       0.3276
    1498       0.3451
    1499       0.3203
    1500       0.3232
    1501       0.3477
    1502       0.3383
    1503       0.3410
    1504       0.3315
    1505       0.3449
    1506       0.3596
    1507       0.3410
    1508       0.3454
    1509       0.3413
    1510       0.3530
    1511       0.3496
    1512       0.3461
    1513       0.3503
    1514       0.3474
    1515       0.3513
    1516       0.3521
    1517       0.3415
    1518       0.3508
    1519       0.3513
    1520       0.3485
    1521       0.3581
    1522       0.3453
    1523       0.3528
    1524       0.3463
    1525       0.3425
    1526       0.3497
    1527       0.3426
    1528       0.3479
    1529       0.3417
    1530       0.3511
    1531       0.3512
    1532       0.3401
    1533       0.3659
    1534       0.3636
    1535       0.3618
    1536       0.3618
    1537       0.3596
    1538       0.3597
    1539       0.3505
    1540       0.3564
    1541       0.3558
    1542       0.3526
    1543       0.3589
    1544       0.3347
    1545       0.3557
    1546       0.3437
    1547       0.3380
    1548       0.3533
    1549       0.3469
    1550       0.3586
    1551       0.3442
    1552       0.3483
    1553       0.3529
    1554       0.3488
    1555       0.3490
    1556       0.3503
    1557       0.3663
    1558       0.3567
    1559       0.3519
    1560       0.3438
    1561       0.3408
    1562       0.3565
    1563       0.3559
    1564       0.3501
    1565       0.3361
    1566       0.3380
    1567       0.3432
    1568       0.3462
    1569       0.3517
    1570       0.3494
    1571       0.3565
    1572       0.3556
    1573       0.3642
    1574       0.3543
    1575       0.3333
    1576       0.3404
    1577       0.3618
    1578       0.3528
    1579       0.3277
    1580       0.3606
    1581       0.3473
    1582       0.3461
    1583       0.3410
    1584       0.3615
    1585       0.3568
    1586       0.3431
    1587       0.3568
    1588       0.3610
    1589       0.3482
    1590       0.3446
    1591       0.3524
    1592       0.3454
    1593       0.3431
    1594       0.3405
    1595       0.3581
    1596       0.3495
    1597       0.3585
    1598       0.3595
    1599       0.3384
    1600       0.3358
    1601       0.3716
    1602       0.3688
    1603       0.3710
    1604       0.3661
    1605       0.3623
    1606       0.3700
    1607       0.3662
    1608       0.3740
    1609       0.3806
    1610       0.3481
    1611       0.3607
    1612       0.3846
    1613       0.3712
    1614       0.3787
    1615       0.3641
    1616       0.3764
    1617       0.3832
    1618       0.3651
    1619       0.3662
    1620       0.3724
    1621       0.3832
    1622       0.3546
    1623       0.3763
    1624       0.3635
    1625       0.3842
    1626       0.3617
    1627       0.3741
    1628       0.3749
    1629       0.3577
    1630       0.3781
    1631       0.3640
    1632       0.3592
    1633       0.3510
    1634       0.3706
    1635       0.3766
    1636       0.3770
    1637       0.3650
    1638       0.3784
    1639       0.3814
    1640       0.3796
    1641       0.3821
    1642       0.4003
    1643       0.3830
    1644       0.3826
    1645       0.3770
    1646       0.3815
    1647       0.3651
    1648       0.3730
    1649       0.3752
    1650       0.3889
    1651       0.3537
    1652       0.3608
    1653       0.3701
    1654       0.3916
    1655       0.3796
    1656       0.3757
    1657       0.3630
    1658       0.3686
    1659       0.3741
    1660       0.3774
    1661       0.3592
    1662       0.3486
    1663       0.3702
    1664       0.3692
    1665       0.3642
    1666       0.3766
    1667       0.3947
    1668       0.3804
    1669       0.3697
    1670       0.3769
    1671       0.3664
    1672       0.3682
    1673       0.3652
    1674       0.3764
    1675       0.3899
    1676       0.3663
    1677       0.3583
    1678       0.3749
    1679       0.3810
    1680       0.3774
    1681       0.3707
    1682       0.3654
    1683       0.3824
    1684       0.3842
    1685       0.3556
    1686       0.3665
    1687       0.3761
    1688       0.3770
    1689       0.3569
    1690       0.3619
    1691       0.3686
    1692       0.3632
    1693       0.3494
    1694       0.3624
    1695       0.3610
    1696       0.3690
    1697       0.3647
    1698       0.3535
    1699       0.3771
    1700       0.3698
    1701       0.4061
    1702       0.4038
    1703       0.4096
    1704       0.3878
    1705       0.3894
    1706       0.3986
    1707       0.3897
    1708       0.3899
    1709       0.3872
    1710       0.3986
    1711       0.4023
    1712       0.3653
    1713       0.4028
    1714       0.4015
    1715       0.4154
    1716       0.3848
    1717       0.4126
    1718       0.4162
    1719       0.3829
    1720       0.4086
    1721       0.3879
    1722       0.3934
    1723       0.3964
    1724       0.4012
    1725       0.3974
    1726       0.4113
    1727       0.4004
    1728       0.3852
    1729       0.3984
    1730       0.4083
    1731       0.3996
    1732       0.3877
    1733       0.3806
    1734       0.4044
    1735       0.4011
    1736       0.3847
    1737       0.3788
    1738       0.3749
    1739       0.3876
    1740       0.3977
    1741       0.3899
    1742       0.3974
    1743       0.3901
    1744       0.4057
    1745       0.3820
    1746       0.4018
    1747       0.3869
    1748       0.3913
    1749       0.3814
    1750       0.3967
    1751       0.4045
    1752       0.4051
    1753       0.3988
    1754       0.4118
    1755       0.3957
    1756       0.4024
    1757       0.3898
    1758       0.3794
    1759       0.4145
    1760       0.3946
    1761       0.4060
    1762       0.4138
    1763       0.3946
    1764       0.4216
    1765       0.4010
    1766       0.4019
    1767       0.3913
    1768       0.3943
    1769       0.3802
    1770       0.4049
    1771       0.4158
    1772       0.3934
    1773       0.4019
    1774       0.4177
    1775       0.4071
    1776       0.3991
    1777       0.3952
    1778       0.4067
    1779       0.4155
    1780       0.4121
    1781       0.4008
    1782       0.3934
    1783       0.4045
    1784       0.3985
    1785       0.3914
    1786       0.4066
    1787       0.4273
    1788       0.4088
    1789       0.4011
    1790       0.4049
    1791       0.4130
    1792       0.4224
    1793       0.4070
    1794       0.4105
    1795       0.3983
    1796       0.3936
    1797       0.4162
    1798       0.3867
    1799       0.4033
    1800       0.3810
    1801       0.4105
    1802       0.4105
    1803       0.4201
    1804       0.4271
    1805       0.4124
    1806       0.4358
    1807       0.4455
    1808       0.4422
    1809       0.4225
    1810       0.4299
    1811       0.4370
    1812       0.4110
    1813       0.4219
    1814       0.4257
    1815       0.4134
    1816       0.4228
    1817       0.4079
    1818       0.4013
    1819       0.4064
    1820       0.4089
    1821       0.4161
    1822       0.4002
    1823       0.4471
    1824       0.4261
    1825       0.4277
    1826       0.4267
    1827       0.4248
    1828       0.4233
    1829       0.4309
    1830       0.4236
    1831       0.4074
    1832       0.4295
    1833       0.4053
    1834       0.4389
    1835       0.4278
    1836       0.4414
    1837       0.4353
    1838       0.4212
    1839       0.4140
    1840       0.4225
    1841       0.4258
    1842       0.4419
    1843       0.4239
    1844       0.4319
    1845       0.4315
    1846       0.4175
    1847       0.4097
    1848       0.4401
    1849       0.4144
    1850       0.4102
    1851       0.4331
    1852       0.4276
    1853       0.4116
    1854       0.4055
    1855       0.4230
    1856       0.4292
    1857       0.4077
    1858       0.4157
    1859       0.4056
    1860       0.4261
    1861       0.4164
    1862       0.4191
    1863       0.4063
    1864       0.4030
    1865       0.4120
    1866       0.4192
    1867       0.4261
    1868       0.4192
    1869       0.4193
    1870       0.4157
    1871       0.4425
    1872       0.4035
    1873       0.4051
    1874       0.4396
    1875       0.4200
    1876       0.4167
    1877       0.4212
    1878       0.3997
    1879       0.4262
    1880       0.4400
    1881       0.4336
    1882       0.4300
    1883       0.4146
    1884       0.4166
    1885       0.3916
    1886       0.4250
    1887       0.4164
    1888       0.4228
    1889       0.4040
    1890       0.4252
    1891       0.4174
    1892       0.4075
    1893       0.4178
    1894       0.4143
    1895       0.4127
    1896       0.4215
    1897       0.4047
    1898       0.4161
    1899       0.4194
    1900       0.3970
    1901       0.4553
    1902       0.4344
    1903       0.4750
    1904       0.4515
    1905       0.4339
    1906       0.4725
    1907       0.4561
    1908       0.4601
    1909       0.4558
    1910       0.4632
    1911       0.4563
    1912       0.4740
    1913       0.4577
    1914       0.4417
    1915       0.4355
    1916       0.4359
    1917       0.4373
    1918       0.4207
    1919       0.4448
    1920       0.4643
    1921       0.4488
    1922       0.4302
    1923       0.4470
    1924       0.4354
    1925       0.4311
    1926       0.4614
    1927       0.4746
    1928       0.4671
    1929       0.4432
    1930       0.4555
    1931       0.4618
    1932       0.4668
    1933       0.4583
    1934       0.4483
    1935       0.4360
    1936       0.4631
    1937       0.4415
    1938       0.4254
    1939       0.4453
    1940       0.4384
    1941       0.4555
    1942       0.4632
    1943       0.4535
    1944       0.4408
    1945       0.4610
    1946       0.4424
    1947       0.4477
    1948       0.4472
    1949       0.4273
    1950       0.4483
    1951       0.4703
    1952       0.4539
    1953       0.4302
    1954       0.4507
    1955       0.4374
    1956       0.4286
    1957       0.4339
    1958       0.4415
    1959       0.4400
    1960       0.4348
    1961       0.4396
    1962       0.4467
    1963       0.4454
    1964       0.4630
    1965       0.4200
    1966       0.4262
    1967       0.4543
    1968       0.4478
    1969       0.4254
    1970       0.4347
    1971       0.4500
    1972       0.4253
    1973       0.4371
    1974       0.4342
    1975       0.4538
    1976       0.4213
    1977       0.4325
    1978       0.4607
    1979       0.4277
    1980       0.4339
    1981       0.4475
    1982       0.4486
    1983       0.4394
    1984       0.4462
    1985       0.4469
    1986       0.4478
    1987       0.4710
    1988       0.4446
    1989       0.4668
    1990       0.4651
    1991       0.4717
    1992       0.4610
    1993       0.4458
    1994       0.4552
    1995       0.4543
    1996       0.4659
    1997       0.4693
    1998       0.4672
    1999       0.4813
    2000       0.4630
    2001       0.5261
    2002       0.5066
    2003       0.4878
    2004       0.5061
    2005       0.5024
    2006       0.5101
    2007       0.5000
    2008       0.4968
    2009       0.5146
    2010       0.4806
    2011       0.4992
    2012       0.5145
    2013       0.5153
    2014       0.5011
    2015       0.5250
    2016       0.5223
    2017       0.5008
    2018       0.4999
    2019       0.5088
    2020       0.4988
    2021       0.5060
    2022       0.5124
    2023       0.5496
    2024       0.5130
    2025       0.5132
    2026       0.4961
    2027       0.4747
    2028       0.5087
    2029       0.5083
    2030       0.5212
    2031       0.5174
    2032       0.5141
    2033       0.5097
    2034       0.5050
    2035       0.5058
    2036       0.5103
    2037       0.5329
    2038       0.5131
    2039       0.5127
    2040       0.5084
    2041       0.4948
    2042       0.5055
    2043       0.5011
    2044       0.4997
    2045       0.5045
    2046       0.4941
    2047       0.5238
    2048       0.5158
    2049       0.5057
    2050       0.4839
    2051       0.4952
    2052       0.4923
    2053       0.4874
    2054       0.5033
    2055       0.5000
    2056       0.5049
    2057       0.4726
    2058       0.5063
    2059       0.4878
    2060       0.5031
    2061       0.5039
    2062       0.4974
    2063       0.4983
    2064       0.5002
    2065       0.5072
    2066       0.5194
    2067       0.5243
    2068       0.5196
    2069       0.4756
    2070       0.5038
    2071       0.4926
    2072       0.4932
    2073       0.5407
    2074       0.5126
    2075       0.5444
    2076       0.5062
    2077       0.5173
    2078       0.5198
    2079       0.5079
    2080       0.5196
    2081       0.5079
    2082       0.5275
    2083       0.5292
    2084       0.4982
    2085       0.5233
    2086       0.5161
    2087       0.5049
    2088       0.5253
    2089       0.5332
    2090       0.5289
    2091       0.5219
    2092       0.4975
    2093       0.5183
    2094       0.4889
    2095       0.4913
    2096       0.4941
    2097       0.4849
    2098       0.5235
    2099       0.5268
    2100       0.5096
    2101       0.5267
    2102       0.5196
    2103       0.5534
    2104       0.5127
    2105       0.5495
    2106       0.5134
    2107       0.5719
    2108       0.5343
    2109       0.5487
    2110       0.5648
    2111       0.5448
    2112       0.5633
    2113       0.5551
    2114       0.5652
    2115       0.5413
    2116       0.5402
    2117       0.5557
    2118       0.5646
    2119       0.5337
    2120       0.5286
    2121       0.5379
    2122       0.5601
    2123       0.5325
    2124       0.5622
    2125       0.5485
    2126       0.5442
    2127       0.5299
    2128       0.5185
    2129       0.5452
    2130       0.5344
    2131       0.5522
    2132       0.5366
    2133       0.5575
    2134       0.5575
    2135       0.5681
    2136       0.5744
    2137       0.5533
    2138       0.5366
    2139       0.5298
    2140       0.5815
    2141       0.5655
    2142       0.5737
    2143       0.5588
    2144       0.5544
    2145       0.5591
    2146       0.5568
    2147       0.5439
    2148       0.5845
    2149       0.5545
    2150       0.5916
    2151       0.5650
    2152       0.5549
    2153       0.5465
    2154       0.5422
    2155       0.5107
    2156       0.5408
    2157       0.5223
    2158       0.5374
    2159       0.5409
    2160       0.5364
    2161       0.5333
    2162       0.5356
    2163       0.5651
    2164       0.5512
    2165       0.5614
    2166       0.5520
    2167       0.5497
    2168       0.5342
    2169       0.5367
    2170       0.5579
    2171       0.5696
    2172       0.5996
    2173       0.5466
    2174       0.5462
    2175       0.5407
    2176       0.5360
    2177       0.5257
    2178       0.5712
    2179       0.5605
    2180       0.5578
    2181       0.5555
    2182       0.5358
    2183       0.5375
    2184       0.5778
    2185       0.5424
    2186       0.5196
    2187       0.4877
    2188       0.5364
    2189       0.5374
    2190       0.5282
    2191       0.5652
    2192       0.5422
    2193       0.5367
    2194       0.5297
    2195       0.5505
    2196       0.5480
    2197       0.5735
    2198       0.5562
    2199       0.5188
    2200       0.5308
    2201       0.5548
    2202       0.5610
    2203       0.5768
    2204       0.5790
    2205       0.6107
    2206       0.6106
    2207       0.5697
    2208       0.5775
    2209       0.5760
    2210       0.5815
    2211       0.5871
    2212       0.5867
    2213       0.6050
    2214       0.6331
    2215       0.5746
    2216       0.5721
    2217       0.5845
    2218       0.5682
    2219       0.6267
    2220       0.5842
    2221       0.5938
    2222       0.5553
    2223       0.5638
    2224       0.5762
    2225       0.5738
    2226       0.5447
    2227       0.6268
    2228       0.6155
    2229       0.5606
    2230       0.6038
    2231       0.5877
    2232       0.5901
    2233       0.6138
    2234       0.5635
    2235       0.5909
    2236       0.5365
    2237       0.5588
    2238       0.5626
    2239       0.5812
    2240       0.5502
    2241       0.5509
    2242       0.5832
    2243       0.6254
    2244       0.5889
    2245       0.5855
    2246       0.6062
    2247       0.5948
    2248       0.6196
    2249       0.5959
    2250       0.5952
    2251       0.5865
    2252       0.5960
    2253       0.5701
    2254       0.5950
    2255       0.5825
    2256       0.5670
    2257       0.5624
    2258       0.5781
    2259       0.5749
    2260       0.5711
    2261       0.5837
    2262       0.5777
    2263       0.5971
    2264       0.5903
    2265       0.5889
    2266       0.6180
    2267       0.6059
    2268       0.6063
    2269       0.5949
    2270       0.6099
    2271       0.5855
    2272       0.5873
    2273       0.5925
    2274       0.6033
    2275       0.6082
    2276       0.6198
    2277       0.6084
    2278       0.6189
    2279       0.5984
    2280       0.6099
    2281       0.6055
    2282       0.5851
    2283       0.5909
    2284       0.5868
    2285       0.6055
    2286       0.5974
    2287       0.5732
    2288       0.5935
    2289       0.5674
    2290       0.5588
    2291       0.5564
    2292       0.5784
    2293       0.5760
    2294       0.5846
    2295       0.5950
    2296       0.6081
    2297       0.5785
    2298       0.6027
    2299       0.5977
    2300       0.5939
    2301       0.6104
    2302       0.6114
    2303       0.6739
    2304       0.6424
    2305       0.6603
    2306       0.6655
    2307       0.6350
    2308       0.6562
    2309       0.6027
    2310       0.6558
    2311       0.6157
    2312       0.6158
    2313       0.6333
    2314       0.6375
    2315       0.6006
    2316       0.6016
    2317       0.6215
    2318       0.6115
    2319       0.6254
    2320       0.6711
    2321       0.6847
    2322       0.6601
    2323       0.6548
    2324       0.6452
    2325       0.6472
    2326       0.6546
    2327       0.6732
    2328       0.6378
    2329       0.6200
    2330       0.6339
    2331       0.6382
    2332       0.6199
    2333       0.6253
    2334       0.5963
    2335       0.6492
    2336       0.6505
    2337       0.6908
    2338       0.6681
    2339       0.6542
    2340       0.6943
    2341       0.6499
    2342       0.6281
    2343       0.6595
    2344       0.6773
    2345       0.6553
    2346       0.6456
    2347       0.6427
    2348       0.6520
    2349       0.6689
    2350       0.6750
    2351       0.6607
    2352       0.6368
    2353       0.6573
    2354       0.6562
    2355       0.6351
    2356       0.6431
    2357       0.6829
    2358       0.6639
    2359       0.6517
    2360       0.6508
    2361       0.6114
    2362       0.6417
    2363       0.6499
    2364       0.6706
    2365       0.6606
    2366       0.6156
    2367       0.6291
    2368       0.6413
    2369       0.6758
    2370       0.6417
    2371       0.6117
    2372       0.6246
    2373       0.6432
    2374       0.6457
    2375       0.6280
    2376       0.6716
    2377       0.6659
    2378       0.6549
    2379       0.6494
    2380       0.7139
    2381       0.6552
    2382       0.6542
    2383       0.6477
    2384       0.6438
    2385       0.6674
    2386       0.6604
    2387       0.6950
    2388       0.6302
    2389       0.6510
    2390       0.6559
    2391       0.6505
    2392       0.6537
    2393       0.6557
    2394       0.6968
    2395       0.6591
    2396       0.6394
    2397       0.6444
    2398       0.6202
    2399       0.6221
    2400       0.6260
    2401       0.6903
    2402       0.6719
    2403       0.6914
    2404       0.7231
    2405       0.7031
    2406       0.7624
    2407       0.7225
    2408       0.7023
    2409       0.6838
    2410       0.6842
    2411       0.6694
    2412       0.6532
    2413       0.6894
    2414       0.6506
    2415       0.6837
    2416       0.6714
    2417       0.6608
    2418       0.6774
    2419       0.6660
    2420       0.6818
    2421       0.7352
    2422       0.7485
    2423       0.7167
    2424       0.7262
    2425       0.6819
    2426       0.6648
    2427       0.7020
    2428       0.6991
    2429       0.6883
    2430       0.6928
    2431       0.6633
    2432       0.6538
    2433       0.6459
    2434       0.7032
    2435       0.6793
    2436       0.7116
    2437       0.6989
    2438       0.6811
    2439       0.7085
    2440       0.6639
    2441       0.6953
    2442       0.6848
    2443       0.7192
    2444       0.6914
    2445       0.6972
    2446       0.7285
    2447       0.6868
    2448       0.7116
    2449       0.6755
    2450       0.7044
    2451       0.7227
    2452       0.7551
    2453       0.7721
    2454       0.7132
    2455       0.6665
    2456       0.7117
    2457       0.7035
    2458       0.7317
    2459       0.7545
    2460       0.7431
    2461       0.7047
    2462       0.7420
    2463       0.7316
    2464       0.7064
    2465       0.7064
    2466       0.7039
    2467       0.7028
    2468       0.7051
    2469       0.6991
    2470       0.7038
    2471       0.6868
    2472       0.6864
    2473       0.6949
    2474       0.6827
    2475       0.7295
    2476       0.6950
    2477       0.6654
    2478       0.6964
    2479       0.6817
    2480       0.7346
    2481       0.7384
    2482       0.7289
    2483       0.7055
    2484       0.7085
    2485       0.6934
    2486       0.6844
    2487       0.6948
    2488       0.6932
    2489       0.7293
    2490       0.6821
    2491       0.6958
    2492       0.6751
    2493       0.6912
    2494       0.7303
    2495       0.7088
    2496       0.6658
    2497       0.6757
    2498       0.6489
    2499       0.6307
    2500       0.6611
    2501       0.6941
    2502       0.6752
    2503       0.7053
    2504       0.7535
    2505       0.7320
    2506       0.7288
    2507       0.7029
    2508       0.6904
    2509       0.7198
    2510       0.7171
    2511       0.7383
    2512       0.7368
    2513       0.7388
    2514       0.7038
    2515       0.7138
    2516       0.6956
    2517       0.7017
    2518       0.6852
    2519       0.6815
    2520       0.7295
    2521       0.7050
    2522       0.7616
    2523       0.7286
    2524       0.7114
    2525       0.7251
    2526       0.7432
    2527       0.7054
    2528       0.7191
    2529       0.7449
    2530       0.7169
    2531       0.7270
    2532       0.7223
    2533       0.7425
    2534       0.7267
    2535       0.7420
    2536       0.7653
    2537       0.7631
    2538       0.8132
    2539       0.7565
    2540       0.7410
    2541       0.7513
    2542       0.7155
    2543       0.7111
    2544       0.7120
    2545       0.7192
    2546       0.7381
    2547       0.7167
    2548       0.7054
    2549       0.7570
    2550       0.7120
    2551       0.6829
    2552       0.7049
    2553       0.6980
    2554       0.6973
    2555       0.7155
    2556       0.7086
    2557       0.7053
    2558       0.7328
    2559       0.7301
    2560       0.7533
    2561       0.7492
    2562       0.7675
    2563       0.7729
    2564       0.7760
    2565       0.7833
    2566       0.7852
    2567       0.7882
    2568       0.7299
    2569       0.7455
    2570       0.7962
    2571       0.8215
    2572       0.7855
    2573       0.7931
    2574       0.7844
    2575       0.7961
    2576       0.7864
    2577       0.7985
    2578       0.7707
    2579       0.8058
    2580       0.7692
    2581       0.7725
    2582       0.7997
    2583       0.7602
    2584       0.7287
    2585       0.7912
    2586       0.7598
    2587       0.7741
    2588       0.7745
    2589       0.7753
    2590       0.7794
    2591       0.8062
    2592       0.7794
    2593       0.7744
    2594       0.7910
    2595       0.7996
    2596       0.7443
    2597       0.7557
    2598       0.7720
    2599       0.7495
    2600       0.7385
    2601       0.8169
    2602       0.7781
    2603       0.7835
    2604       0.7687
    2605       0.8292
    2606       0.7937
    2607       0.8063
    2608       0.8269
    2609       0.7771
    2610       0.8294
    2611       0.8538
    2612       0.8507
    2613       0.8312
    2614       0.8224
    2615       0.8551
    2616       0.8471
    2617       0.8401
    2618       0.8479
    2619       0.8677
    2620       0.8661
    2621       0.8883
    2622       0.8670
    2623       0.8324
    2624       0.8395
    2625       0.8779
    2626       0.8873
    2627       0.8659
    2628       0.8843
    2629       0.9100
    2630       0.8809
    2631       0.8507
    2632       0.9560
    2633       0.9215
    2634       0.9145
    2635       0.9669
    2636       0.9437
    2637       0.9254
    2638       0.8908
    2639       0.9101
    2640       0.9329
    2641       0.9434
    2642       0.9402
    2643       0.9564
    2644       0.9321
    2645       1.0060
    2646       0.9454
    2647       0.9992
    2648       0.9969
    2649       0.9966
    2650       1.0145
    2651       0.9984
    2652       1.0479
    2653       1.0320
    2654       0.9868
    2655       0.9880
    2656       1.0077
    2657       1.0011
    2658       1.0606
    2659       1.0387
    2660       1.0328
    2661       1.0075
    2662       1.0030
    2663       1.0465
    2664       1.0603
    2665       1.0205
    2666       1.0412
    2667       1.0998
    2668       1.0442
    2669       1.0301
    2670       1.0865
    2671       1.0455
    2672       1.1049
    2673       1.0734
    2674       1.0918
    2675       1.0660
    2676       1.0427
    2677       1.0398
    2678       1.0580
    2679       1.0362
    2680       1.0742
    2681       1.0870
    2682       1.0814
    2683       1.1209
    2684       1.0977
    2685       1.1276
    2686       1.1763
    2687       1.0893
    2688       1.0986
    2689       1.1077
    2690       1.1202
    2691       1.1296
    2692       1.1028
    2693       1.0619
    2694       1.0944
    2695       1.1215
    2696       1.0769
    2697       1.1161
    2698       1.0845
    2699       1.0315
    2700       0.9887
    2701       1.0315
    2702       1.0246
    2703       1.0777
    2704       1.0371
    2705       1.0380
    2706       0.9903
    2707       0.9741
    2708       0.9655
    2709       0.9783
    2710       1.0309
    2711       1.0205
    2712       1.0193
    2713       1.0237
    2714       1.0318
    2715       1.1060
    2716       1.0950
    2717       1.0248
    2718       0.9977
    2719       0.9690
    2720       0.9755
    2721       1.0007
    2722       0.9517
    2723       0.9561
    2724       0.9914
    2725       0.9762
    2726       1.0308
    2727       1.0473
    2728       1.0946
    2729       1.1278
    2730       1.0882
    2731       1.1215
    2732       1.1658
    2733       1.1482
    2734       1.0809
    2735       1.0727
    2736       1.1139
    2737       1.1466
    2738       1.1735
    2739       1.1657
    2740       1.1432
    2741       1.1499
    2742       1.1320
    2743       1.1493
    2744       1.1775
    2745       1.1649
    2746       1.1990
    2747       1.2530
    2748       1.2470
    2749       1.2635
    2750       1.2289
    2751       1.2586
    2752       1.2909
    2753       1.3159
    2754       1.2395
    2755       1.2683
    2756       1.2858
    2757       1.2560
    2758       1.2343
    2759       1.2595
    2760       1.3185
    2761       1.3098
    2762       1.2503
    2763       1.2474
    2764       1.2352
    2765       1.2446
    2766       1.3055
    2767       1.2542
    2768       1.2060
    2769       1.1620
    2770       1.1568
    2771       1.1935
    2772       1.1768
    2773       1.1498
    2774       1.1508
    2775       1.0977
    2776       1.1001
    2777       1.1373
    2778       1.1658
    2779       1.1891
    2780       1.2054
    2781       1.2241
    2782       1.2580
    2783       1.2742
    2784       1.2365
    2785       1.2577
    2786       1.2490
    2787       1.2949
    2788       1.2473
    2789       1.2222
    2790       1.2412
    2791       1.1763
    2792       1.2122
    2793       1.1871
    2794       1.2063
    2795       1.2110
    2796       1.1476
    2797       1.1381
    2798       1.1309
    2799       1.0955
    2800       1.1509
    2801       1.1860
    2802       1.1370
    2803       1.1402
    2804       1.1861
    2805       1.1602
    2806       1.2366
    2807       1.2434
    2808       1.2345
    2809       1.2314
    2810       1.2099
    2811       1.2318
    2812       1.2761
    2813       1.2602
    2814       1.2635
    2815       1.2578
    2816       1.2323
    2817       1.1959
    2818       1.2844
    2819       1.3057
    2820       1.2684
    2821       1.2666
    2822       1.2950
    2823       1.2916
    2824       1.2672
    2825       1.3273
    2826       1.3277
    2827       1.2995
    2828       1.2924
    2829       1.3155
    2830       1.3936
    2831       1.3545
    2832       1.3454
    2833       1.3413
    2834       1.3252
    2835       1.3089
    2836       1.2852
    2837       1.2726
    2838       1.2955
    2839       1.2690
    2840       1.2553
    2841       1.2493
    2842       1.2320
    2843       1.2172
    2844       1.2338
    2845       1.2817
    2846       1.2549
    2847       1.2674
    2848       1.2741
    2849       1.2378
    2850       1.2293
    2851       1.1625
    2852       1.1986
    2853       1.1768
    2854       1.1653
    2855       1.1653
    2856       1.2160
    2857       1.2111
    2858       1.1515
    2859       1.1377
    2860       1.1825
    2861       1.1614
    2862       1.1817
    2863       1.1715
    2864       1.2169
    2865       1.2178
    2866       1.1519
    2867       1.1420
    2868       1.1632
    2869       1.2035
    2870       1.2295
    2871       1.2741
    2872       1.3014
    2873       1.2588
    2874       1.2736
    2875       1.2528
    2876       1.3000
    2877       1.2524
    2878       1.2447
    2879       1.2423
    2880       1.2487
    2881       1.2090
    2882       1.2303
    2883       1.1817
    2884       1.1637
    2885       1.1804
    2886       1.2429
    2887       1.2264
    2888       1.2034
    2889       1.1745
    2890       1.2026
    2891       1.2293
    2892       1.2595
    2893       1.2251
    2894       1.2485
    2895       1.2843
    2896       1.3023
    2897       1.2700
    2898       1.3331
    2899       1.3163
    2900       1.3047
    2901       1.2010
    2902       1.2743
    2903       1.2182
    2904       1.3458
    2905       1.5506
    2906       1.4729
    2907       1.3927
    2908       1.3826
    2909       1.4306
    2910       1.4666
    2911       1.3402
    2912       1.2856
    2913       1.2893
    2914       1.3821
    2915       1.4775
    2916       1.4650
    2917       1.3862
    2918       1.3651
    2919       1.5920
    2920       1.6487
    2921       1.5099
    2922       1.5496
    2923       1.4893
    2924       1.5068
    2925       1.2361
    2926       1.1527
    2927       1.2459
    2928       1.4036
    2929       1.4824
    2930       1.5320
    2931       1.7089
    2932       1.6325
    2933       1.6551
    2934       1.7384
    2935       1.6647
    2936       1.6819
    2937       1.6329
    2938       1.4735
    2939       1.4773
    2940       1.4971
    2941       1.5678
    2942       1.6138
    2943       1.5240
    2944       1.4048
    2945       1.4651
    2946       1.4161
    2947       1.4509
    2948       1.3472
    2949       1.3069
    2950       1.4311
    2951       1.4202
    2952       1.4015
    2953       1.3478
    2954       1.3139
    2955       1.2512
    2956       1.2994
    2957       1.3765
    2958       1.2602
    2959       1.3012
    2960       1.4259
    2961       1.4401
    2962       1.5733
    2963       1.5625
    2964       1.6894
    2965       1.5439
    2966       1.6677
    2967       1.7210
    2968       1.6340
    2969       1.4200
    2970       1.4580
    2971       1.3926
    2972       1.3426
    2973       1.4019
    2974       1.3926
    2975       1.3800
    2976       1.4079
    2977       1.4211
    2978       1.4171
    2979       1.3470
    2980       1.3265
    2981       1.2828
    2982       1.1701
    2983       1.3249
    2984       1.3603
    2985       1.2781
    2986       1.2166
    2987       1.2646
    2988       1.1992
    2989       1.2732
    2990       1.2697
    2991       1.1333
    2992       1.1347
    2993       1.2279
    2994       1.2916
    2995       1.2844
    2996       1.1717
    2997       1.2094
    2998       1.1973
    2999       1.1700
    3000       1.1621
    3001       1.1090
    3002       1.2891
    3003       1.2904
    3004       1.3139
    3005       1.2365
    3006       1.1486
    3007       1.1790
    3008       1.2295
    3009       1.2264
    3010       1.3176
    3011       1.1483
    3012       1.2360
    3013       1.2108
    3014       1.1596
    3015       1.1590
    3016       1.1835
    3017       1.1996
    3018       1.2782
    3019       1.2396
    3020       1.2482
    3021       1.3728
    3022       1.3109
    3023       1.4446
    3024       1.5426
    3025       1.6079
    3026       1.6203
    3027       1.6166
    3028       1.5923
    3029       1.4125
    3030       1.4681
    3031       1.3454
    3032       1.2976
    3033       1.1834
    3034       1.3255
    3035       1.4149
    3036       1.3465
    3037       1.4084
    3038       1.4299
    3039       1.3311
    3040       1.4220
    3041       1.3133
    3042       1.2794
    3043       1.3394
    3044       1.3953
    3045       1.3569
    3046       1.4015
    3047       1.4484
    3048       1.4030
    3049       1.3679
    3050       1.4838
    3051       1.3887
    3052       1.4736
    3053       1.4830
    3054       1.3238
    3055       1.2390
    3056       1.3842
    3057       1.3318
    3058       1.3056
    3059       1.3585
    3060       1.4332
    3061       1.3609
    3062       1.3513
    3063       1.3455
    3064       1.3193
    3065       1.3110
    3066       1.2930
    3067       1.2801
    3068       1.3934
    3069       1.4490
    3070       1.5407
    3071       1.5892
    3072       1.5085
    3073       1.4955
    3074       1.4843
    3075       1.4431
    3076       1.4300
    3077       1.2915
    3078       1.4729
    3079       1.4936
    3080       1.5252
    3081       1.5003
    3082       1.6228
    3083       1.5615
    3084       1.4261
    3085       1.4860
    3086       1.5725
    3087       1.4628
    3088       1.5099
    3089       1.5760
    3090       1.6909
    3091       1.6532
    3092       1.6233
    3093       1.5981
    3094       1.6308
    3095       1.7746
    3096       1.7852
