       0.000           0.0000
       1.000         585.2205
       2.000        1173.3888
       3.000        1768.7030
       4.000        2403.9534
       5.000        2992.8518
       6.000        3604.8845
       7.000        4250.9761
       8.000        4785.4922
       9.000        5422.9824
      10.000        5990.5298
      11.000        6614.0757
      12.000        7174.2012
      13.000        7871.2671
      14.000        8399.8018
      15.000        9053.8047
      16.000        9591.2969
      17.000       10299.7051
      18.000       10896.7412
      19.000       11425.5645
      20.000       12236.3037
      21.000       12297.3486
      22.000       12691.0928
      23.000       13017.3115
      24.000       13404.5322
      25.000       13674.4141
      26.000       14066.0781
      27.000       14270.5752
      28.000       14555.7510
      29.000       14999.5547
      30.000       15236.4883
      31.000       15427.8125
      32.000       15578.9951
      33.000       15974.6357
      34.000       16257.2451
      35.000       16837.4512
      36.000       16810.4531
      37.000       17255.8652
      38.000       17673.2598
      39.000       18051.3965
      40.000       18082.4668
      41.000       18196.2305
      42.000       18206.9043
      43.000       18221.1387
      44.000       18242.4043
      45.000       18323.2168
      46.000       18337.6035
      47.000       18089.1152
      48.000       18274.0508
      49.000       18196.7090
      50.000       18243.0801
      51.000       18329.3828
      52.000       18280.5488
      53.000       18051.2637
      54.000       18187.5977
      55.000       18258.3965
      56.000       18303.8984
      57.000       18265.6035
      58.000       18179.9961
      59.000       18317.3594
      60.000       18133.4785
      61.000       18366.0352
      62.000       18187.6094
      63.000       18147.1172
      64.000       18207.8359
      65.000       18084.4551
      66.000       18215.8730
      67.000       18187.5195
      68.000       18272.3223
      69.000       18118.0879
      70.000       18181.6777
      71.000       18077.7578
      72.000       18183.4648
      73.000       18160.3730
      74.000       18288.0156
      75.000       17930.4316
      76.000       18281.0312
      77.000       18105.9297
      78.000       18169.3574
      79.000       18240.8770
      80.000       18079.9141
      81.000       18233.2969
      82.000       18305.1035
      83.000       18293.5469
      84.000       18280.9375
      85.000       18142.0625
      86.000       18298.8281
      87.000       18322.6367
      88.000       18179.6309
      89.000       18252.9258
      90.000       18308.9004
      91.000       18204.4785
      92.000       18309.8945
      93.000       18160.8652
      94.000       18232.2148
      95.000       18144.6797
      96.000       18424.1328
      97.000       18097.9629
      98.000       18162.7695
      99.000       18266.6035
     100.000       18132.6582
     101.000       18293.7637
     102.000       18171.5723
     103.000       18257.2637
     104.000       18161.0723
     105.000       18213.2207
     106.000       18080.1836
     107.000       18129.0020
     108.000       18397.2734
     109.000       18295.2773
     110.000       18359.7305
     111.000       18255.8711
     112.000       18159.0547
     113.000       18126.3398
     114.000       18347.7285
     115.000       18196.5488
     116.000       18559.4277
     117.000       18246.3906
     118.000       18310.9668
     119.000       18189.9258
     120.000       18224.7715
     121.000       18227.6973
     122.000       17954.4316
     123.000       18366.9492
     124.000       18324.6543
     125.000       18148.3066
     126.000       18463.2500
     127.000       18271.9297
     128.000       18308.5840
     129.000       18348.3965
     130.000       18261.1055
     131.000       18254.4277
     132.000       18395.5234
     133.000       18306.0215
     134.000       18427.3320
     135.000       18023.8633
     136.000       18330.1094
     137.000       18054.0645
     138.000       18316.5410
     139.000       18224.5566
     140.000       18270.5078
