       0.000     -124305.4076
       1.000     -108877.5839
       2.000     -108946.0647
       3.000     -108737.1595
       4.000     -108373.8103
       5.000     -108042.5135
       6.000     -107610.9299
       7.000     -107107.9980
       8.000     -106645.9099
       9.000     -106202.5355
      10.000     -105645.0580
      11.000     -105170.0732
      12.000     -104567.6369
      13.000     -103986.3239
      14.000     -103491.7565
      15.000     -102890.3048
      16.000     -102252.3679
      17.000     -101512.1011
      18.000     -100727.0110
      19.000     -100052.4823
      20.000      -99321.7288
      21.000      -98662.8434
      22.000      -98214.9084
      23.000      -97927.7840
      24.000      -97409.9657
      25.000      -96857.8418
      26.000      -96254.8229
      27.000      -95696.8868
      28.000      -95037.9203
      29.000      -94548.4135
      30.000      -93854.9178
      31.000      -93016.7669
      32.000      -92391.9304
      33.000      -91634.0773
      34.000      -90977.6948
      35.000      -90072.3039
      36.000      -89515.8416
      37.000      -89125.2446
      38.000      -88441.4394
      39.000      -87839.6569
      40.000      -86818.5164
      41.000      -86879.4880
      42.000      -86722.5766
      43.000      -86834.4393
      44.000      -86635.2276
      45.000      -86970.6600
      46.000      -87056.1225
      47.000      -86442.4436
      48.000      -86898.7668
      49.000      -87049.5794
      50.000      -87059.7835
      51.000      -86663.5896
      52.000      -86921.8545
      53.000      -87048.4290
      54.000      -86613.6658
      55.000      -86946.0789
      56.000      -86760.5751
      57.000      -86902.6337
      58.000      -86590.0080
      59.000      -86774.0439
      60.000      -86885.5387
      61.000      -86946.2114
      62.000      -86796.4802
      63.000      -87149.3796
      64.000      -87044.7480
      65.000      -86989.3835
      66.000      -86994.7784
      67.000      -86658.6720
      68.000      -87010.5545
      69.000      -86964.1628
      70.000      -86784.3030
      71.000      -86849.2487
      72.000      -86677.1264
      73.000      -86774.0903
      74.000      -87094.2772
      75.000      -86985.2005
      76.000      -87166.4964
      77.000      -87180.7419
      78.000      -87180.2547
      79.000      -86905.8410
      80.000      -86982.8416
      81.000      -86871.0207
      82.000      -86717.0461
      83.000      -87183.8124
      84.000      -87022.1423
      85.000      -87097.9066
      86.000      -87011.5420
      87.000      -86847.4027
      88.000      -87052.4729
      89.000      -86675.9675
      90.000      -86905.5713
      91.000      -86919.5639
      92.000      -86814.6408
      93.000      -87071.6461
      94.000      -86677.9368
      95.000      -86855.0782
      96.000      -86848.6726
      97.000      -86826.1040
      98.000      -87041.7621
      99.000      -87120.0833
     100.000      -86928.1608
     101.000      -86912.8689
     102.000      -86967.8635
     103.000      -87045.8123
     104.000      -86923.9872
     105.000      -86658.5991
     106.000      -86992.2287
     107.000      -87117.5943
     108.000      -86998.4432
     109.000      -86867.8898
     110.000      -87157.4312
     111.000      -87406.1843
     112.000      -87232.8762
     113.000      -87001.2696
     114.000      -86883.9073
     115.000      -87132.6050
     116.000      -87033.3107
     117.000      -87156.5807
     118.000      -87453.0110
     119.000      -87067.0371
     120.000      -86961.5247
     121.000      -87191.2638
     122.000      -87020.1714
     123.000      -87182.8444
     124.000      -87086.1020
     125.000      -87058.0355
     126.000      -87285.2270
     127.000      -87082.1112
     128.000      -87371.3205
     129.000      -86935.2203
     130.000      -87081.8376
     131.000      -87146.9274
     132.000      -87337.1685
     133.000      -87545.0235
     134.000      -87265.7914
     135.000      -87309.4781
     136.000      -87456.4312
     137.000      -87399.1859
     138.000      -87149.1956
     139.000      -87188.1627
     140.000      -87214.8689
