       0.000     -124305.4076
       1.000     -108292.3635
       2.000     -107772.6759
       3.000     -106968.4565
       4.000     -105969.8569
       5.000     -105049.6617
       6.000     -104006.0453
       7.000     -102857.0219
       8.000     -101860.4178
       9.000     -100779.5530
      10.000      -99654.5282
      11.000      -98555.9975
      12.000      -97393.4357
      13.000      -96115.0568
      14.000      -95091.9547
      15.000      -93836.5001
      16.000      -92661.0710
      17.000      -91212.3961
      18.000      -89830.2698
      19.000      -88626.9178
      20.000      -87085.4251
      21.000      -86365.4947
      22.000      -85523.8157
      23.000      -84910.4725
      24.000      -84005.4335
      25.000      -83183.4277
      26.000      -82188.7448
      27.000      -81426.3116
      28.000      -80482.1693
      29.000      -79548.8588
      30.000      -78618.4295
      31.000      -77588.9544
      32.000      -76812.9353
      33.000      -75659.4415
      34.000      -74720.4497
      35.000      -73234.8528
      36.000      -72705.3885
      37.000      -71869.3794
      38.000      -70768.1796
      39.000      -69788.2604
      40.000      -68736.0496
      41.000      -68683.2576
      42.000      -68515.6723
      43.000      -68613.3006
      44.000      -68392.8234
      45.000      -68647.4432
      46.000      -68718.5190
      47.000      -68353.3283
      48.000      -68624.7160
      49.000      -68852.8704
      50.000      -68816.7034
      51.000      -68334.2068
      52.000      -68641.3056
      53.000      -68997.1653
      54.000      -68426.0681
      55.000      -68687.6825
      56.000      -68456.6767
      57.000      -68637.0302
      58.000      -68410.0119
      59.000      -68456.6845
      60.000      -68752.0602
      61.000      -68580.1763
      62.000      -68608.8708
      63.000      -69002.2624
      64.000      -68836.9121
      65.000      -68904.9284
      66.000      -68778.9053
      67.000      -68471.1525
      68.000      -68738.2322
      69.000      -68846.0749
      70.000      -68602.6253
      71.000      -68771.4909
      72.000      -68493.6615
      73.000      -68613.7173
      74.000      -68806.2615
      75.000      -69054.7688
      76.000      -68885.4652
      77.000      -69074.8123
      78.000      -69010.8973
      79.000      -68664.9640
      80.000      -68902.9275
      81.000      -68637.7238
      82.000      -68411.9426
      83.000      -68890.2655
      84.000      -68741.2048
      85.000      -68955.8441
      86.000      -68712.7138
      87.000      -68524.7659
      88.000      -68872.8421
      89.000      -68423.0418
      90.000      -68596.6709
      91.000      -68715.0853
      92.000      -68504.7463
      93.000      -68910.7809
      94.000      -68445.7219
      95.000      -68710.3986
      96.000      -68424.5398
      97.000      -68728.1411
      98.000      -68878.9926
      99.000      -68853.4798
     100.000      -68795.5026
     101.000      -68619.1052
     102.000      -68796.2912
     103.000      -68788.5486
     104.000      -68762.9149
     105.000      -68445.3784
     106.000      -68912.0451
     107.000      -68988.5923
     108.000      -68601.1698
     109.000      -68572.6125
     110.000      -68797.7007
     111.000      -69150.3133
     112.000      -69073.8215
     113.000      -68874.9298
     114.000      -68536.1788
     115.000      -68936.0562
     116.000      -68473.8829
     117.000      -68910.1901
     118.000      -69142.0442
     119.000      -68877.1113
     120.000      -68736.7532
     121.000      -68963.5665
     122.000      -69065.7398
     123.000      -68815.8952
     124.000      -68761.4477
     125.000      -68909.7288
     126.000      -68821.9770
     127.000      -68810.1815
     128.000      -69062.7366
     129.000      -68586.8238
     130.000      -68820.7321
     131.000      -68892.4997
     132.000      -68941.6451
     133.000      -69239.0020
     134.000      -68838.4594
     135.000      -69285.6148
     136.000      -69126.3219
     137.000      -69345.1215
     138.000      -68832.6545
     139.000      -68963.6061
     140.000      -68944.3610
