       0.000       0.00
       1.000       9.63
       2.000      19.30
       3.000      29.10
       4.000      39.55
       5.000      49.24
       6.000      59.31
       7.000      69.94
       8.000      78.73
       9.000      89.22
      10.000      98.55
      11.000     108.81
      12.000     118.03
      13.000     129.50
      14.000     138.19
      15.000     148.95
      16.000     157.79
      17.000     169.45
      18.000     179.27
      19.000     187.97
      20.000     201.31
      21.000     202.31
      22.000     208.79
      23.000     214.16
      24.000     220.53
      25.000     224.97
      26.000     231.41
      27.000     234.77
      28.000     239.47
      29.000     246.77
      30.000     250.67
      31.000     253.81
      32.000     256.30
      33.000     262.81
      34.000     267.46
      35.000     277.00
      36.000     276.56
      37.000     283.89
      38.000     290.75
      39.000     296.98
      40.000     297.49
      41.000     299.36
      42.000     299.53
      43.000     299.77
      44.000     300.12
      45.000     301.45
      46.000     301.68
      47.000     297.60
      48.000     300.64
      49.000     299.37
      50.000     300.13
      51.000     301.55
      52.000     300.74
      53.000     296.97
      54.000     299.22
      55.000     300.38
      56.000     301.13
      57.000     300.50
      58.000     299.09
      59.000     301.35
      60.000     298.33
      61.000     302.15
      62.000     299.22
      63.000     298.55
      64.000     299.55
      65.000     297.52
      66.000     299.68
      67.000     299.21
      68.000     300.61
      69.000     298.07
      70.000     299.12
      71.000     297.41
      72.000     299.15
      73.000     298.77
      74.000     300.87
      75.000     294.98
      76.000     300.75
      77.000     297.87
      78.000     298.92
      79.000     300.09
      80.000     297.44
      81.000     299.97
      82.000     301.15
      83.000     300.96
      84.000     300.75
      85.000     298.47
      86.000     301.05
      87.000     301.44
      88.000     299.08
      89.000     300.29
      90.000     301.21
      91.000     299.49
      92.000     301.23
      93.000     298.78
      94.000     299.95
      95.000     298.51
      96.000     303.11
      97.000     297.74
      98.000     298.81
      99.000     300.52
     100.000     298.31
     101.000     300.96
     102.000     298.95
     103.000     300.36
     104.000     298.78
     105.000     299.64
     106.000     297.45
     107.000     298.25
     108.000     302.67
     109.000     300.99
     110.000     302.05
     111.000     300.34
     112.000     298.75
     113.000     298.21
     114.000     301.85
     115.000     299.36
     116.000     305.33
     117.000     300.18
     118.000     301.25
     119.000     299.25
     120.000     299.83
     121.000     299.88
     122.000     295.38
     123.000     302.17
     124.000     301.47
     125.000     298.57
     126.000     303.75
     127.000     300.60
     128.000     301.21
     129.000     301.86
     130.000     300.43
     131.000     300.32
     132.000     302.64
     133.000     301.16
     134.000     303.16
     135.000     296.52
     136.000     301.56
     137.000     297.02
     138.000     301.34
     139.000     299.82
     140.000     300.58
