#Frame           RMSD
       1       0.0000
       2       0.1307
       3       0.1498
       4       0.1803
       5       0.1930
       6       0.1990
       7       0.2033
       8       0.2116
       9       0.2094
      10       0.2210
      11       0.2251
      12       0.2294
      13       0.2291
      14       0.2292
      15       0.2296
      16       0.2463
      17       0.2415
      18       0.2464
      19       0.2501
      20       0.2539
      21       0.2467
      22       0.2496
      23       0.2531
      24       0.2517
      25       0.2687
      26       0.2656
      27       0.2718
      28       0.2662
      29       0.2663
      30       0.2669
      31       0.2709
      32       0.2825
      33       0.2795
      34       0.2740
      35       0.2683
      36       0.2813
      37       0.2831
      38       0.2829
      39       0.2858
      40       0.2940
      41       0.2984
      42       0.2940
      43       0.2971
      44       0.2902
      45       0.2874
      46       0.2952
      47       0.2865
      48       0.2989
      49       0.3062
      50       0.3008
      51       0.3081
      52       0.3027
      53       0.3085
      54       0.3109
      55       0.3101
      56       0.3009
      57       0.3085
      58       0.3020
      59       0.3141
      60       0.3192
      61       0.3121
      62       0.3040
      63       0.3080
      64       0.3148
      65       0.3182
      66       0.3173
      67       0.3143
      68       0.3144
      69       0.3153
      70       0.3175
      71       0.3234
      72       0.3174
      73       0.3273
      74       0.3272
      75       0.3170
      76       0.3189
      77       0.3161
      78       0.3090
      79       0.3109
      80       0.3189
      81       0.3100
      82       0.3160
      83       0.3225
      84       0.3167
      85       0.3292
      86       0.3237
      87       0.3154
      88       0.3205
      89       0.3114
      90       0.3192
      91       0.3142
      92       0.3115
      93       0.3062
      94       0.3095
      95       0.3120
      96       0.3185
      97       0.3070
      98       0.3090
      99       0.3159
     100       0.3077
     101       0.3162
     102       0.3163
     103       0.3294
     104       0.3355
     105       0.3291
     106       0.3247
     107       0.3220
     108       0.3171
     109       0.3180
     110       0.3124
     111       0.3157
     112       0.3163
     113       0.3091
     114       0.3264
     115       0.3246
     116       0.3211
     117       0.3243
     118       0.3079
     119       0.3283
     120       0.3118
     121       0.3323
     122       0.3130
     123       0.3210
     124       0.3238
     125       0.3235
     126       0.3191
     127       0.3248
     128       0.3230
     129       0.3179
     130       0.3253
     131       0.3239
     132       0.3179
     133       0.3178
     134       0.3150
     135       0.3233
     136       0.3095
     137       0.3157
     138       0.3121
     139       0.3213
     140       0.3201
     141       0.3204
     142       0.3274
     143       0.3298
     144       0.3246
     145       0.3220
     146       0.3108
     147       0.3101
     148       0.3148
     149       0.3236
     150       0.3134
     151       0.3187
     152       0.3224
     153       0.3239
     154       0.3199
     155       0.3144
     156       0.3057
     157       0.3151
     158       0.3103
     159       0.3207
     160       0.3200
     161       0.3217
     162       0.3271
     163       0.3284
     164       0.3257
     165       0.3373
     166       0.3296
     167       0.3288
     168       0.3252
     169       0.3304
     170       0.3265
     171       0.3336
     172       0.3297
     173       0.3286
     174       0.3128
     175       0.3267
     176       0.3272
     177       0.3338
     178       0.3243
     179       0.3305
     180       0.3178
     181       0.3215
     182       0.3245
     183       0.3100
     184       0.3190
     185       0.3193
     186       0.3213
     187       0.3112
     188       0.3211
     189       0.3288
     190       0.3235
     191       0.3284
     192       0.3201
     193       0.3254
     194       0.3295
     195       0.3406
     196       0.3235
     197       0.3322
     198       0.3264
     199       0.3280
     200       0.3326
     201       0.3288
     202       0.3185
     203       0.3398
     204       0.3251
     205       0.3215
     206       0.3254
     207       0.3297
     208       0.3285
     209       0.3281
     210       0.3178
     211       0.3298
     212       0.3395
     213       0.3281
     214       0.3268
     215       0.3276
     216       0.3272
     217       0.3330
     218       0.3279
     219       0.3262
     220       0.3225
     221       0.3097
     222       0.3211
     223       0.3234
     224       0.3215
     225       0.3180
     226       0.3283
     227       0.3221
     228       0.3309
     229       0.3256
     230       0.3293
     231       0.3183
     232       0.3175
     233       0.3249
     234       0.3166
     235       0.3148
     236       0.3215
     237       0.3224
     238       0.3274
     239       0.3118
     240       0.3122
     241       0.3230
     242       0.3341
     243       0.3301
     244       0.3341
     245       0.3342
     246       0.3325
     247       0.3230
     248       0.3302
     249       0.3260
     250       0.3302
     251       0.3293
     252       0.3322
     253       0.3322
     254       0.3336
     255       0.3374
     256       0.3364
     257       0.3406
     258       0.3382
     259       0.3315
     260       0.3288
     261       0.3213
     262       0.3310
     263       0.3268
     264       0.3228
     265       0.3210
     266       0.3208
     267       0.3183
     268       0.3270
     269       0.3215
     270       0.3199
     271       0.3223
     272       0.3200
     273       0.3246
     274       0.3245
     275       0.3227
     276       0.3291
     277       0.3351
     278       0.3196
     279       0.3170
     280       0.3178
     281       0.3217
     282       0.3268
     283       0.3339
     284       0.3233
     285       0.3323
     286       0.3272
     287       0.3231
     288       0.3244
     289       0.3281
     290       0.3197
     291       0.3199
     292       0.3186
     293       0.3200
     294       0.3209
     295       0.3169
     296       0.3197
     297       0.3287
     298       0.3253
     299       0.3224
     300       0.3283
     301       0.3394
     302       0.3356
     303       0.3282
     304       0.3368
     305       0.3302
     306       0.3270
     307       0.3286
     308       0.3372
     309       0.3371
     310       0.3324
     311       0.3215
     312       0.3341
     313       0.3414
     314       0.3376
     315       0.3480
     316       0.3482
     317       0.3389
     318       0.3380
     319       0.3364
     320       0.3387
     321       0.3342
     322       0.3324
     323       0.3271
     324       0.3268
     325       0.3279
     326       0.3357
     327       0.3237
     328       0.3315
     329       0.3367
     330       0.3410
     331       0.3391
     332       0.3401
     333       0.3345
     334       0.3373
     335       0.3399
     336       0.3435
     337       0.3405
     338       0.3279
     339       0.3412
     340       0.3417
     341       0.3450
     342       0.3479
     343       0.3454
     344       0.3357
     345       0.3438
     346       0.3348
     347       0.3373
     348       0.3385
     349       0.3455
     350       0.3371
     351       0.3362
     352       0.3411
     353       0.3433
     354       0.3480
     355       0.3436
     356       0.3480
     357       0.3473
     358       0.3464
     359       0.3355
     360       0.3386
     361       0.3327
     362       0.3441
     363       0.3433
     364       0.3353
     365       0.3322
     366       0.3386
     367       0.3416
     368       0.3387
     369       0.3395
     370       0.3442
     371       0.3355
     372       0.3280
     373       0.3391
     374       0.3369
     375       0.3292
     376       0.3305
     377       0.3397
     378       0.3358
     379       0.3322
     380       0.3452
     381       0.3474
     382       0.3361
     383       0.3391
     384       0.3303
     385       0.3274
     386       0.3351
     387       0.3386
     388       0.3399
     389       0.3328
     390       0.3344
     391       0.3428
     392       0.3442
     393       0.3420
     394       0.3395
     395       0.3303
     396       0.3311
     397       0.3348
     398       0.3417
     399       0.3425
     400       0.3420
     401       0.3443
     402       0.3456
     403       0.3508
     404       0.3439
     405       0.3486
     406       0.3530
     407       0.3606
     408       0.3602
     409       0.3500
     410       0.3506
     411       0.3421
     412       0.3582
     413       0.3488
     414       0.3406
     415       0.3467
     416       0.3513
     417       0.3422
     418       0.3530
     419       0.3436
     420       0.3427
     421       0.3488
     422       0.3435
     423       0.3393
     424       0.3441
     425       0.3511
     426       0.3467
     427       0.3560
     428       0.3513
     429       0.3471
     430       0.3479
     431       0.3439
     432       0.3441
     433       0.3453
     434       0.3369
     435       0.3480
     436       0.3521
     437       0.3477
     438       0.3380
     439       0.3371
     440       0.3481
     441       0.3415
     442       0.3431
     443       0.3499
     444       0.3477
     445       0.3508
     446       0.3489
     447       0.3377
     448       0.3426
     449       0.3478
     450       0.3481
     451       0.3523
     452       0.3404
     453       0.3375
     454       0.3459
     455       0.3438
     456       0.3514
     457       0.3400
     458       0.3427
     459       0.3505
     460       0.3381
     461       0.3411
     462       0.3431
     463       0.3517
     464       0.3423
     465       0.3426
     466       0.3471
     467       0.3514
     468       0.3406
     469       0.3374
     470       0.3444
     471       0.3509
     472       0.3430
     473       0.3483
     474       0.3459
     475       0.3548
     476       0.3510
     477       0.3438
     478       0.3476
     479       0.3443
     480       0.3537
     481       0.3487
     482       0.3385
     483       0.3331
     484       0.3487
     485       0.3484
     486       0.3512
     487       0.3508
     488       0.3414
     489       0.3440
     490       0.3439
     491       0.3464
     492       0.3425
     493       0.3501
     494       0.3540
     495       0.3450
     496       0.3414
     497       0.3519
     498       0.3377
     499       0.3497
     500       0.3479
     501       0.3588
     502       0.3509
     503       0.3417
     504       0.3378
     505       0.3566
     506       0.3538
     507       0.3528
     508       0.3526
     509       0.3553
     510       0.3483
     511       0.3584
     512       0.3577
     513       0.3447
     514       0.3491
     515       0.3473
     516       0.3516
     517       0.3505
     518       0.3520
     519       0.3621
     520       0.3457
     521       0.3560
     522       0.3542
     523       0.3503
     524       0.3532
     525       0.3598
     526       0.3466
     527       0.3534
     528       0.3531
     529       0.3627
     530       0.3488
     531       0.3593
     532       0.3455
     533       0.3596
     534       0.3498
     535       0.3419
     536       0.3402
     537       0.3505
     538       0.3518
     539       0.3430
     540       0.3537
     541       0.3415
     542       0.3513
     543       0.3428
     544       0.3392
     545       0.3511
     546       0.3412
     547       0.3428
     548       0.3440
     549       0.3456
     550       0.3486
     551       0.3524
     552       0.3469
     553       0.3540
     554       0.3518
     555       0.3509
     556       0.3438
     557       0.3454
     558       0.3534
     559       0.3494
     560       0.3525
     561       0.3452
     562       0.3579
     563       0.3506
     564       0.3459
     565       0.3404
     566       0.3544
     567       0.3498
     568       0.3436
     569       0.3475
     570       0.3500
     571       0.3456
     572       0.3468
     573       0.3472
     574       0.3526
     575       0.3522
     576       0.3408
     577       0.3473
     578       0.3385
     579       0.3469
     580       0.3488
     581       0.3414
     582       0.3425
     583       0.3471
     584       0.3491
     585       0.3463
     586       0.3569
     587       0.3536
     588       0.3412
     589       0.3424
     590       0.3459
     591       0.3313
     592       0.3500
     593       0.3532
     594       0.3478
     595       0.3368
     596       0.3396
     597       0.3504
     598       0.3564
     599       0.3416
     600       0.3518
     601       0.3529
     602       0.3525
     603       0.3607
     604       0.3596
     605       0.3559
     606       0.3444
     607       0.3501
     608       0.3581
     609       0.3559
     610       0.3493
     611       0.3488
     612       0.3605
     613       0.3635
     614       0.3515
     615       0.3509
     616       0.3563
     617       0.3448
     618       0.3392
     619       0.3560
     620       0.3603
     621       0.3658
     622       0.3609
     623       0.3553
     624       0.3442
     625       0.3528
     626       0.3601
     627       0.3563
     628       0.3432
     629       0.3470
     630       0.3552
     631       0.3545
     632       0.3582
     633       0.3534
     634       0.3511
     635       0.3451
     636       0.3411
     637       0.3556
     638       0.3493
     639       0.3491
     640       0.3543
     641       0.3662
     642       0.3493
     643       0.3511
     644       0.3550
     645       0.3486
     646       0.3452
     647       0.3509
     648       0.3494
     649       0.3521
     650       0.3590
     651       0.3644
     652       0.3610
     653       0.3469
     654       0.3525
     655       0.3620
     656       0.3583
     657       0.3548
     658       0.3612
     659       0.3511
     660       0.3594
     661       0.3677
     662       0.3656
     663       0.3556
     664       0.3569
     665       0.3514
     666       0.3451
     667       0.3469
     668       0.3519
     669       0.3518
     670       0.3541
     671       0.3588
     672       0.3455
     673       0.3472
     674       0.3590
     675       0.3529
     676       0.3482
     677       0.3486
     678       0.3430
     679       0.3409
     680       0.3519
     681       0.3593
     682       0.3520
     683       0.3550
     684       0.3562
     685       0.3595
     686       0.3606
     687       0.3566
     688       0.3671
     689       0.3468
     690       0.3589
     691       0.3596
     692       0.3521
     693       0.3470
     694       0.3513
     695       0.3520
     696       0.3465
     697       0.3530
     698       0.3499
     699       0.3438
     700       0.3512
     701       0.3542
     702       0.3674
     703       0.3601
     704       0.3528
     705       0.3575
     706       0.3598
     707       0.3650
     708       0.3589
     709       0.3528
     710       0.3576
     711       0.3547
     712       0.3679
     713       0.3679
     714       0.3484
     715       0.3535
     716       0.3627
     717       0.3371
     718       0.3454
     719       0.3560
     720       0.3622
     721       0.3573
     722       0.3623
     723       0.3618
     724       0.3515
     725       0.3490
     726       0.3590
     727       0.3574
     728       0.3514
     729       0.3527
     730       0.3470
     731       0.3640
     732       0.3714
     733       0.3507
     734       0.3616
     735       0.3589
     736       0.3568
     737       0.3529
     738       0.3552
     739       0.3584
     740       0.3608
     741       0.3721
     742       0.3546
     743       0.3578
     744       0.3593
     745       0.3611
     746       0.3517
     747       0.3442
     748       0.3548
     749       0.3589
     750       0.3624
     751       0.3479
     752       0.3444
     753       0.3540
     754       0.3655
     755       0.3586
     756       0.3682
     757       0.3592
     758       0.3491
     759       0.3538
     760       0.3559
     761       0.3605
     762       0.3514
     763       0.3603
     764       0.3483
     765       0.3464
     766       0.3483
     767       0.3466
     768       0.3610
     769       0.3666
     770       0.3532
     771       0.3566
     772       0.3589
     773       0.3503
     774       0.3624
     775       0.3525
     776       0.3462
     777       0.3556
     778       0.3461
     779       0.3687
     780       0.3617
     781       0.3662
     782       0.3666
     783       0.3525
     784       0.3547
     785       0.3609
     786       0.3589
     787       0.3718
     788       0.3698
     789       0.3692
     790       0.3711
     791       0.3694
     792       0.3519
     793       0.3482
     794       0.3432
     795       0.3480
     796       0.3414
     797       0.3577
     798       0.3457
     799       0.3483
     800       0.3548
     801       0.3588
     802       0.3652
     803       0.3572
     804       0.3635
     805       0.3576
     806       0.3714
     807       0.3480
     808       0.3693
     809       0.3543
     810       0.3599
     811       0.3601
     812       0.3579
     813       0.3767
     814       0.3709
     815       0.3705
     816       0.3644
     817       0.3691
     818       0.3675
     819       0.3688
     820       0.3642
     821       0.3644
     822       0.3688
     823       0.3551
     824       0.3651
     825       0.3511
     826       0.3624
     827       0.3657
     828       0.3537
     829       0.3729
     830       0.3641
     831       0.3703
     832       0.3678
     833       0.3652
     834       0.3517
     835       0.3761
     836       0.3580
     837       0.3682
     838       0.3622
     839       0.3565
     840       0.3453
     841       0.3781
     842       0.3684
     843       0.3582
     844       0.3520
     845       0.3712
     846       0.3609
     847       0.3694
     848       0.3568
     849       0.3595
     850       0.3528
     851       0.3618
     852       0.3643
     853       0.3571
     854       0.3464
     855       0.3697
     856       0.3594
     857       0.3624
     858       0.3667
     859       0.3665
     860       0.3538
     861       0.3600
     862       0.3606
     863       0.3684
     864       0.3573
     865       0.3543
     866       0.3650
     867       0.3554
     868       0.3511
     869       0.3522
     870       0.3732
     871       0.3627
     872       0.3588
     873       0.3706
     874       0.3495
     875       0.3721
     876       0.3372
     877       0.3470
     878       0.3624
     879       0.3690
     880       0.3682
     881       0.3752
     882       0.3572
     883       0.3577
     884       0.3592
     885       0.3689
     886       0.3694
     887       0.3549
     888       0.3464
     889       0.3601
     890       0.3685
     891       0.3692
     892       0.3611
     893       0.3595
     894       0.3560
     895       0.3699
     896       0.3582
     897       0.3699
     898       0.3699
     899       0.3606
     900       0.3655
     901       0.3760
     902       0.3689
     903       0.3797
     904       0.3692
     905       0.3705
     906       0.3756
     907       0.3589
     908       0.3639
     909       0.3652
     910       0.3624
     911       0.3643
     912       0.3759
     913       0.3759
     914       0.3743
     915       0.3765
     916       0.3608
     917       0.3661
     918       0.3646
     919       0.3636
     920       0.3666
     921       0.3621
     922       0.3579
     923       0.3559
     924       0.3653
     925       0.3688
     926       0.3673
     927       0.3647
     928       0.3598
     929       0.3712
     930       0.3623
     931       0.3802
     932       0.3773
     933       0.3750
     934       0.3735
     935       0.3618
     936       0.3576
     937       0.3763
     938       0.3686
     939       0.3777
     940       0.3771
     941       0.3767
     942       0.3734
     943       0.3792
     944       0.3807
     945       0.3803
     946       0.3795
     947       0.3799
     948       0.3808
     949       0.3619
     950       0.3676
     951       0.3790
     952       0.3703
     953       0.3661
     954       0.3609
     955       0.3672
     956       0.3684
     957       0.3624
     958       0.3722
     959       0.3663
     960       0.3665
     961       0.3732
     962       0.3736
     963       0.3697
     964       0.3737
     965       0.3777
     966       0.3787
     967       0.3631
     968       0.3722
     969       0.3697
     970       0.3711
     971       0.3767
     972       0.3766
     973       0.3645
     974       0.3766
     975       0.3718
     976       0.3544
     977       0.3782
     978       0.3654
     979       0.3553
     980       0.3622
     981       0.3701
     982       0.3773
     983       0.3615
     984       0.3755
     985       0.3628
     986       0.3743
     987       0.3658
     988       0.3675
     989       0.3715
     990       0.3848
     991       0.3637
     992       0.3738
     993       0.3742
     994       0.3756
     995       0.3709
     996       0.3643
     997       0.3822
     998       0.3672
     999       0.3663
    1000       0.3649
    1001       0.3852
    1002       0.3695
    1003       0.3643
    1004       0.3699
    1005       0.3707
    1006       0.3791
    1007       0.3796
    1008       0.3753
    1009       0.3820
    1010       0.3757
    1011       0.3789
    1012       0.3752
    1013       0.3825
    1014       0.3758
    1015       0.3745
    1016       0.3716
    1017       0.3756
    1018       0.3844
    1019       0.3743
    1020       0.3818
    1021       0.3750
    1022       0.3844
    1023       0.3706
    1024       0.3572
    1025       0.3749
    1026       0.3460
    1027       0.3630
    1028       0.3783
    1029       0.3714
    1030       0.3651
    1031       0.3640
    1032       0.3725
    1033       0.3793
    1034       0.3733
    1035       0.3740
    1036       0.3831
    1037       0.3776
    1038       0.3649
    1039       0.3656
    1040       0.3719
    1041       0.3677
    1042       0.3686
    1043       0.3861
    1044       0.3647
    1045       0.3921
    1046       0.3768
    1047       0.3766
    1048       0.3711
    1049       0.3768
    1050       0.3701
    1051       0.3738
    1052       0.3781
    1053       0.3768
    1054       0.3811
    1055       0.3704
    1056       0.3867
    1057       0.3732
    1058       0.3695
    1059       0.3717
    1060       0.3769
    1061       0.3728
    1062       0.3805
    1063       0.3758
    1064       0.3735
    1065       0.3772
    1066       0.3714
    1067       0.3724
    1068       0.3702
    1069       0.3798
    1070       0.3709
    1071       0.3751
    1072       0.3576
    1073       0.3762
    1074       0.3717
    1075       0.3778
    1076       0.3704
    1077       0.3722
    1078       0.3724
    1079       0.3799
    1080       0.3800
    1081       0.3815
    1082       0.3678
    1083       0.3744
    1084       0.3692
    1085       0.3816
    1086       0.3740
    1087       0.3705
    1088       0.3843
    1089       0.3862
    1090       0.3757
    1091       0.3795
    1092       0.3826
    1093       0.3896
    1094       0.3774
    1095       0.3611
    1096       0.3739
    1097       0.3794
    1098       0.3789
    1099       0.3642
    1100       0.3577
    1101       0.3645
    1102       0.3753
    1103       0.3801
    1104       0.3732
    1105       0.3837
    1106       0.3780
    1107       0.3704
    1108       0.3663
    1109       0.3849
    1110       0.3857
    1111       0.3749
    1112       0.3699
    1113       0.3704
    1114       0.3745
    1115       0.3545
    1116       0.3634
    1117       0.3697
    1118       0.3569
    1119       0.3758
    1120       0.3738
    1121       0.3733
    1122       0.3634
    1123       0.3710
    1124       0.3742
    1125       0.3719
    1126       0.3709
    1127       0.3689
    1128       0.3714
    1129       0.3786
    1130       0.3626
    1131       0.4006
    1132       0.3646
    1133       0.3658
    1134       0.3582
    1135       0.3774
    1136       0.3808
    1137       0.3764
    1138       0.3719
    1139       0.3603
    1140       0.3697
    1141       0.3524
    1142       0.3660
    1143       0.3600
    1144       0.3681
    1145       0.3693
    1146       0.3713
    1147       0.3794
    1148       0.3694
    1149       0.3715
    1150       0.3687
    1151       0.3634
    1152       0.3734
    1153       0.3739
    1154       0.3674
    1155       0.3805
    1156       0.3806
    1157       0.3702
    1158       0.3638
    1159       0.3719
    1160       0.3692
    1161       0.3769
    1162       0.3755
    1163       0.3623
    1164       0.3789
    1165       0.3589
    1166       0.3809
    1167       0.3675
    1168       0.3789
    1169       0.3696
    1170       0.3622
    1171       0.3620
    1172       0.3809
    1173       0.3698
    1174       0.3667
    1175       0.3914
    1176       0.3819
    1177       0.3775
    1178       0.3746
    1179       0.3720
    1180       0.3772
    1181       0.3601
    1182       0.3562
    1183       0.3710
    1184       0.3820
    1185       0.3786
    1186       0.3832
    1187       0.3735
    1188       0.3776
    1189       0.3688
    1190       0.3711
    1191       0.3704
    1192       0.3597
    1193       0.3715
    1194       0.3781
    1195       0.3676
    1196       0.3824
    1197       0.3843
    1198       0.3793
    1199       0.3829
    1200       0.3871
    1201       0.4041
    1202       0.3949
    1203       0.3940
    1204       0.3995
    1205       0.3886
    1206       0.3975
    1207       0.3916
    1208       0.3895
    1209       0.3753
    1210       0.3835
    1211       0.3774
    1212       0.3862
    1213       0.4060
    1214       0.4000
    1215       0.3881
    1216       0.3809
    1217       0.3772
    1218       0.3849
    1219       0.3908
    1220       0.3981
    1221       0.3979
    1222       0.3916
    1223       0.4007
    1224       0.3905
    1225       0.3860
    1226       0.3894
    1227       0.3797
    1228       0.3920
    1229       0.3966
    1230       0.3951
    1231       0.3973
    1232       0.3910
    1233       0.3963
    1234       0.3933
    1235       0.3963
    1236       0.3796
    1237       0.3884
    1238       0.4100
    1239       0.3849
    1240       0.3771
    1241       0.3911
    1242       0.3929
    1243       0.3761
    1244       0.3805
    1245       0.3870
    1246       0.3726
    1247       0.3741
    1248       0.4071
    1249       0.3827
    1250       0.3914
    1251       0.4034
    1252       0.3785
    1253       0.3911
    1254       0.3963
    1255       0.3992
    1256       0.3877
    1257       0.3866
    1258       0.4005
    1259       0.3945
    1260       0.3814
    1261       0.3978
    1262       0.3895
    1263       0.4020
    1264       0.3869
    1265       0.3984
    1266       0.3972
    1267       0.3922
    1268       0.4118
    1269       0.4057
    1270       0.4000
    1271       0.3832
    1272       0.3966
    1273       0.3874
    1274       0.3920
    1275       0.3923
    1276       0.3860
    1277       0.3964
    1278       0.4003
    1279       0.3969
    1280       0.3778
    1281       0.3850
    1282       0.3835
    1283       0.3868
    1284       0.4015
    1285       0.3845
    1286       0.4004
    1287       0.3833
    1288       0.4069
    1289       0.3972
    1290       0.4043
    1291       0.4011
    1292       0.4035
    1293       0.4015
    1294       0.3764
    1295       0.3747
    1296       0.3779
    1297       0.3881
    1298       0.3861
    1299       0.3728
    1300       0.3989
    1301       0.4042
    1302       0.4066
    1303       0.4094
    1304       0.4084
    1305       0.4052
    1306       0.4155
    1307       0.4198
    1308       0.4174
    1309       0.4083
    1310       0.4124
    1311       0.4116
    1312       0.3934
    1313       0.3948
    1314       0.3919
    1315       0.4095
    1316       0.4032
    1317       0.4017
    1318       0.4126
    1319       0.4016
    1320       0.4063
    1321       0.4003
    1322       0.4027
    1323       0.4242
    1324       0.4072
    1325       0.4175
    1326       0.3936
    1327       0.3991
    1328       0.3986
    1329       0.4102
    1330       0.4120
    1331       0.4122
    1332       0.4080
    1333       0.3998
    1334       0.4032
    1335       0.3860
    1336       0.3940
    1337       0.3974
    1338       0.4021
    1339       0.4171
    1340       0.4064
    1341       0.4041
    1342       0.3988
    1343       0.4077
    1344       0.4061
    1345       0.4135
    1346       0.3971
    1347       0.3972
    1348       0.4147
    1349       0.4149
    1350       0.4055
    1351       0.4018
    1352       0.4089
    1353       0.4177
    1354       0.3958
    1355       0.3961
    1356       0.3893
    1357       0.4142
    1358       0.4117
    1359       0.4036
    1360       0.4078
    1361       0.4035
    1362       0.3930
    1363       0.4134
    1364       0.3922
    1365       0.4077
    1366       0.3887
    1367       0.3912
    1368       0.4064
    1369       0.4109
    1370       0.4211
    1371       0.4079
    1372       0.4127
    1373       0.4033
    1374       0.4067
    1375       0.4139
    1376       0.3937
    1377       0.3823
    1378       0.4086
    1379       0.4064
    1380       0.4080
    1381       0.4199
    1382       0.3973
    1383       0.4026
    1384       0.4031
    1385       0.4025
    1386       0.4154
    1387       0.4043
    1388       0.4179
    1389       0.4003
    1390       0.4019
    1391       0.3911
    1392       0.4075
    1393       0.4082
    1394       0.4136
    1395       0.3925
    1396       0.3913
    1397       0.4196
    1398       0.3894
    1399       0.4137
    1400       0.4083
    1401       0.4201
    1402       0.4222
    1403       0.4200
    1404       0.4230
    1405       0.4115
    1406       0.4202
    1407       0.4183
    1408       0.4168
    1409       0.4296
    1410       0.4252
    1411       0.4313
    1412       0.4287
    1413       0.4202
    1414       0.4364
    1415       0.4196
    1416       0.4247
    1417       0.4231
    1418       0.4149
    1419       0.4295
    1420       0.4177
    1421       0.4323
    1422       0.4074
    1423       0.4338
    1424       0.4341
    1425       0.4300
    1426       0.4359
    1427       0.4125
    1428       0.4211
    1429       0.4103
    1430       0.4111
    1431       0.4258
    1432       0.4456
    1433       0.4155
    1434       0.4186
    1435       0.4254
    1436       0.4278
    1437       0.4263
    1438       0.4316
    1439       0.4366
    1440       0.4335
    1441       0.4401
    1442       0.4031
    1443       0.4313
    1444       0.4275
    1445       0.4238
    1446       0.4308
    1447       0.4400
    1448       0.4298
    1449       0.4320
    1450       0.4358
    1451       0.4231
    1452       0.4239
    1453       0.4266
    1454       0.4378
    1455       0.4278
    1456       0.4235
    1457       0.4274
    1458       0.4460
    1459       0.4147
    1460       0.4177
    1461       0.4193
    1462       0.4343
    1463       0.4446
    1464       0.4168
    1465       0.4230
    1466       0.4270
    1467       0.4254
    1468       0.4206
    1469       0.4319
    1470       0.4195
    1471       0.4083
    1472       0.4257
    1473       0.4261
    1474       0.4197
    1475       0.4201
    1476       0.4362
    1477       0.4236
    1478       0.4041
    1479       0.4317
    1480       0.4224
    1481       0.4300
    1482       0.4156
    1483       0.4246
    1484       0.4268
    1485       0.4230
    1486       0.4296
    1487       0.4217
    1488       0.4219
    1489       0.4149
    1490       0.4379
    1491       0.4278
    1492       0.4351
    1493       0.4128
    1494       0.4403
    1495       0.4154
    1496       0.4236
    1497       0.4520
    1498       0.4136
    1499       0.4171
    1500       0.4082
    1501       0.3949
    1502       0.4258
    1503       0.4225
    1504       0.4132
    1505       0.3968
    1506       0.4304
    1507       0.4336
    1508       0.4299
    1509       0.4087
    1510       0.4149
    1511       0.4136
    1512       0.4112
    1513       0.4261
    1514       0.4387
    1515       0.4279
    1516       0.4322
    1517       0.4321
    1518       0.4253
    1519       0.4314
    1520       0.4337
    1521       0.4271
    1522       0.4046
    1523       0.4234
    1524       0.4099
    1525       0.4276
    1526       0.4389
    1527       0.4267
    1528       0.4242
    1529       0.4351
    1530       0.4345
    1531       0.4245
    1532       0.4362
    1533       0.4309
    1534       0.4299
    1535       0.4309
    1536       0.4304
    1537       0.4233
    1538       0.4467
    1539       0.4332
    1540       0.4340
    1541       0.4157
    1542       0.4410
    1543       0.4215
    1544       0.4353
    1545       0.4283
    1546       0.4335
    1547       0.4268
    1548       0.4218
    1549       0.4222
    1550       0.4097
    1551       0.4325
    1552       0.4402
    1553       0.4006
    1554       0.4189
    1555       0.4063
    1556       0.4186
    1557       0.4219
    1558       0.4196
    1559       0.4232
    1560       0.4184
    1561       0.4208
    1562       0.4005
    1563       0.4283
    1564       0.4435
    1565       0.4367
    1566       0.4491
    1567       0.4153
    1568       0.4263
    1569       0.4318
    1570       0.4295
    1571       0.4335
    1572       0.4304
    1573       0.4146
    1574       0.4367
    1575       0.3976
    1576       0.4332
    1577       0.4207
    1578       0.4419
    1579       0.4232
    1580       0.4217
    1581       0.4101
    1582       0.4317
    1583       0.4263
    1584       0.4357
    1585       0.4420
    1586       0.4272
    1587       0.4383
    1588       0.4335
    1589       0.4296
    1590       0.4119
    1591       0.4230
    1592       0.4388
    1593       0.4273
    1594       0.4411
    1595       0.4219
    1596       0.4108
    1597       0.4215
    1598       0.4133
    1599       0.4306
    1600       0.4223
    1601       0.4466
    1602       0.4427
    1603       0.4476
    1604       0.4371
    1605       0.4396
    1606       0.4364
    1607       0.4381
    1608       0.4399
    1609       0.4418
    1610       0.4252
    1611       0.4303
    1612       0.4354
    1613       0.4299
    1614       0.4390
    1615       0.4204
    1616       0.4514
    1617       0.4383
    1618       0.4181
    1619       0.4609
    1620       0.4324
    1621       0.4205
    1622       0.4333
    1623       0.4177
    1624       0.4458
    1625       0.4469
    1626       0.4478
    1627       0.4449
    1628       0.4494
    1629       0.4440
    1630       0.4540
    1631       0.4190
    1632       0.4448
    1633       0.4142
    1634       0.4312
    1635       0.4277
    1636       0.4167
    1637       0.4408
    1638       0.4436
    1639       0.4287
    1640       0.4200
    1641       0.4351
    1642       0.4562
    1643       0.4785
    1644       0.4426
    1645       0.4564
    1646       0.4519
    1647       0.4447
    1648       0.4530
    1649       0.4411
    1650       0.4563
    1651       0.4661
    1652       0.4350
    1653       0.4540
    1654       0.4270
    1655       0.4371
    1656       0.4396
    1657       0.4422
    1658       0.4469
    1659       0.4301
    1660       0.4353
    1661       0.4246
    1662       0.4208
    1663       0.4502
    1664       0.4508
    1665       0.4351
    1666       0.4268
    1667       0.4435
    1668       0.4216
    1669       0.4451
    1670       0.4497
    1671       0.4609
    1672       0.4375
    1673       0.4211
    1674       0.4488
    1675       0.4493
    1676       0.4275
    1677       0.4454
    1678       0.4407
    1679       0.4263
    1680       0.4449
    1681       0.4253
    1682       0.4471
    1683       0.4481
    1684       0.4340
    1685       0.4360
    1686       0.4310
    1687       0.4379
    1688       0.4354
    1689       0.4358
    1690       0.4305
    1691       0.4566
    1692       0.4544
    1693       0.4633
    1694       0.4541
    1695       0.4435
    1696       0.4552
    1697       0.4300
    1698       0.4493
    1699       0.4530
    1700       0.4438
    1701       0.4837
    1702       0.4652
    1703       0.4338
    1704       0.4691
    1705       0.4636
    1706       0.4697
    1707       0.4594
    1708       0.4530
    1709       0.4665
    1710       0.4757
    1711       0.4616
    1712       0.4635
    1713       0.4587
    1714       0.4661
    1715       0.4604
    1716       0.4450
    1717       0.4811
    1718       0.4711
    1719       0.4991
    1720       0.4740
    1721       0.4727
    1722       0.4712
    1723       0.4587
    1724       0.4740
    1725       0.4886
    1726       0.4691
    1727       0.4611
    1728       0.4486
    1729       0.4719
    1730       0.4800
    1731       0.4549
    1732       0.4811
    1733       0.4687
    1734       0.4489
    1735       0.4452
    1736       0.4696
    1737       0.4612
    1738       0.4631
    1739       0.4719
    1740       0.4636
    1741       0.4695
    1742       0.4803
    1743       0.4715
    1744       0.4917
    1745       0.4778
    1746       0.4818
    1747       0.4561
    1748       0.4990
    1749       0.4669
    1750       0.4908
    1751       0.4721
    1752       0.4662
    1753       0.4545
    1754       0.4886
    1755       0.4726
    1756       0.4675
    1757       0.4817
    1758       0.4865
    1759       0.4425
    1760       0.4685
    1761       0.4440
    1762       0.4707
    1763       0.4799
    1764       0.4333
    1765       0.4802
    1766       0.4580
    1767       0.4718
    1768       0.4741
    1769       0.4852
    1770       0.4702
    1771       0.4987
    1772       0.4838
    1773       0.4651
    1774       0.4614
    1775       0.4810
    1776       0.4856
    1777       0.4585
    1778       0.4711
    1779       0.4813
    1780       0.5122
    1781       0.4797
    1782       0.4981
    1783       0.4795
    1784       0.4730
    1785       0.4840
    1786       0.4696
    1787       0.4673
    1788       0.4764
    1789       0.4743
    1790       0.4799
    1791       0.4603
    1792       0.4623
    1793       0.4731
    1794       0.4563
    1795       0.4592
    1796       0.4609
    1797       0.4651
    1798       0.4675
    1799       0.4422
    1800       0.4541
    1801       0.4856
    1802       0.4879
    1803       0.5177
    1804       0.4917
    1805       0.5027
    1806       0.4880
    1807       0.4730
    1808       0.4913
    1809       0.4801
    1810       0.4745
    1811       0.4936
    1812       0.4860
    1813       0.4957
    1814       0.4752
    1815       0.4600
    1816       0.4853
    1817       0.4799
    1818       0.4773
    1819       0.4803
    1820       0.4741
    1821       0.4757
    1822       0.5003
    1823       0.4670
    1824       0.5170
    1825       0.4877
    1826       0.5125
    1827       0.5040
    1828       0.5027
    1829       0.4867
    1830       0.5149
    1831       0.5066
    1832       0.5173
    1833       0.4609
    1834       0.4977
    1835       0.4742
    1836       0.4533
    1837       0.4948
    1838       0.4901
    1839       0.4812
    1840       0.4621
    1841       0.4620
    1842       0.4899
    1843       0.5053
    1844       0.4863
    1845       0.5087
    1846       0.5147
    1847       0.4832
    1848       0.4970
    1849       0.4979
    1850       0.5097
    1851       0.5026
    1852       0.4865
    1853       0.4756
    1854       0.5047
    1855       0.5041
    1856       0.5050
    1857       0.4931
    1858       0.4814
    1859       0.5112
    1860       0.4969
    1861       0.5113
    1862       0.5020
    1863       0.5212
    1864       0.5315
    1865       0.4929
    1866       0.4934
    1867       0.5038
    1868       0.5088
    1869       0.4774
    1870       0.5085
    1871       0.5045
    1872       0.5110
    1873       0.5072
    1874       0.4678
    1875       0.4746
    1876       0.4734
    1877       0.4800
    1878       0.5016
    1879       0.4865
    1880       0.4950
    1881       0.5014
    1882       0.4782
    1883       0.4775
    1884       0.5127
    1885       0.4750
    1886       0.4824
    1887       0.4965
    1888       0.4778
    1889       0.5022
    1890       0.4765
    1891       0.4966
    1892       0.4864
    1893       0.4853
    1894       0.4873
    1895       0.4836
    1896       0.5080
    1897       0.4965
    1898       0.5301
    1899       0.4917
    1900       0.5163
    1901       0.5265
    1902       0.5331
    1903       0.5272
    1904       0.5229
    1905       0.5277
    1906       0.5540
    1907       0.5511
    1908       0.5757
    1909       0.5566
    1910       0.5377
    1911       0.5417
    1912       0.5407
    1913       0.5468
    1914       0.5004
    1915       0.5271
    1916       0.5447
    1917       0.4932
    1918       0.5462
    1919       0.5501
    1920       0.5349
    1921       0.5295
    1922       0.5498
    1923       0.5324
    1924       0.5103
    1925       0.5247
    1926       0.5218
    1927       0.5383
    1928       0.5525
    1929       0.5425
    1930       0.5759
    1931       0.5466
    1932       0.5509
    1933       0.5261
    1934       0.5642
    1935       0.5662
    1936       0.5705
    1937       0.5769
    1938       0.5473
    1939       0.5462
    1940       0.5359
    1941       0.5010
    1942       0.5004
    1943       0.5567
    1944       0.5598
    1945       0.5283
    1946       0.5283
    1947       0.5535
    1948       0.5494
    1949       0.5607
    1950       0.5170
    1951       0.5404
    1952       0.5428
    1953       0.5422
    1954       0.5549
    1955       0.5520
    1956       0.5244
    1957       0.5437
    1958       0.5169
    1959       0.5450
    1960       0.5127
    1961       0.5295
    1962       0.5491
    1963       0.5544
    1964       0.5434
    1965       0.5655
    1966       0.5559
    1967       0.5491
    1968       0.5192
    1969       0.5183
    1970       0.5233
    1971       0.5199
    1972       0.5174
    1973       0.5258
    1974       0.5210
    1975       0.5504
    1976       0.5717
    1977       0.5396
    1978       0.5615
    1979       0.5217
    1980       0.5158
    1981       0.5300
    1982       0.5305
    1983       0.5430
    1984       0.5165
    1985       0.4973
    1986       0.5284
    1987       0.5213
    1988       0.5066
    1989       0.5469
    1990       0.5170
    1991       0.5334
    1992       0.5653
    1993       0.5422
    1994       0.5200
    1995       0.5394
    1996       0.4852
    1997       0.5414
    1998       0.5472
    1999       0.5197
    2000       0.5584
    2001       0.5728
    2002       0.5846
    2003       0.5566
    2004       0.5478
    2005       0.5523
    2006       0.5743
    2007       0.5954
    2008       0.5742
    2009       0.5981
    2010       0.5881
    2011       0.5653
    2012       0.5598
    2013       0.5835
    2014       0.5370
    2015       0.5555
    2016       0.5627
    2017       0.5549
    2018       0.5886
    2019       0.5848
    2020       0.5560
    2021       0.5702
    2022       0.5455
    2023       0.5630
    2024       0.5881
    2025       0.5633
    2026       0.5851
    2027       0.5736
    2028       0.5939
    2029       0.5893
    2030       0.5825
    2031       0.5690
    2032       0.5559
    2033       0.5637
    2034       0.5817
    2035       0.5894
    2036       0.5721
    2037       0.5983
    2038       0.5736
    2039       0.5959
    2040       0.5910
    2041       0.5851
    2042       0.5796
    2043       0.5687
    2044       0.6047
    2045       0.5623
    2046       0.5792
    2047       0.5610
    2048       0.5848
    2049       0.5701
    2050       0.5693
    2051       0.5809
    2052       0.6100
    2053       0.5740
    2054       0.5758
    2055       0.5569
    2056       0.5517
    2057       0.5791
    2058       0.5756
    2059       0.6342
    2060       0.5701
    2061       0.5863
    2062       0.5938
    2063       0.5676
    2064       0.5739
    2065       0.5916
    2066       0.5456
    2067       0.5732
    2068       0.5654
    2069       0.5563
    2070       0.5779
    2071       0.5835
    2072       0.5733
    2073       0.6075
    2074       0.5702
    2075       0.5440
    2076       0.5823
    2077       0.5458
    2078       0.5791
    2079       0.5660
    2080       0.5702
    2081       0.5559
    2082       0.5778
    2083       0.5992
    2084       0.5446
    2085       0.5642
    2086       0.5564
    2087       0.5597
    2088       0.5345
    2089       0.5896
    2090       0.5451
    2091       0.5658
    2092       0.5501
    2093       0.5341
    2094       0.5906
    2095       0.5928
    2096       0.5444
    2097       0.5331
    2098       0.5424
    2099       0.5372
    2100       0.5576
    2101       0.5521
    2102       0.5437
    2103       0.5524
    2104       0.5590
    2105       0.5819
    2106       0.5857
    2107       0.5796
    2108       0.5780
    2109       0.5689
    2110       0.5571
    2111       0.5553
    2112       0.5534
    2113       0.5911
    2114       0.6116
    2115       0.5658
    2116       0.6192
    2117       0.5843
    2118       0.5645
    2119       0.5733
    2120       0.6062
    2121       0.5760
    2122       0.5594
    2123       0.6009
    2124       0.5716
    2125       0.5531
    2126       0.5802
    2127       0.5416
    2128       0.5692
    2129       0.5633
    2130       0.5796
    2131       0.5810
    2132       0.5920
    2133       0.5778
    2134       0.6065
    2135       0.5726
    2136       0.6105
    2137       0.5697
    2138       0.5796
    2139       0.5360
    2140       0.5678
    2141       0.5381
    2142       0.5606
    2143       0.5145
    2144       0.5730
    2145       0.5748
    2146       0.5380
    2147       0.5527
    2148       0.5462
    2149       0.5674
    2150       0.5696
    2151       0.6097
    2152       0.5721
    2153       0.5836
    2154       0.6137
    2155       0.6506
    2156       0.6063
    2157       0.6132
    2158       0.5671
    2159       0.6266
    2160       0.5845
    2161       0.5871
    2162       0.6219
    2163       0.6230
    2164       0.6041
    2165       0.5832
    2166       0.6045
    2167       0.5547
    2168       0.5617
    2169       0.6243
    2170       0.6339
    2171       0.6309
    2172       0.6321
    2173       0.6371
    2174       0.6068
    2175       0.6111
    2176       0.5904
    2177       0.6191
    2178       0.6468
    2179       0.6347
    2180       0.5863
    2181       0.6291
    2182       0.5569
    2183       0.5697
    2184       0.5978
    2185       0.5783
    2186       0.5898
    2187       0.5717
    2188       0.5848
    2189       0.5947
    2190       0.5508
    2191       0.6019
    2192       0.5886
    2193       0.6081
    2194       0.6013
    2195       0.5400
    2196       0.5691
    2197       0.5393
    2198       0.5588
    2199       0.5941
    2200       0.6167
    2201       0.6227
    2202       0.6279
    2203       0.6364
    2204       0.6319
    2205       0.6268
    2206       0.6363
    2207       0.6578
    2208       0.6058
    2209       0.6505
    2210       0.6445
    2211       0.6406
    2212       0.6370
    2213       0.6572
    2214       0.6335
    2215       0.6452
    2216       0.6547
    2217       0.6415
    2218       0.6719
    2219       0.6092
    2220       0.5989
    2221       0.6232
    2222       0.6278
    2223       0.6280
    2224       0.6201
    2225       0.6586
    2226       0.6462
    2227       0.6558
    2228       0.6378
    2229       0.6679
    2230       0.6241
    2231       0.6490
    2232       0.6446
    2233       0.6619
    2234       0.6275
    2235       0.6659
    2236       0.6499
    2237       0.6536
    2238       0.6669
    2239       0.6462
    2240       0.6449
    2241       0.6054
    2242       0.6496
    2243       0.6191
    2244       0.6554
    2245       0.6621
    2246       0.6666
    2247       0.6928
    2248       0.6687
    2249       0.6147
    2250       0.6207
    2251       0.6207
    2252       0.6379
    2253       0.6241
    2254       0.6187
    2255       0.5989
    2256       0.6158
    2257       0.6329
    2258       0.6600
    2259       0.6798
    2260       0.6164
    2261       0.6417
    2262       0.6312
    2263       0.6375
    2264       0.6281
    2265       0.6572
    2266       0.6369
    2267       0.6225
    2268       0.6677
    2269       0.6390
    2270       0.6237
    2271       0.6183
    2272       0.5966
    2273       0.6690
    2274       0.6180
    2275       0.6165
    2276       0.6467
    2277       0.6175
    2278       0.6097
    2279       0.6023
    2280       0.6571
    2281       0.6286
    2282       0.6820
    2283       0.6633
    2284       0.6274
    2285       0.6430
    2286       0.6483
    2287       0.6201
    2288       0.6516
    2289       0.6545
    2290       0.6212
    2291       0.6529
    2292       0.6230
    2293       0.6334
    2294       0.6490
    2295       0.5833
    2296       0.6436
    2297       0.6449
    2298       0.6630
    2299       0.6396
    2300       0.6198
    2301       0.6481
    2302       0.6047
    2303       0.6487
    2304       0.6687
    2305       0.6551
    2306       0.6545
    2307       0.6493
    2308       0.6558
    2309       0.6601
    2310       0.6184
    2311       0.6366
    2312       0.6367
    2313       0.6140
    2314       0.6599
    2315       0.6018
    2316       0.6192
    2317       0.6660
    2318       0.6466
    2319       0.6468
    2320       0.6449
    2321       0.6229
    2322       0.6309
    2323       0.6278
    2324       0.6418
    2325       0.6900
    2326       0.6516
    2327       0.6639
    2328       0.6591
    2329       0.6664
    2330       0.6236
    2331       0.6508
    2332       0.6501
    2333       0.6341
    2334       0.6823
    2335       0.6067
    2336       0.5796
    2337       0.5973
    2338       0.6192
    2339       0.6085
    2340       0.6363
    2341       0.5909
    2342       0.5899
    2343       0.6095
    2344       0.6082
    2345       0.5940
    2346       0.5851
    2347       0.6044
    2348       0.5734
    2349       0.5602
    2350       0.5774
    2351       0.6078
    2352       0.5903
    2353       0.6121
    2354       0.5836
    2355       0.6663
    2356       0.6561
    2357       0.6194
    2358       0.5808
    2359       0.6290
    2360       0.6151
    2361       0.6175
    2362       0.6069
    2363       0.5818
    2364       0.6267
    2365       0.5923
    2366       0.6089
    2367       0.6010
    2368       0.6252
    2369       0.6170
    2370       0.5968
    2371       0.5875
    2372       0.5981
    2373       0.5868
    2374       0.5974
    2375       0.6144
    2376       0.6315
    2377       0.6822
    2378       0.6638
    2379       0.6285
    2380       0.6538
    2381       0.6692
    2382       0.6534
    2383       0.6212
    2384       0.5952
    2385       0.6136
    2386       0.5790
    2387       0.5848
    2388       0.6250
    2389       0.6139
    2390       0.6269
    2391       0.6436
    2392       0.6744
    2393       0.6031
    2394       0.6398
    2395       0.6807
    2396       0.6466
    2397       0.6815
    2398       0.6784
    2399       0.6624
    2400       0.6754
    2401       0.7413
    2402       0.7164
    2403       0.7056
    2404       0.7052
    2405       0.7009
    2406       0.6895
    2407       0.6765
    2408       0.7207
    2409       0.7340
    2410       0.6904
    2411       0.6757
    2412       0.6875
    2413       0.7229
    2414       0.6693
    2415       0.6712
    2416       0.6210
    2417       0.6779
    2418       0.6968
    2419       0.6983
    2420       0.7013
    2421       0.6605
    2422       0.7154
    2423       0.7102
    2424       0.7305
    2425       0.7164
    2426       0.7149
    2427       0.6751
    2428       0.6979
    2429       0.6738
    2430       0.6464
    2431       0.6830
    2432       0.6437
    2433       0.6724
    2434       0.6477
    2435       0.6241
    2436       0.6689
    2437       0.6875
    2438       0.6742
    2439       0.6295
    2440       0.6588
    2441       0.6267
    2442       0.6535
    2443       0.6982
    2444       0.6991
    2445       0.7002
    2446       0.7034
    2447       0.7025
    2448       0.6978
    2449       0.6606
    2450       0.6904
    2451       0.6488
    2452       0.6433
    2453       0.6531
    2454       0.6311
    2455       0.6758
    2456       0.6786
    2457       0.6680
    2458       0.6976
    2459       0.6993
    2460       0.6857
    2461       0.6876
    2462       0.6724
    2463       0.6733
    2464       0.7208
    2465       0.6744
    2466       0.6994
    2467       0.7299
    2468       0.6665
    2469       0.6652
    2470       0.6784
    2471       0.6938
    2472       0.7409
    2473       0.7290
    2474       0.7679
    2475       0.6902
    2476       0.6860
    2477       0.6587
    2478       0.6961
    2479       0.6646
    2480       0.6092
    2481       0.6242
    2482       0.6210
    2483       0.6384
    2484       0.6533
    2485       0.6747
    2486       0.6786
    2487       0.6657
    2488       0.6859
    2489       0.6983
    2490       0.7139
    2491       0.6456
    2492       0.6672
    2493       0.6890
    2494       0.6837
    2495       0.7045
    2496       0.6654
    2497       0.7000
    2498       0.7265
    2499       0.7102
    2500       0.7217
    2501       0.7897
    2502       0.8079
    2503       0.7820
    2504       0.7516
    2505       0.7785
    2506       0.7568
    2507       0.7752
    2508       0.8031
    2509       0.7548
    2510       0.7956
    2511       0.7799
    2512       0.8009
    2513       0.7659
    2514       0.7632
    2515       0.7690
    2516       0.7640
    2517       0.7774
    2518       0.7744
    2519       0.7534
    2520       0.7819
    2521       0.7594
    2522       0.7513
    2523       0.7292
    2524       0.7458
    2525       0.8050
    2526       0.7478
    2527       0.7247
    2528       0.8002
    2529       0.7737
    2530       0.7559
    2531       0.7679
    2532       0.8028
    2533       0.7686
    2534       0.7629
    2535       0.7230
    2536       0.7271
    2537       0.8395
    2538       0.7770
    2539       0.8062
    2540       0.7762
    2541       0.7617
    2542       0.7930
    2543       0.7687
    2544       0.7525
    2545       0.7195
    2546       0.7649
    2547       0.8097
    2548       0.7619
    2549       0.7216
    2550       0.7250
    2551       0.7192
    2552       0.7492
    2553       0.7616
    2554       0.7287
    2555       0.7161
    2556       0.7595
    2557       0.7475
    2558       0.7364
    2559       0.7382
    2560       0.7472
    2561       0.7699
    2562       0.7622
    2563       0.7990
    2564       0.7420
    2565       0.7633
    2566       0.7776
    2567       0.6993
    2568       0.7332
    2569       0.7506
    2570       0.7259
    2571       0.7176
    2572       0.6992
    2573       0.6674
    2574       0.6879
    2575       0.7134
    2576       0.6866
    2577       0.7031
    2578       0.6725
    2579       0.7489
    2580       0.7152
    2581       0.7990
    2582       0.7292
    2583       0.7299
    2584       0.6980
    2585       0.7164
    2586       0.7381
    2587       0.7572
    2588       0.7185
    2589       0.6746
    2590       0.7277
    2591       0.7059
    2592       0.6685
    2593       0.7321
    2594       0.7115
    2595       0.7006
    2596       0.7299
    2597       0.7393
    2598       0.7029
    2599       0.7366
    2600       0.7139
    2601       0.7199
    2602       0.7604
    2603       0.7584
    2604       0.7433
    2605       0.6874
    2606       0.6908
    2607       0.6673
    2608       0.6916
    2609       0.6887
    2610       0.7371
    2611       0.7341
    2612       0.7648
    2613       0.7854
    2614       0.8114
    2615       0.8565
    2616       0.8424
    2617       0.7985
    2618       0.7982
    2619       0.7250
    2620       0.7529
    2621       0.7477
    2622       0.7376
    2623       0.7370
    2624       0.7419
    2625       0.7259
    2626       0.7187
    2627       0.6716
    2628       0.6720
    2629       0.7217
    2630       0.6891
    2631       0.7013
    2632       0.7656
    2633       0.7695
    2634       0.7502
    2635       0.7149
    2636       0.7149
    2637       0.7120
    2638       0.7102
    2639       0.7070
    2640       0.7480
    2641       0.7704
    2642       0.7897
    2643       0.8096
    2644       0.8182
    2645       0.7473
    2646       0.7590
    2647       0.7710
    2648       0.7645
    2649       0.7813
    2650       0.7396
    2651       0.7485
    2652       0.7930
    2653       0.8147
    2654       0.7788
    2655       0.7508
    2656       0.7782
    2657       0.7389
    2658       0.7723
    2659       0.7471
    2660       0.7522
    2661       0.8046
    2662       0.7327
    2663       0.7262
    2664       0.7151
    2665       0.7448
    2666       0.7312
    2667       0.7426
    2668       0.7687
    2669       0.7456
    2670       0.7377
    2671       0.7051
    2672       0.7724
    2673       0.7699
    2674       0.7630
    2675       0.7928
    2676       0.8077
    2677       0.7761
    2678       0.7285
    2679       0.7135
    2680       0.7944
    2681       0.8164
    2682       0.7509
    2683       0.7296
    2684       0.6785
    2685       0.7378
    2686       0.7357
    2687       0.7401
    2688       0.7208
    2689       0.7320
    2690       0.7585
    2691       0.7692
    2692       0.7914
    2693       0.7570
    2694       0.7467
    2695       0.7369
    2696       0.7604
    2697       0.8517
    2698       0.7750
    2699       0.8355
    2700       0.8192
    2701       0.8195
    2702       0.7933
    2703       0.8601
    2704       0.8353
    2705       0.8075
    2706       0.7983
    2707       0.8186
    2708       0.7771
    2709       0.7828
    2710       0.8066
    2711       0.7877
    2712       0.8131
    2713       0.7914
    2714       0.8101
    2715       0.7441
    2716       0.8354
    2717       0.8862
    2718       0.8985
    2719       0.9273
    2720       0.9638
    2721       0.9110
    2722       0.9048
    2723       0.9227
    2724       0.9200
    2725       0.9157
    2726       0.9220
    2727       0.9748
    2728       0.9793
    2729       0.9674
    2730       0.9813
    2731       1.0698
    2732       1.0054
    2733       1.0788
    2734       1.0527
    2735       1.0677
    2736       1.0415
    2737       1.0948
    2738       1.0561
    2739       1.0632
    2740       1.1104
    2741       1.0301
    2742       0.9984
    2743       0.9918
    2744       1.0301
    2745       1.0353
    2746       1.1208
    2747       1.0980
    2748       1.0769
    2749       1.0358
    2750       1.0049
    2751       0.9744
    2752       0.9488
    2753       0.9414
    2754       0.9092
    2755       0.9820
    2756       0.9462
    2757       0.9397
    2758       0.9413
    2759       0.9415
    2760       0.9241
    2761       0.9887
    2762       0.9574
    2763       0.9144
    2764       0.8751
    2765       0.8280
    2766       0.8477
    2767       0.8587
    2768       0.8020
    2769       0.8274
    2770       0.8332
    2771       0.8693
    2772       0.8723
    2773       0.7835
    2774       0.8161
    2775       0.8480
    2776       0.8101
    2777       0.8366
    2778       0.8828
    2779       0.8337
    2780       0.8931
    2781       0.8693
    2782       0.8801
    2783       0.8376
    2784       0.8812
    2785       0.8561
    2786       0.8126
    2787       0.8194
    2788       0.7858
    2789       0.7969
    2790       0.7758
    2791       0.7902
    2792       0.8282
    2793       0.8338
    2794       0.7627
    2795       0.7533
    2796       0.7522
    2797       0.7713
    2798       0.7379
    2799       0.8086
    2800       0.7288
    2801       0.7357
    2802       0.7912
    2803       0.8218
    2804       0.8284
    2805       0.9296
    2806       0.9293
    2807       0.8575
    2808       0.8373
    2809       0.8169
    2810       0.7901
    2811       0.8096
    2812       0.8085
    2813       0.7790
    2814       0.7883
    2815       0.7838
    2816       0.7202
    2817       0.7090
    2818       0.6905
    2819       0.7024
    2820       0.7183
    2821       0.7738
    2822       0.7417
    2823       0.7581
    2824       0.7609
    2825       0.7444
    2826       0.7184
    2827       0.7257
    2828       0.7074
    2829       0.7751
    2830       0.7416
    2831       0.7424
    2832       0.7309
    2833       0.7700
    2834       0.7686
    2835       0.7134
    2836       0.7331
    2837       0.7647
    2838       0.7311
    2839       0.7165
    2840       0.7352
    2841       0.7291
    2842       0.8046
    2843       0.7688
    2844       0.7621
    2845       0.8263
    2846       0.8210
    2847       0.8531
    2848       0.8027
    2849       0.8343
    2850       0.7710
    2851       0.8042
    2852       0.8075
    2853       0.8301
    2854       0.7766
    2855       0.8768
    2856       0.8735
    2857       0.9147
    2858       0.9373
    2859       0.8648
    2860       0.8928
    2861       0.8473
    2862       0.8118
    2863       0.8317
    2864       0.7955
    2865       0.7940
    2866       0.8195
    2867       0.8659
    2868       0.8330
    2869       0.8303
    2870       0.8208
    2871       0.7325
    2872       0.7837
    2873       0.7668
    2874       0.7284
    2875       0.7420
    2876       0.7738
    2877       0.7741
    2878       0.7871
    2879       0.8032
    2880       0.7869
    2881       0.7447
    2882       0.7178
    2883       0.7643
    2884       0.7480
    2885       0.7220
    2886       0.7687
    2887       0.7420
    2888       0.7456
    2889       0.7425
    2890       0.7122
    2891       0.7849
    2892       0.8157
    2893       0.7567
    2894       0.7446
    2895       0.7700
    2896       0.7158
    2897       0.7557
    2898       0.7976
    2899       0.8484
    2900       0.7937
