#Frame           RMSD
       1       0.0000
       2       0.1306
       3       0.1567
       4       0.1789
       5       0.1943
       6       0.2110
       7       0.2164
       8       0.2310
       9       0.2353
      10       0.2337
      11       0.2438
      12       0.2504
      13       0.2509
      14       0.2491
      15       0.2481
      16       0.2659
      17       0.2608
      18       0.2597
      19       0.2657
      20       0.2668
      21       0.2643
      22       0.2787
      23       0.2759
      24       0.2735
      25       0.2772
      26       0.2758
      27       0.2710
      28       0.2702
      29       0.2820
      30       0.2750
      31       0.2744
      32       0.2741
      33       0.2793
      34       0.2986
      35       0.2891
      36       0.2831
      37       0.2862
      38       0.2849
      39       0.2852
      40       0.2700
      41       0.2825
      42       0.2824
      43       0.2836
      44       0.2795
      45       0.2818
      46       0.2936
      47       0.2862
      48       0.2851
      49       0.2871
      50       0.2911
      51       0.2956
      52       0.2894
      53       0.2819
      54       0.2846
      55       0.2907
      56       0.2873
      57       0.2813
      58       0.2822
      59       0.2777
      60       0.2796
      61       0.2663
      62       0.2798
      63       0.2788
      64       0.2914
      65       0.2939
      66       0.2850
      67       0.2864
      68       0.2844
      69       0.2763
      70       0.2844
      71       0.2850
      72       0.2860
      73       0.2784
      74       0.2869
      75       0.2786
      76       0.2820
      77       0.2844
      78       0.2902
      79       0.2910
      80       0.2893
      81       0.2849
      82       0.2853
      83       0.2788
      84       0.2849
      85       0.2936
      86       0.2904
      87       0.2848
      88       0.2951
      89       0.2886
      90       0.2833
      91       0.2854
      92       0.2733
      93       0.2801
      94       0.2737
      95       0.2847
      96       0.2877
      97       0.2861
      98       0.2834
      99       0.2880
     100       0.2821
     101       0.2875
     102       0.2880
     103       0.2932
     104       0.3016
     105       0.2969
     106       0.2934
     107       0.2955
     108       0.3003
     109       0.3015
     110       0.2958
     111       0.3009
     112       0.2978
     113       0.2926
     114       0.2928
     115       0.2989
     116       0.2883
     117       0.3039
     118       0.3018
     119       0.3026
     120       0.2963
     121       0.2900
     122       0.2929
     123       0.2836
     124       0.2936
     125       0.3016
     126       0.2931
     127       0.2976
     128       0.3024
     129       0.2972
     130       0.3016
     131       0.2969
     132       0.2912
     133       0.2944
     134       0.2975
     135       0.2925
     136       0.2854
     137       0.2885
     138       0.2868
     139       0.2919
     140       0.2945
     141       0.2848
     142       0.2933
     143       0.3016
     144       0.2924
     145       0.2933
     146       0.2974
     147       0.2933
     148       0.2962
     149       0.2966
     150       0.2947
     151       0.2995
     152       0.2950
     153       0.3052
     154       0.2907
     155       0.2959
     156       0.2892
     157       0.2939
     158       0.2857
     159       0.2945
     160       0.2941
     161       0.2962
     162       0.2914
     163       0.2929
     164       0.2926
     165       0.2847
     166       0.2911
     167       0.3004
     168       0.3005
     169       0.2974
     170       0.2991
     171       0.3020
     172       0.2957
     173       0.3008
     174       0.2991
     175       0.2916
     176       0.2919
     177       0.2991
     178       0.2980
     179       0.2914
     180       0.3036
     181       0.3009
     182       0.2952
     183       0.2941
     184       0.2851
     185       0.2895
     186       0.2891
     187       0.2818
     188       0.2862
     189       0.2946
     190       0.2911
     191       0.2954
     192       0.2994
     193       0.2924
     194       0.2904
     195       0.2950
     196       0.2856
     197       0.2953
     198       0.2962
     199       0.2947
     200       0.2961
     201       0.2950
     202       0.2885
     203       0.2821
     204       0.2949
     205       0.2868
     206       0.2945
     207       0.3008
     208       0.3082
     209       0.2980
     210       0.2987
     211       0.2933
     212       0.2930
     213       0.2995
     214       0.3042
     215       0.3165
     216       0.3073
     217       0.3086
     218       0.3024
     219       0.3137
     220       0.3068
     221       0.3142
     222       0.3190
     223       0.3179
     224       0.3125
     225       0.3063
     226       0.3077
     227       0.3063
     228       0.2980
     229       0.3033
     230       0.3026
     231       0.2970
     232       0.3090
     233       0.3114
     234       0.3123
     235       0.3068
     236       0.3063
     237       0.3084
     238       0.3047
     239       0.3080
     240       0.3080
     241       0.3036
     242       0.3047
     243       0.3037
     244       0.2999
     245       0.2956
     246       0.2954
     247       0.3008
     248       0.2990
     249       0.3063
     250       0.3032
     251       0.2971
     252       0.3060
     253       0.3026
     254       0.2919
     255       0.2907
     256       0.2996
     257       0.3050
     258       0.3026
     259       0.3138
     260       0.3120
     261       0.3051
     262       0.2965
     263       0.3047
     264       0.2923
     265       0.3039
     266       0.3040
     267       0.3035
     268       0.3003
     269       0.3072
     270       0.3009
     271       0.3071
     272       0.3102
     273       0.3115
     274       0.3051
     275       0.3049
     276       0.3050
     277       0.3120
     278       0.3036
     279       0.3044
     280       0.3009
     281       0.3005
     282       0.3024
     283       0.3064
     284       0.2982
     285       0.2971
     286       0.3075
     287       0.3075
     288       0.3004
     289       0.3041
     290       0.3073
     291       0.3039
     292       0.2996
     293       0.2979
     294       0.3066
     295       0.3063
     296       0.3073
     297       0.3052
     298       0.3118
     299       0.3049
     300       0.3033
     301       0.3067
     302       0.3014
     303       0.3055
     304       0.3062
     305       0.3038
     306       0.2969
     307       0.3083
     308       0.3106
     309       0.3058
     310       0.3074
     311       0.3072
     312       0.3023
     313       0.2970
     314       0.2943
     315       0.3042
     316       0.3007
     317       0.3081
     318       0.3084
     319       0.3003
     320       0.3075
     321       0.3093
     322       0.3068
     323       0.3211
     324       0.3082
     325       0.3129
     326       0.3037
     327       0.3064
     328       0.3127
     329       0.3070
     330       0.3081
     331       0.3049
     332       0.3016
     333       0.2960
     334       0.3038
     335       0.3060
     336       0.3082
     337       0.3073
     338       0.3119
     339       0.2999
     340       0.3081
     341       0.3105
     342       0.2979
     343       0.3068
     344       0.3090
     345       0.3071
     346       0.3113
     347       0.3059
     348       0.3062
     349       0.3032
     350       0.3054
     351       0.2974
     352       0.2997
     353       0.3019
     354       0.3014
     355       0.3089
     356       0.3055
     357       0.3107
     358       0.3164
     359       0.3108
     360       0.3145
     361       0.3119
     362       0.3146
     363       0.3166
     364       0.3090
     365       0.3069
     366       0.3066
     367       0.3126
     368       0.3154
     369       0.3143
     370       0.3021
     371       0.3068
     372       0.3029
     373       0.3067
     374       0.2976
     375       0.3112
     376       0.3104
     377       0.3068
     378       0.3074
     379       0.3112
     380       0.3052
     381       0.2974
     382       0.3075
     383       0.3011
     384       0.3082
     385       0.3114
     386       0.3081
     387       0.3114
     388       0.3128
     389       0.3140
     390       0.3204
     391       0.3139
     392       0.3118
     393       0.3088
     394       0.3108
     395       0.3072
     396       0.3122
     397       0.3119
     398       0.3024
     399       0.3077
     400       0.3120
     401       0.3194
     402       0.3230
     403       0.3136
     404       0.3121
     405       0.3085
     406       0.3237
     407       0.3119
     408       0.3180
     409       0.3144
     410       0.3134
     411       0.3184
     412       0.3149
     413       0.3174
     414       0.3124
     415       0.3138
     416       0.3252
     417       0.3054
     418       0.3108
     419       0.3130
     420       0.3164
     421       0.2997
     422       0.3160
     423       0.3045
     424       0.3012
     425       0.3125
     426       0.3140
     427       0.3255
     428       0.3058
     429       0.3095
     430       0.3130
     431       0.3150
     432       0.3213
     433       0.3153
     434       0.3030
     435       0.3072
     436       0.3046
     437       0.3076
     438       0.3139
     439       0.3141
     440       0.3125
     441       0.3052
     442       0.3161
     443       0.3106
     444       0.3063
     445       0.3092
     446       0.3175
     447       0.3153
     448       0.3155
     449       0.3222
     450       0.3187
     451       0.3329
     452       0.3284
     453       0.3173
     454       0.3038
     455       0.3063
     456       0.3104
     457       0.3112
     458       0.3111
     459       0.3228
     460       0.3143
     461       0.3159
     462       0.3149
     463       0.3163
     464       0.3125
     465       0.3113
     466       0.3244
     467       0.3228
     468       0.3118
     469       0.3088
     470       0.3055
     471       0.3162
     472       0.3119
     473       0.3109
     474       0.3147
     475       0.3097
     476       0.3072
     477       0.3197
     478       0.3108
     479       0.3256
     480       0.3170
     481       0.3242
     482       0.3224
     483       0.3190
     484       0.3180
     485       0.3162
     486       0.3198
     487       0.3195
     488       0.3211
     489       0.3190
     490       0.3105
     491       0.3008
     492       0.2971
     493       0.3134
     494       0.3042
     495       0.3155
     496       0.3080
     497       0.3161
     498       0.3120
     499       0.3167
     500       0.3126
     501       0.3135
     502       0.3182
     503       0.3104
     504       0.3180
     505       0.3167
     506       0.3128
     507       0.3035
     508       0.3123
     509       0.3069
     510       0.3078
     511       0.3132
     512       0.3055
     513       0.3171
     514       0.3172
     515       0.3222
     516       0.3243
     517       0.3202
     518       0.3174
     519       0.3351
     520       0.3259
     521       0.3121
     522       0.3108
     523       0.3136
     524       0.3138
     525       0.3134
     526       0.3189
     527       0.3208
     528       0.3250
     529       0.3263
     530       0.3256
     531       0.3275
     532       0.3274
     533       0.3119
     534       0.3173
     535       0.3136
     536       0.3145
     537       0.3283
     538       0.3035
     539       0.3172
     540       0.3099
     541       0.3027
     542       0.3116
     543       0.3106
     544       0.3058
     545       0.3102
     546       0.3165
     547       0.3139
     548       0.3177
     549       0.3211
     550       0.3325
     551       0.3138
     552       0.3211
     553       0.3215
     554       0.3155
     555       0.3266
     556       0.3182
     557       0.3196
     558       0.3244
     559       0.3243
     560       0.3210
     561       0.3189
     562       0.3179
     563       0.3261
     564       0.3191
     565       0.3055
     566       0.3169
     567       0.3130
     568       0.3141
     569       0.3062
     570       0.3071
     571       0.3182
     572       0.3094
     573       0.3074
     574       0.3123
     575       0.3058
     576       0.3070
     577       0.3085
     578       0.3077
     579       0.3129
     580       0.3209
     581       0.3198
     582       0.3236
     583       0.3078
     584       0.3180
     585       0.3162
     586       0.3142
     587       0.3107
     588       0.3079
     589       0.3121
     590       0.3121
     591       0.3091
     592       0.3019
     593       0.3143
     594       0.3123
     595       0.3151
     596       0.3162
     597       0.3143
     598       0.3308
     599       0.3147
     600       0.3134
     601       0.3235
     602       0.3197
     603       0.3311
     604       0.3237
     605       0.3197
     606       0.3181
     607       0.3148
     608       0.3290
     609       0.3053
     610       0.3144
     611       0.3324
     612       0.3217
     613       0.3225
     614       0.3221
     615       0.3214
     616       0.3112
     617       0.3233
     618       0.3135
     619       0.3157
     620       0.3181
     621       0.3223
     622       0.3259
     623       0.3225
     624       0.3100
     625       0.3142
     626       0.3227
     627       0.3182
     628       0.3197
     629       0.3137
     630       0.3205
     631       0.3223
     632       0.3217
     633       0.3259
     634       0.3216
     635       0.3264
     636       0.3276
     637       0.3178
     638       0.3268
     639       0.3296
     640       0.3142
     641       0.3210
     642       0.3258
     643       0.3277
     644       0.3303
     645       0.3351
     646       0.3218
     647       0.3316
     648       0.3251
     649       0.3324
     650       0.3282
     651       0.3320
     652       0.3341
     653       0.3060
     654       0.3203
     655       0.3173
     656       0.3240
     657       0.3263
     658       0.3224
     659       0.3220
     660       0.3253
     661       0.3186
     662       0.3218
     663       0.3135
     664       0.3202
     665       0.3272
     666       0.3175
     667       0.3191
     668       0.3252
     669       0.3186
     670       0.3081
     671       0.3237
     672       0.3250
     673       0.3275
     674       0.3240
     675       0.3192
     676       0.3336
     677       0.3329
     678       0.3172
     679       0.3315
     680       0.3271
     681       0.3257
     682       0.3170
     683       0.3254
     684       0.3246
     685       0.3246
     686       0.3175
     687       0.3267
     688       0.3340
     689       0.3165
     690       0.3253
     691       0.3138
     692       0.3329
     693       0.3231
     694       0.3221
     695       0.3194
     696       0.3349
     697       0.3253
     698       0.3222
     699       0.3224
     700       0.3217
     701       0.3291
     702       0.3318
     703       0.3261
     704       0.3280
     705       0.3314
     706       0.3305
     707       0.3181
     708       0.3261
     709       0.3260
     710       0.3307
     711       0.3306
     712       0.3204
     713       0.3206
     714       0.3256
     715       0.3222
     716       0.3160
     717       0.3247
     718       0.3231
     719       0.3201
     720       0.3257
     721       0.3182
     722       0.3206
     723       0.3204
     724       0.3225
     725       0.3295
     726       0.3161
     727       0.3134
     728       0.3318
     729       0.3232
     730       0.3155
     731       0.3220
     732       0.3315
     733       0.3309
     734       0.3373
     735       0.3287
     736       0.3304
     737       0.3225
     738       0.3216
     739       0.3146
     740       0.3242
     741       0.3342
     742       0.3378
     743       0.3388
     744       0.3328
     745       0.3355
     746       0.3198
     747       0.3115
     748       0.3288
     749       0.3202
     750       0.3351
     751       0.3300
     752       0.3278
     753       0.3251
     754       0.3202
     755       0.3285
     756       0.3252
     757       0.3256
     758       0.3255
     759       0.3286
     760       0.3208
     761       0.3286
     762       0.3322
     763       0.3226
     764       0.3272
     765       0.3300
     766       0.3261
     767       0.3236
     768       0.3127
     769       0.3162
     770       0.3197
     771       0.3207
     772       0.3371
     773       0.3289
     774       0.3139
     775       0.3234
     776       0.3387
     777       0.3344
     778       0.3230
     779       0.3317
     780       0.3179
     781       0.3236
     782       0.3265
     783       0.3144
     784       0.3176
     785       0.3242
     786       0.3165
     787       0.3147
     788       0.3310
     789       0.3166
     790       0.3267
     791       0.3333
     792       0.3319
     793       0.3218
     794       0.3244
     795       0.3284
     796       0.3280
     797       0.3282
     798       0.3289
     799       0.3292
     800       0.3205
     801       0.3420
     802       0.3310
     803       0.3272
     804       0.3297
     805       0.3298
     806       0.3216
     807       0.3186
     808       0.3214
     809       0.3231
     810       0.3209
     811       0.3265
     812       0.3199
     813       0.3356
     814       0.3329
     815       0.3299
     816       0.3316
     817       0.3325
     818       0.3426
     819       0.3344
     820       0.3332
     821       0.3167
     822       0.3298
     823       0.3198
     824       0.3158
     825       0.3289
     826       0.3199
     827       0.3370
     828       0.3365
     829       0.3414
     830       0.3421
     831       0.3371
     832       0.3350
     833       0.3326
     834       0.3223
     835       0.3308
     836       0.3249
     837       0.3325
     838       0.3335
     839       0.3321
     840       0.3398
     841       0.3305
     842       0.3456
     843       0.3408
     844       0.3352
     845       0.3386
     846       0.3234
     847       0.3341
     848       0.3370
     849       0.3271
     850       0.3311
     851       0.3243
     852       0.3361
     853       0.3221
     854       0.3253
     855       0.3332
     856       0.3293
     857       0.3204
     858       0.3405
     859       0.3315
     860       0.3384
     861       0.3256
     862       0.3424
     863       0.3353
     864       0.3343
     865       0.3407
     866       0.3316
     867       0.3398
     868       0.3302
     869       0.3395
     870       0.3290
     871       0.3369
     872       0.3384
     873       0.3283
     874       0.3342
     875       0.3236
     876       0.3322
     877       0.3395
     878       0.3445
     879       0.3293
     880       0.3198
     881       0.3286
     882       0.3323
     883       0.3398
     884       0.3279
     885       0.3389
     886       0.3287
     887       0.3367
     888       0.3283
     889       0.3381
     890       0.3266
     891       0.3221
     892       0.3367
     893       0.3269
     894       0.3278
     895       0.3452
     896       0.3288
     897       0.3319
     898       0.3446
     899       0.3327
     900       0.3208
     901       0.3370
     902       0.3302
     903       0.3339
     904       0.3371
     905       0.3251
     906       0.3301
     907       0.3453
     908       0.3426
     909       0.3371
     910       0.3463
     911       0.3409
     912       0.3358
     913       0.3333
     914       0.3334
     915       0.3365
     916       0.3296
     917       0.3304
     918       0.3379
     919       0.3405
     920       0.3267
     921       0.3294
     922       0.3184
     923       0.3302
     924       0.3232
     925       0.3475
     926       0.3305
     927       0.3290
     928       0.3325
     929       0.3302
     930       0.3392
     931       0.3388
     932       0.3315
     933       0.3210
     934       0.3297
     935       0.3405
     936       0.3327
     937       0.3339
     938       0.3253
     939       0.3240
     940       0.3354
     941       0.3280
     942       0.3394
     943       0.3499
     944       0.3504
     945       0.3465
     946       0.3346
     947       0.3302
     948       0.3398
     949       0.3307
     950       0.3287
     951       0.3262
     952       0.3327
     953       0.3241
     954       0.3296
     955       0.3294
     956       0.3330
     957       0.3296
     958       0.3316
     959       0.3311
     960       0.3290
     961       0.3333
     962       0.3330
     963       0.3310
     964       0.3303
     965       0.3434
     966       0.3345
     967       0.3294
     968       0.3240
     969       0.3274
     970       0.3368
     971       0.3390
     972       0.3300
     973       0.3398
     974       0.3215
     975       0.3300
     976       0.3401
     977       0.3409
     978       0.3406
     979       0.3259
     980       0.3311
     981       0.3224
     982       0.3322
     983       0.3348
     984       0.3344
     985       0.3466
     986       0.3441
     987       0.3363
     988       0.3325
     989       0.3314
     990       0.3357
     991       0.3388
     992       0.3332
     993       0.3390
     994       0.3355
     995       0.3413
     996       0.3324
     997       0.3244
     998       0.3326
     999       0.3367
    1000       0.3355
    1001       0.3415
    1002       0.3336
    1003       0.3317
    1004       0.3503
    1005       0.3262
    1006       0.3507
    1007       0.3459
    1008       0.3358
    1009       0.3367
    1010       0.3343
    1011       0.3326
    1012       0.3470
    1013       0.3518
    1014       0.3435
    1015       0.3455
    1016       0.3367
    1017       0.3351
    1018       0.3391
    1019       0.3463
    1020       0.3439
    1021       0.3569
    1022       0.3545
    1023       0.3379
    1024       0.3458
    1025       0.3357
    1026       0.3427
    1027       0.3456
    1028       0.3461
    1029       0.3466
    1030       0.3385
    1031       0.3428
    1032       0.3373
    1033       0.3399
    1034       0.3332
    1035       0.3477
    1036       0.3327
    1037       0.3240
    1038       0.3349
    1039       0.3364
    1040       0.3334
    1041       0.3310
    1042       0.3450
    1043       0.3335
    1044       0.3446
    1045       0.3380
    1046       0.3449
    1047       0.3399
    1048       0.3365
    1049       0.3265
    1050       0.3485
    1051       0.3337
    1052       0.3432
    1053       0.3429
    1054       0.3380
    1055       0.3494
    1056       0.3321
    1057       0.3484
    1058       0.3397
    1059       0.3548
    1060       0.3351
    1061       0.3485
    1062       0.3468
    1063       0.3295
    1064       0.3212
    1065       0.3441
    1066       0.3398
    1067       0.3393
    1068       0.3561
    1069       0.3488
    1070       0.3469
    1071       0.3513
    1072       0.3437
    1073       0.3348
    1074       0.3378
    1075       0.3367
    1076       0.3292
    1077       0.3397
    1078       0.3385
    1079       0.3404
    1080       0.3428
    1081       0.3375
    1082       0.3286
    1083       0.3417
    1084       0.3361
    1085       0.3393
    1086       0.3513
    1087       0.3498
    1088       0.3352
    1089       0.3318
    1090       0.3417
    1091       0.3411
    1092       0.3465
    1093       0.3465
    1094       0.3382
    1095       0.3406
    1096       0.3434
    1097       0.3373
    1098       0.3379
    1099       0.3303
    1100       0.3474
    1101       0.3549
    1102       0.3515
    1103       0.3710
    1104       0.3482
    1105       0.3509
    1106       0.3663
    1107       0.3475
    1108       0.3630
    1109       0.3502
    1110       0.3499
    1111       0.3579
    1112       0.3691
    1113       0.3652
    1114       0.3506
    1115       0.3583
    1116       0.3567
    1117       0.3501
    1118       0.3582
    1119       0.3615
    1120       0.3571
    1121       0.3670
    1122       0.3695
    1123       0.3727
    1124       0.3605
    1125       0.3535
    1126       0.3561
    1127       0.3397
    1128       0.3464
    1129       0.3590
    1130       0.3635
    1131       0.3626
    1132       0.3478
    1133       0.3495
    1134       0.3587
    1135       0.3424
    1136       0.3601
    1137       0.3466
    1138       0.3573
    1139       0.3588
    1140       0.3477
    1141       0.3394
    1142       0.3459
    1143       0.3387
    1144       0.3601
    1145       0.3517
    1146       0.3605
    1147       0.3617
    1148       0.3423
    1149       0.3454
    1150       0.3567
    1151       0.3519
    1152       0.3478
    1153       0.3395
    1154       0.3564
    1155       0.3587
    1156       0.3664
    1157       0.3350
    1158       0.3513
    1159       0.3586
    1160       0.3560
    1161       0.3587
    1162       0.3585
    1163       0.3481
    1164       0.3666
    1165       0.3587
    1166       0.3487
    1167       0.3568
    1168       0.3591
    1169       0.3566
    1170       0.3449
    1171       0.3482
    1172       0.3476
    1173       0.3464
    1174       0.3551
    1175       0.3539
    1176       0.3417
    1177       0.3487
    1178       0.3406
    1179       0.3575
    1180       0.3637
    1181       0.3555
    1182       0.3516
    1183       0.3530
    1184       0.3479
    1185       0.3649
    1186       0.3614
    1187       0.3596
    1188       0.3547
    1189       0.3659
    1190       0.3521
    1191       0.3678
    1192       0.3554
    1193       0.3598
    1194       0.3531
    1195       0.3575
    1196       0.3596
    1197       0.3499
    1198       0.3514
    1199       0.3636
    1200       0.3528
    1201       0.3534
    1202       0.3396
    1203       0.3435
    1204       0.3518
    1205       0.3522
    1206       0.3405
    1207       0.3466
    1208       0.3552
    1209       0.3677
    1210       0.3633
    1211       0.3660
    1212       0.3743
    1213       0.3771
    1214       0.3607
    1215       0.3722
    1216       0.3654
    1217       0.3567
    1218       0.3677
    1219       0.3756
    1220       0.3502
    1221       0.3661
    1222       0.3649
    1223       0.3632
    1224       0.3671
    1225       0.3493
    1226       0.3592
    1227       0.3631
    1228       0.3716
    1229       0.3666
    1230       0.3694
    1231       0.3515
    1232       0.3651
    1233       0.3716
    1234       0.3452
    1235       0.3643
    1236       0.3555
    1237       0.3616
    1238       0.3682
    1239       0.3630
    1240       0.3674
    1241       0.3550
    1242       0.3547
    1243       0.3509
    1244       0.3560
    1245       0.3634
    1246       0.3657
    1247       0.3586
    1248       0.3618
    1249       0.3606
    1250       0.3554
    1251       0.3644
    1252       0.3594
    1253       0.3519
    1254       0.3516
    1255       0.3610
    1256       0.3523
    1257       0.3641
    1258       0.3621
    1259       0.3588
    1260       0.3534
    1261       0.3695
    1262       0.3528
    1263       0.3681
    1264       0.3652
    1265       0.3557
    1266       0.3540
    1267       0.3588
    1268       0.3656
    1269       0.3630
    1270       0.3707
    1271       0.3575
    1272       0.3631
    1273       0.3642
    1274       0.3772
    1275       0.3613
    1276       0.3634
    1277       0.3671
    1278       0.3645
    1279       0.3693
    1280       0.3808
    1281       0.3583
    1282       0.3608
    1283       0.3444
    1284       0.3525
    1285       0.3525
    1286       0.3530
    1287       0.3566
    1288       0.3617
    1289       0.3551
    1290       0.3779
    1291       0.3680
    1292       0.3574
    1293       0.3621
    1294       0.3561
    1295       0.3581
    1296       0.3717
    1297       0.3536
    1298       0.3453
    1299       0.3501
    1300       0.3507
    1301       0.3711
    1302       0.3638
    1303       0.3696
    1304       0.3618
    1305       0.3545
    1306       0.3486
    1307       0.3738
    1308       0.3584
    1309       0.3680
    1310       0.3577
    1311       0.3491
    1312       0.3561
    1313       0.3688
    1314       0.3611
    1315       0.3667
    1316       0.3637
    1317       0.3770
    1318       0.3567
    1319       0.3768
    1320       0.3573
    1321       0.3578
    1322       0.3786
    1323       0.3870
    1324       0.3788
    1325       0.3738
    1326       0.3753
    1327       0.3497
    1328       0.3716
    1329       0.3683
    1330       0.3685
    1331       0.3562
    1332       0.3615
    1333       0.3602
    1334       0.3687
    1335       0.3589
    1336       0.3779
    1337       0.3743
    1338       0.3645
    1339       0.3715
    1340       0.3565
    1341       0.3464
    1342       0.3689
    1343       0.3621
    1344       0.3639
    1345       0.3678
    1346       0.3547
    1347       0.3600
    1348       0.3595
    1349       0.3595
    1350       0.3709
    1351       0.3686
    1352       0.3644
    1353       0.3651
    1354       0.3587
    1355       0.3746
    1356       0.3556
    1357       0.3692
    1358       0.3686
    1359       0.3651
    1360       0.3721
    1361       0.3632
    1362       0.3662
    1363       0.3716
    1364       0.3644
    1365       0.3672
    1366       0.3790
    1367       0.3664
    1368       0.3684
    1369       0.3585
    1370       0.3558
    1371       0.3380
    1372       0.3545
    1373       0.3578
    1374       0.3575
    1375       0.3597
    1376       0.3615
    1377       0.3686
    1378       0.3481
    1379       0.3605
    1380       0.3766
    1381       0.3593
    1382       0.3637
    1383       0.3699
    1384       0.3515
    1385       0.3489
    1386       0.3436
    1387       0.3750
    1388       0.3530
    1389       0.3520
    1390       0.3514
    1391       0.3535
    1392       0.3762
    1393       0.3712
    1394       0.3487
    1395       0.3608
    1396       0.3775
    1397       0.3715
    1398       0.3665
    1399       0.3689
    1400       0.3419
    1401       0.3534
    1402       0.3596
    1403       0.3447
    1404       0.3595
    1405       0.3548
    1406       0.3504
    1407       0.3431
    1408       0.3586
    1409       0.3530
    1410       0.3628
    1411       0.3568
    1412       0.3601
    1413       0.3544
    1414       0.3647
    1415       0.3578
    1416       0.3508
    1417       0.3633
    1418       0.3566
    1419       0.3519
    1420       0.3500
    1421       0.3497
    1422       0.3639
    1423       0.3677
    1424       0.3590
    1425       0.3408
    1426       0.3433
    1427       0.3475
    1428       0.3447
    1429       0.3607
    1430       0.3525
    1431       0.3492
    1432       0.3406
    1433       0.3760
    1434       0.3611
    1435       0.3577
    1436       0.3675
    1437       0.3596
    1438       0.3619
    1439       0.3561
    1440       0.3574
    1441       0.3529
    1442       0.3431
    1443       0.3571
    1444       0.3607
    1445       0.3719
    1446       0.3546
    1447       0.3537
    1448       0.3628
    1449       0.3648
    1450       0.3670
    1451       0.3625
    1452       0.3619
    1453       0.3718
    1454       0.3588
    1455       0.3711
    1456       0.3673
    1457       0.3630
    1458       0.3549
    1459       0.3582
    1460       0.3643
    1461       0.3713
    1462       0.3773
    1463       0.3495
    1464       0.3754
    1465       0.3554
    1466       0.3640
    1467       0.3600
    1468       0.3688
    1469       0.3515
    1470       0.3462
    1471       0.3397
    1472       0.3631
    1473       0.3615
    1474       0.3653
    1475       0.3659
    1476       0.3540
    1477       0.3494
    1478       0.3672
    1479       0.3552
    1480       0.3602
    1481       0.3798
    1482       0.3525
    1483       0.3479
    1484       0.3606
    1485       0.3559
    1486       0.3620
    1487       0.3602
    1488       0.3556
    1489       0.3686
    1490       0.3668
    1491       0.3615
    1492       0.3618
    1493       0.3562
    1494       0.3536
    1495       0.3620
    1496       0.3744
    1497       0.3560
    1498       0.3529
    1499       0.3613
    1500       0.3542
    1501       0.3835
    1502       0.3973
    1503       0.3760
    1504       0.3912
    1505       0.3687
    1506       0.3458
    1507       0.3709
    1508       0.3757
    1509       0.3783
    1510       0.3583
    1511       0.3923
    1512       0.3761
    1513       0.3873
    1514       0.3683
    1515       0.3659
    1516       0.3812
    1517       0.3761
    1518       0.3786
    1519       0.3698
    1520       0.3805
    1521       0.3725
    1522       0.3723
    1523       0.3722
    1524       0.3571
    1525       0.3662
    1526       0.3745
    1527       0.3794
    1528       0.3864
    1529       0.3788
    1530       0.3617
    1531       0.3709
    1532       0.3598
    1533       0.3809
    1534       0.3644
    1535       0.3735
    1536       0.3773
    1537       0.3812
    1538       0.3717
    1539       0.3511
    1540       0.3734
    1541       0.4011
    1542       0.3789
    1543       0.3766
    1544       0.3627
    1545       0.3852
    1546       0.3742
    1547       0.3706
    1548       0.3788
    1549       0.3630
    1550       0.3684
    1551       0.3849
    1552       0.3839
    1553       0.3803
    1554       0.3723
    1555       0.3744
    1556       0.3789
    1557       0.3648
    1558       0.3531
    1559       0.3566
    1560       0.3472
    1561       0.3808
    1562       0.3766
    1563       0.3756
    1564       0.3800
    1565       0.3756
    1566       0.3615
    1567       0.3720
    1568       0.3762
    1569       0.3859
    1570       0.3659
    1571       0.3616
    1572       0.3717
    1573       0.3589
    1574       0.3711
    1575       0.3631
    1576       0.3789
    1577       0.3695
    1578       0.3649
    1579       0.3844
    1580       0.3864
    1581       0.3741
    1582       0.3781
    1583       0.3706
    1584       0.3782
    1585       0.3695
    1586       0.3625
    1587       0.3749
    1588       0.3643
    1589       0.3584
    1590       0.3654
    1591       0.3778
    1592       0.3621
    1593       0.3801
    1594       0.3567
    1595       0.3804
    1596       0.3740
    1597       0.3732
    1598       0.3553
    1599       0.3638
    1600       0.3767
    1601       0.3991
    1602       0.3992
    1603       0.3984
    1604       0.4046
    1605       0.3941
    1606       0.4003
    1607       0.4009
    1608       0.3985
    1609       0.4030
    1610       0.3857
    1611       0.4042
    1612       0.4098
    1613       0.4012
    1614       0.4094
    1615       0.4099
    1616       0.3928
    1617       0.3845
    1618       0.4165
    1619       0.3933
    1620       0.3925
    1621       0.4071
    1622       0.4022
    1623       0.3878
    1624       0.4026
    1625       0.3946
    1626       0.4024
    1627       0.4198
    1628       0.4054
    1629       0.3831
    1630       0.3872
    1631       0.3995
    1632       0.3956
    1633       0.3817
    1634       0.3877
    1635       0.3956
    1636       0.4148
    1637       0.4022
    1638       0.3933
    1639       0.4110
    1640       0.3867
    1641       0.4212
    1642       0.4012
    1643       0.3839
    1644       0.4199
    1645       0.4060
    1646       0.3824
    1647       0.3963
    1648       0.4043
    1649       0.3934
    1650       0.3918
    1651       0.4006
    1652       0.3874
    1653       0.4112
    1654       0.3973
    1655       0.4083
    1656       0.4251
    1657       0.3833
    1658       0.4045
    1659       0.3910
    1660       0.4011
    1661       0.3968
    1662       0.3624
    1663       0.3943
    1664       0.4218
    1665       0.4134
    1666       0.4161
    1667       0.3967
    1668       0.3949
    1669       0.3870
    1670       0.4033
    1671       0.3870
    1672       0.3893
    1673       0.3798
    1674       0.4012
    1675       0.3934
    1676       0.4003
    1677       0.4033
    1678       0.4081
    1679       0.4040
    1680       0.3951
    1681       0.4123
    1682       0.3990
    1683       0.4062
    1684       0.3934
    1685       0.4145
    1686       0.3971
    1687       0.3907
    1688       0.3919
    1689       0.3879
    1690       0.3984
    1691       0.3847
    1692       0.3828
    1693       0.3902
    1694       0.3948
    1695       0.3864
    1696       0.3970
    1697       0.3900
    1698       0.4038
    1699       0.3927
    1700       0.3806
    1701       0.4204
    1702       0.4036
    1703       0.4141
    1704       0.4293
    1705       0.4113
    1706       0.4133
    1707       0.3950
    1708       0.4082
    1709       0.3986
    1710       0.4261
    1711       0.4135
    1712       0.4249
    1713       0.4391
    1714       0.4458
    1715       0.4545
    1716       0.4334
    1717       0.4253
    1718       0.4275
    1719       0.4265
    1720       0.4428
    1721       0.4310
    1722       0.4140
    1723       0.4297
    1724       0.4274
    1725       0.4141
    1726       0.4375
    1727       0.4120
    1728       0.4052
    1729       0.4193
    1730       0.4176
    1731       0.4136
    1732       0.4061
    1733       0.4322
    1734       0.4219
    1735       0.4239
    1736       0.4192
    1737       0.4152
    1738       0.4216
    1739       0.4026
    1740       0.4334
    1741       0.4149
    1742       0.4307
    1743       0.4195
    1744       0.4035
    1745       0.4089
    1746       0.4228
    1747       0.4229
    1748       0.3970
    1749       0.3951
    1750       0.4385
    1751       0.4195
    1752       0.4170
    1753       0.4198
    1754       0.3998
    1755       0.4149
    1756       0.4081
    1757       0.4125
    1758       0.4248
    1759       0.4271
    1760       0.4114
    1761       0.4075
    1762       0.4061
    1763       0.4278
    1764       0.3857
    1765       0.4009
    1766       0.4322
    1767       0.4014
    1768       0.4374
    1769       0.4204
    1770       0.3996
    1771       0.4173
    1772       0.4310
    1773       0.4313
    1774       0.4092
    1775       0.4140
    1776       0.4035
    1777       0.4095
    1778       0.3876
    1779       0.4437
    1780       0.4431
    1781       0.4199
    1782       0.4234
    1783       0.4251
    1784       0.4184
    1785       0.4138
    1786       0.4032
    1787       0.4421
    1788       0.4391
    1789       0.4083
    1790       0.4229
    1791       0.4144
    1792       0.4212
    1793       0.3998
    1794       0.4163
    1795       0.4004
    1796       0.4257
    1797       0.4040
    1798       0.4140
    1799       0.4024
    1800       0.4217
    1801       0.4508
    1802       0.4370
    1803       0.4466
    1804       0.4649
    1805       0.4429
    1806       0.4295
    1807       0.4452
    1808       0.4768
    1809       0.4576
    1810       0.4549
    1811       0.4288
    1812       0.4816
    1813       0.4750
    1814       0.4463
    1815       0.4672
    1816       0.4768
    1817       0.4431
    1818       0.4525
    1819       0.4762
    1820       0.4533
    1821       0.4477
    1822       0.4472
    1823       0.4351
    1824       0.4333
    1825       0.4726
    1826       0.4768
    1827       0.4640
    1828       0.4397
    1829       0.4601
    1830       0.4678
    1831       0.4388
    1832       0.4602
    1833       0.4675
    1834       0.4695
    1835       0.4596
    1836       0.4446
    1837       0.4506
    1838       0.4516
    1839       0.4615
    1840       0.4533
    1841       0.4424
    1842       0.4394
    1843       0.4572
    1844       0.4353
    1845       0.4582
    1846       0.4541
    1847       0.4539
    1848       0.4648
    1849       0.4548
    1850       0.4514
    1851       0.4524
    1852       0.4765
    1853       0.4395
    1854       0.4335
    1855       0.4316
    1856       0.4247
    1857       0.4394
    1858       0.4460
    1859       0.4477
    1860       0.4605
    1861       0.4659
    1862       0.4675
    1863       0.4501
    1864       0.4434
    1865       0.4298
    1866       0.4571
    1867       0.4669
    1868       0.4383
    1869       0.4470
    1870       0.4413
    1871       0.4410
    1872       0.4668
    1873       0.4557
    1874       0.4491
    1875       0.4448
    1876       0.4457
    1877       0.4377
    1878       0.4455
    1879       0.4558
    1880       0.4491
    1881       0.4626
    1882       0.4632
    1883       0.4555
    1884       0.4583
    1885       0.4538
    1886       0.4447
    1887       0.4620
    1888       0.4438
    1889       0.4339
    1890       0.4486
    1891       0.4502
    1892       0.4532
    1893       0.4575
    1894       0.4595
    1895       0.4578
    1896       0.4532
    1897       0.4239
    1898       0.4522
    1899       0.4365
    1900       0.4396
    1901       0.4393
    1902       0.4635
    1903       0.4565
    1904       0.4590
    1905       0.4810
    1906       0.4735
    1907       0.4838
    1908       0.4870
    1909       0.4788
    1910       0.5022
    1911       0.4762
    1912       0.4683
    1913       0.4492
    1914       0.4619
    1915       0.4754
    1916       0.4568
    1917       0.4926
    1918       0.4582
    1919       0.4528
    1920       0.4616
    1921       0.4857
    1922       0.4789
    1923       0.4754
    1924       0.4778
    1925       0.4984
    1926       0.4719
    1927       0.4554
    1928       0.4578
    1929       0.4331
    1930       0.4480
    1931       0.4584
    1932       0.4560
    1933       0.5191
    1934       0.4853
    1935       0.4998
    1936       0.4877
    1937       0.4900
    1938       0.4554
    1939       0.4949
    1940       0.4744
    1941       0.4796
    1942       0.4670
    1943       0.4911
    1944       0.4519
    1945       0.4575
    1946       0.4692
    1947       0.4618
    1948       0.4789
    1949       0.4763
    1950       0.4675
    1951       0.4737
    1952       0.4367
    1953       0.4670
    1954       0.4408
    1955       0.4474
    1956       0.4923
    1957       0.5129
    1958       0.5056
    1959       0.4853
    1960       0.4502
    1961       0.4688
    1962       0.4917
    1963       0.4742
    1964       0.4505
    1965       0.4533
    1966       0.4630
    1967       0.4602
    1968       0.4479
    1969       0.4660
    1970       0.4751
    1971       0.4560
    1972       0.4978
    1973       0.4694
    1974       0.4669
    1975       0.4589
    1976       0.4292
    1977       0.4609
    1978       0.4842
    1979       0.4710
    1980       0.4637
    1981       0.4798
    1982       0.4744
    1983       0.4562
    1984       0.4326
    1985       0.4561
    1986       0.4684
    1987       0.4760
    1988       0.4838
    1989       0.4604
    1990       0.5044
    1991       0.4855
    1992       0.4697
    1993       0.4756
    1994       0.4714
    1995       0.4495
    1996       0.4666
    1997       0.4681
    1998       0.4644
    1999       0.4707
    2000       0.4746
    2001       0.5437
    2002       0.5061
    2003       0.4992
    2004       0.5095
    2005       0.4848
    2006       0.4704
    2007       0.4824
    2008       0.4997
    2009       0.5368
    2010       0.4890
    2011       0.4975
    2012       0.5036
    2013       0.4829
    2014       0.4744
    2015       0.4816
    2016       0.4917
    2017       0.4628
    2018       0.4990
    2019       0.4947
    2020       0.4942
    2021       0.4829
    2022       0.5005
    2023       0.5128
    2024       0.4921
    2025       0.4983
    2026       0.5132
    2027       0.5213
    2028       0.4774
    2029       0.5118
    2030       0.5031
    2031       0.5045
    2032       0.4805
    2033       0.5029
    2034       0.4935
    2035       0.4966
    2036       0.4877
    2037       0.4988
    2038       0.5262
    2039       0.5390
    2040       0.5043
    2041       0.5132
    2042       0.4850
    2043       0.4771
    2044       0.4762
    2045       0.5202
    2046       0.5140
    2047       0.4677
    2048       0.4722
    2049       0.5060
    2050       0.4954
    2051       0.5058
    2052       0.5118
    2053       0.5062
    2054       0.5048
    2055       0.4775
    2056       0.4884
    2057       0.4848
    2058       0.4974
    2059       0.4911
    2060       0.5173
    2061       0.5034
    2062       0.5379
    2063       0.4947
    2064       0.4786
    2065       0.4936
    2066       0.4903
    2067       0.5255
    2068       0.4934
    2069       0.4974
    2070       0.5274
    2071       0.4983
    2072       0.5181
    2073       0.5230
    2074       0.5185
    2075       0.5149
    2076       0.5140
    2077       0.4968
    2078       0.5177
    2079       0.5130
    2080       0.4853
    2081       0.5132
    2082       0.5410
    2083       0.5060
    2084       0.5126
    2085       0.5216
    2086       0.5057
    2087       0.5070
    2088       0.5117
    2089       0.5251
    2090       0.4977
    2091       0.4896
    2092       0.5022
    2093       0.4986
    2094       0.4995
    2095       0.4880
    2096       0.5075
    2097       0.5054
    2098       0.4953
    2099       0.4925
    2100       0.5106
    2101       0.5244
    2102       0.5493
    2103       0.5759
    2104       0.5509
    2105       0.5928
    2106       0.5857
    2107       0.5415
    2108       0.5946
    2109       0.5618
    2110       0.5326
    2111       0.5606
    2112       0.5594
    2113       0.5608
    2114       0.5527
    2115       0.5390
    2116       0.5082
    2117       0.5292
    2118       0.5439
    2119       0.5655
    2120       0.5422
    2121       0.5644
    2122       0.5509
    2123       0.5704
    2124       0.5371
    2125       0.5323
    2126       0.5799
    2127       0.5845
    2128       0.5797
    2129       0.5448
    2130       0.5568
    2131       0.5286
    2132       0.5445
    2133       0.5464
    2134       0.5649
    2135       0.5335
    2136       0.5890
    2137       0.5845
    2138       0.5534
    2139       0.5442
    2140       0.5825
    2141       0.5799
    2142       0.5394
    2143       0.5676
    2144       0.5530
    2145       0.5620
    2146       0.5396
    2147       0.5352
    2148       0.5729
    2149       0.5422
    2150       0.5582
    2151       0.5268
    2152       0.5527
    2153       0.5425
    2154       0.5378
    2155       0.5678
    2156       0.5772
    2157       0.5609
    2158       0.5698
    2159       0.5357
    2160       0.5468
    2161       0.5621
    2162       0.5582
    2163       0.5859
    2164       0.5733
    2165       0.5490
    2166       0.6087
    2167       0.5874
    2168       0.5802
    2169       0.5560
    2170       0.5694
    2171       0.5807
    2172       0.5548
    2173       0.5809
    2174       0.5631
    2175       0.5798
    2176       0.5892
    2177       0.5555
    2178       0.5530
    2179       0.5234
    2180       0.5251
    2181       0.5826
    2182       0.5486
    2183       0.5922
    2184       0.5502
    2185       0.5879
    2186       0.5847
    2187       0.6089
    2188       0.5866
    2189       0.5786
    2190       0.5852
    2191       0.5832
    2192       0.5895
    2193       0.5656
    2194       0.5580
    2195       0.5460
    2196       0.5905
    2197       0.5423
    2198       0.5397
    2199       0.5468
    2200       0.5383
    2201       0.6354
    2202       0.5938
    2203       0.6168
    2204       0.6092
    2205       0.6192
    2206       0.6075
    2207       0.6124
    2208       0.5988
    2209       0.6039
    2210       0.6298
    2211       0.5961
    2212       0.5768
    2213       0.6116
    2214       0.6205
    2215       0.5895
    2216       0.5780
    2217       0.5967
    2218       0.6209
    2219       0.5992
    2220       0.5824
    2221       0.6269
    2222       0.6100
    2223       0.5677
    2224       0.6143
    2225       0.5819
    2226       0.6227
    2227       0.6338
    2228       0.5992
    2229       0.6327
    2230       0.6381
    2231       0.6302
    2232       0.6293
    2233       0.6464
    2234       0.6287
    2235       0.6344
    2236       0.6129
    2237       0.5886
    2238       0.6072
    2239       0.5923
    2240       0.6423
    2241       0.5614
    2242       0.5897
    2243       0.5661
    2244       0.5530
    2245       0.5941
    2246       0.5880
    2247       0.5892
    2248       0.5846
    2249       0.5624
    2250       0.5889
    2251       0.5910
    2252       0.5935
    2253       0.6037
    2254       0.6056
    2255       0.6166
    2256       0.6068
    2257       0.5855
    2258       0.6189
    2259       0.6213
    2260       0.5954
    2261       0.6056
    2262       0.5910
    2263       0.5830
    2264       0.5811
    2265       0.6317
    2266       0.6025
    2267       0.5799
    2268       0.5834
    2269       0.5849
    2270       0.5818
    2271       0.5958
    2272       0.6185
    2273       0.6064
    2274       0.5615
    2275       0.5609
    2276       0.6111
    2277       0.5653
    2278       0.5809
    2279       0.5802
    2280       0.6045
    2281       0.5790
    2282       0.5947
    2283       0.6191
    2284       0.5987
    2285       0.5733
    2286       0.6082
    2287       0.5591
    2288       0.5736
    2289       0.5762
    2290       0.5533
    2291       0.5773
    2292       0.5783
    2293       0.5593
    2294       0.5549
    2295       0.5601
    2296       0.5468
    2297       0.6014
    2298       0.5673
    2299       0.5928
    2300       0.5867
    2301       0.6070
    2302       0.6123
    2303       0.6248
    2304       0.6377
    2305       0.6430
    2306       0.6804
    2307       0.6649
    2308       0.6476
    2309       0.6446
    2310       0.6092
    2311       0.6097
    2312       0.6418
    2313       0.6071
    2314       0.6660
    2315       0.6120
    2316       0.6017
    2317       0.6325
    2318       0.6006
    2319       0.6422
    2320       0.6203
    2321       0.6444
    2322       0.6312
    2323       0.6080
    2324       0.6039
    2325       0.6341
    2326       0.6489
    2327       0.6403
    2328       0.6544
    2329       0.6612
    2330       0.6594
    2331       0.6356
    2332       0.6316
    2333       0.6707
    2334       0.6468
    2335       0.6120
    2336       0.6058
    2337       0.6226
    2338       0.6477
    2339       0.6103
    2340       0.6598
    2341       0.5965
    2342       0.5851
    2343       0.6058
    2344       0.6229
    2345       0.5842
    2346       0.6319
    2347       0.6366
    2348       0.6507
    2349       0.6612
    2350       0.6500
    2351       0.6200
    2352       0.6269
    2353       0.6074
    2354       0.6260
    2355       0.6496
    2356       0.6330
    2357       0.6312
    2358       0.6241
    2359       0.6243
    2360       0.6531
    2361       0.6431
    2362       0.6322
    2363       0.6368
    2364       0.6396
    2365       0.6262
    2366       0.6433
    2367       0.6249
    2368       0.6036
    2369       0.6843
    2370       0.6636
    2371       0.6257
    2372       0.6498
    2373       0.6555
    2374       0.6703
    2375       0.6411
    2376       0.5937
    2377       0.6602
    2378       0.6347
    2379       0.6325
    2380       0.6728
    2381       0.6485
    2382       0.6315
    2383       0.6121
    2384       0.6368
    2385       0.6251
    2386       0.6233
    2387       0.5733
    2388       0.5951
    2389       0.5991
    2390       0.6179
    2391       0.6137
    2392       0.6208
    2393       0.5933
    2394       0.6252
    2395       0.6184
    2396       0.6020
    2397       0.6391
    2398       0.6474
    2399       0.6387
    2400       0.6568
    2401       0.7122
    2402       0.7036
    2403       0.7180
    2404       0.6941
    2405       0.6316
    2406       0.6802
    2407       0.7062
    2408       0.6707
    2409       0.6767
    2410       0.6675
    2411       0.6857
    2412       0.6657
    2413       0.6523
    2414       0.6840
    2415       0.7331
    2416       0.6875
    2417       0.6918
    2418       0.6880
    2419       0.7012
    2420       0.6825
    2421       0.6741
    2422       0.6687
    2423       0.6220
    2424       0.6538
    2425       0.7010
    2426       0.6889
    2427       0.6746
    2428       0.6862
    2429       0.6794
    2430       0.7402
    2431       0.7001
    2432       0.7280
    2433       0.7373
    2434       0.6956
    2435       0.6836
    2436       0.7232
    2437       0.7200
    2438       0.7099
    2439       0.7398
    2440       0.6950
    2441       0.7139
    2442       0.7298
    2443       0.6885
    2444       0.7558
    2445       0.7239
    2446       0.7146
    2447       0.7025
    2448       0.7026
    2449       0.7213
    2450       0.6134
    2451       0.6899
    2452       0.7164
    2453       0.7305
    2454       0.7144
    2455       0.6300
    2456       0.6762
    2457       0.7159
    2458       0.7098
    2459       0.7086
    2460       0.7229
    2461       0.6783
    2462       0.7407
    2463       0.6907
    2464       0.7129
    2465       0.6632
    2466       0.6952
    2467       0.7064
    2468       0.6507
    2469       0.6477
    2470       0.7229
    2471       0.7055
    2472       0.7100
    2473       0.7106
    2474       0.7365
    2475       0.7300
    2476       0.7221
    2477       0.7193
    2478       0.6645
    2479       0.6954
    2480       0.6994
    2481       0.6743
    2482       0.6734
    2483       0.7223
    2484       0.7384
    2485       0.6778
    2486       0.6785
    2487       0.6894
    2488       0.6749
    2489       0.6774
    2490       0.6619
    2491       0.6794
    2492       0.6706
    2493       0.7007
    2494       0.6711
    2495       0.6811
    2496       0.6563
    2497       0.6337
    2498       0.6982
    2499       0.6359
    2500       0.6708
    2501       0.7002
    2502       0.7458
    2503       0.6726
    2504       0.7033
    2505       0.7153
    2506       0.7546
    2507       0.6883
    2508       0.7465
    2509       0.7196
    2510       0.7079
    2511       0.7168
    2512       0.7267
    2513       0.7307
    2514       0.6827
    2515       0.7154
    2516       0.7443
    2517       0.7439
    2518       0.7614
    2519       0.7751
    2520       0.7630
    2521       0.6984
    2522       0.7369
    2523       0.7184
    2524       0.7026
    2525       0.7566
    2526       0.7367
    2527       0.7193
    2528       0.7219
    2529       0.7327
    2530       0.7398
    2531       0.7669
    2532       0.7715
    2533       0.8166
    2534       0.7943
    2535       0.7344
    2536       0.8115
    2537       0.7529
    2538       0.7764
    2539       0.7133
    2540       0.7580
    2541       0.7026
    2542       0.7811
    2543       0.6925
    2544       0.7160
    2545       0.7317
    2546       0.7370
    2547       0.7408
    2548       0.7295
    2549       0.7400
    2550       0.7176
    2551       0.7203
    2552       0.7652
    2553       0.7388
    2554       0.7284
    2555       0.7357
    2556       0.7166
    2557       0.6839
    2558       0.7013
    2559       0.7044
    2560       0.7283
    2561       0.7768
    2562       0.7578
    2563       0.7940
    2564       0.8402
    2565       0.7855
    2566       0.8039
    2567       0.7841
    2568       0.8192
    2569       0.8109
    2570       0.7784
    2571       0.7882
    2572       0.7996
    2573       0.8266
    2574       0.7894
    2575       0.7754
    2576       0.8349
    2577       0.8299
    2578       0.8628
    2579       0.8554
    2580       0.8210
    2581       0.7650
    2582       0.7822
    2583       0.8014
    2584       0.7512
    2585       0.7783
    2586       0.7538
    2587       0.7802
    2588       0.7653
    2589       0.7912
    2590       0.8211
    2591       0.8178
    2592       0.7817
    2593       0.8163
    2594       0.8197
    2595       0.8251
    2596       0.8149
    2597       0.8072
    2598       0.7636
    2599       0.7557
    2600       0.7747
    2601       0.8034
    2602       0.8427
    2603       0.8078
    2604       0.8092
    2605       0.8324
    2606       0.8122
    2607       0.8496
    2608       0.8933
    2609       0.8783
    2610       0.9108
    2611       0.9309
    2612       0.9288
    2613       0.9104
    2614       0.9157
    2615       0.9000
    2616       0.9268
    2617       0.9577
    2618       0.9983
    2619       0.9796
    2620       0.9800
    2621       0.9312
    2622       0.9752
    2623       0.9310
    2624       0.9979
    2625       0.9873
    2626       1.0062
    2627       1.0036
    2628       0.9831
    2629       1.0145
    2630       0.9717
    2631       0.9484
    2632       0.9917
    2633       0.9725
    2634       0.9163
    2635       0.8923
    2636       0.9051
    2637       0.9939
    2638       0.9439
    2639       0.9385
    2640       0.9462
    2641       0.9118
    2642       1.0094
    2643       0.9607
    2644       0.9535
    2645       0.9093
    2646       0.9442
    2647       0.9866
    2648       0.9691
    2649       0.9191
    2650       0.9911
    2651       0.9334
    2652       0.8906
    2653       0.9493
    2654       0.9712
    2655       0.8768
    2656       0.9386
    2657       0.8710
    2658       0.9217
    2659       0.8321
    2660       0.7884
    2661       0.8587
    2662       0.9411
    2663       1.0030
    2664       1.0350
    2665       1.0001
    2666       0.9960
    2667       1.0316
    2668       1.0325
    2669       1.0453
    2670       0.9550
    2671       0.9197
    2672       0.9305
    2673       0.9347
    2674       0.9240
    2675       0.9994
    2676       0.9568
    2677       0.9380
    2678       1.0314
    2679       1.0070
    2680       0.9723
    2681       0.9717
    2682       0.9534
    2683       0.9569
    2684       0.9510
    2685       0.9431
    2686       0.9293
    2687       0.8585
    2688       0.9153
    2689       0.8869
    2690       0.9078
    2691       0.8568
    2692       0.8602
    2693       0.8947
    2694       0.8671
    2695       0.8702
    2696       0.8649
    2697       0.9188
    2698       0.8757
    2699       0.8604
    2700       0.8887
    2701       0.9270
    2702       0.9015
    2703       0.8493
    2704       0.8941
    2705       0.9383
    2706       0.9539
    2707       1.0148
    2708       0.9801
    2709       0.9189
    2710       0.9452
    2711       0.9395
    2712       0.9087
    2713       0.8497
    2714       0.9055
    2715       0.8872
    2716       0.8727
    2717       0.8705
    2718       0.9563
    2719       0.9047
    2720       0.9338
    2721       0.8963
    2722       0.9214
    2723       0.8926
    2724       0.9589
    2725       0.8842
    2726       0.8843
    2727       0.9122
    2728       0.9359
    2729       0.9227
    2730       0.8715
    2731       0.9188
    2732       1.0076
    2733       1.0194
    2734       1.0126
    2735       1.0417
    2736       1.0558
    2737       0.9992
    2738       0.9425
    2739       0.9291
    2740       0.8896
    2741       0.8604
    2742       0.8918
    2743       0.8544
    2744       0.8802
    2745       0.9447
    2746       0.9411
    2747       0.9252
    2748       0.9350
    2749       0.9079
    2750       0.9546
    2751       0.8816
    2752       0.9083
    2753       0.9364
    2754       0.8769
    2755       0.9319
    2756       0.9382
    2757       0.9145
    2758       0.8728
    2759       0.8988
    2760       0.9026
    2761       0.9090
    2762       0.8878
    2763       0.9037
    2764       0.8624
    2765       0.9045
    2766       0.9991
    2767       0.9589
    2768       1.0090
    2769       1.0602
    2770       1.0249
    2771       1.0375
    2772       1.0554
    2773       1.0713
    2774       1.0554
    2775       1.0425
    2776       1.0676
    2777       1.0384
    2778       1.0361
    2779       0.9885
    2780       1.0381
    2781       1.0103
    2782       1.0906
    2783       1.1057
    2784       1.0814
    2785       1.0505
    2786       1.0504
    2787       1.0514
    2788       1.0723
    2789       1.0533
    2790       1.0534
    2791       1.0536
    2792       1.0051
    2793       0.9573
    2794       1.0259
    2795       1.0077
    2796       1.0431
    2797       1.0694
    2798       1.0178
    2799       0.9763
    2800       1.0235
    2801       1.0393
    2802       1.0014
    2803       1.0281
    2804       1.0456
    2805       1.0697
    2806       1.0689
    2807       0.9878
    2808       1.0202
    2809       1.0231
    2810       1.0384
    2811       1.0559
    2812       1.0265
    2813       1.0406
    2814       1.0149
    2815       1.0145
    2816       1.0096
    2817       0.9714
    2818       1.0476
    2819       1.0601
    2820       1.0982
    2821       1.0392
    2822       1.0059
    2823       1.0585
    2824       1.0250
    2825       0.9791
    2826       1.0245
    2827       1.0803
    2828       1.0848
    2829       1.1267
    2830       1.1152
    2831       1.1365
    2832       1.1361
    2833       1.1127
    2834       1.0681
    2835       1.0825
    2836       1.0879
    2837       1.0685
    2838       1.0986
    2839       1.0189
    2840       0.9870
    2841       0.9582
    2842       0.9786
    2843       0.9541
    2844       0.9745
    2845       1.0298
    2846       1.0285
    2847       1.0675
    2848       1.0819
    2849       1.0879
    2850       1.0778
    2851       1.1110
    2852       1.1068
    2853       1.0495
    2854       1.0046
    2855       1.0752
    2856       1.0088
    2857       0.9975
    2858       1.0265
    2859       0.9763
    2860       0.9146
    2861       0.9515
    2862       0.8892
    2863       0.9506
    2864       0.9699
    2865       0.9424
    2866       1.0281
    2867       0.9956
    2868       1.0020
    2869       1.0156
    2870       1.0195
    2871       0.9887
    2872       0.9766
    2873       1.0123
    2874       0.9896
    2875       1.0299
    2876       1.0580
    2877       1.0184
    2878       0.9980
    2879       0.9556
    2880       0.9761
    2881       1.0056
    2882       0.9870
    2883       1.0080
    2884       0.9854
    2885       0.9284
    2886       0.9573
    2887       0.9629
    2888       0.9315
    2889       0.9479
    2890       0.9594
    2891       0.9781
    2892       1.0166
    2893       1.0313
    2894       1.0422
    2895       1.0066
    2896       0.9792
    2897       0.9706
    2898       0.9912
    2899       1.0196
    2900       0.9246
