Frame	Volume
1	291.015
2	289.291
3	295.551
4	289.682
5	292.763
6	293.853
7	294.625
8	292.517
9	291.333
10	293.652
11	292.597
12	293.07
13	292.48
14	292.682
15	293.017
16	291.724
17	291.658
18	292.045
19	291.405
20	292.175
21	291.812
22	291.521
23	292.56
24	291.808
25	292.366
26	292.035
27	292.623
28	293.053
29	292.155
30	291.864
31	292.616
32	292.344
33	292.262
34	292.238
35	292.344
36	292.317
37	292.535
38	292.268
39	292.175
40	292.206
41	291.79
42	291.784
43	292.669
44	291.3
45	291.982
46	292.739
47	291.823
48	292.773
49	292.285
50	292.071
51	291.599
52	292.338
53	291.908
54	292.856
55	291.774
56	292.375
57	291.77
58	292.375
59	292.295
60	292.154
61	292.559
62	291.959
63	292.611
64	292.125
65	292.406
66	292.119
67	292.561
68	292.256
69	292.417
70	292.045
71	292.366
72	292.118
73	292.522
74	292.651
75	292.668
76	292.268
77	292.187
78	292.63
79	292.173
80	292.704
81	292.307
82	291.824
83	292.306
84	291.927
85	292.552
86	292.712
87	291.727
88	292.259
89	291.798
90	291.962
91	292.458
92	292.069
93	292.769
94	292.219
95	292.127
96	292.12
97	292.612
98	292.285
99	291.713
100	292.271
101	292.2
102	292.113
103	291.957
104	292.521
105	292.352
106	292.172
107	292.361
108	292.126
109	292.662
110	292.302
111	292.212
112	292.251
113	292.031
114	292.197
115	292.323
116	292.341
117	292.445
118	292.75
119	292.153
120	292.323
121	292.401
122	292.21
123	292.387
124	292.41
125	292.257
126	292.475
127	291.822
128	292.125
129	292.234
130	292.267
131	292.277
132	292.33
133	292.29
134	292.721
135	292.405
136	291.995
137	292.069
138	292.229
139	292.117
140	292.065
141	292.269
142	292.317
143	292.233
144	292.242
145	292.105
146	292.44
147	292.245
148	292.462
149	292.3
150	292.148
151	292.267
152	292.285
153	292.245
154	292.088
155	292.124
156	292.337
157	292.331
158	292.248
159	292.093
160	292.216
161	292.155
162	292.065
163	292.089
164	292.18
165	292.101
166	292.061
167	292.327
168	292.143
169	292.408
170	292.114
171	292.058
172	292.275
173	292.186
174	292.347
175	292.07
176	292.049
177	292.177
178	292.331
179	292.399
180	292.405
181	292.448
182	292.254
183	292.375
184	292.179
185	292.306
186	292.385
187	292.366
188	292.348
189	292.153
190	292.183
191	292.266
192	292.235
193	292.086
194	292.183
195	292.188
196	292.371
197	292.415
198	292.271
199	292.481
200	292.193
201	292.446
202	292.425
203	292.45
204	292.443
205	292.101
206	292.093
207	292.388
208	292.262
209	292.219
210	292.189
211	292.186
212	292.402
213	292.14
214	292.407
215	292.187
216	292.279
217	292.183
218	292.125
219	292.3
220	292.174
221	292.299
222	292.343
223	292.116
224	292.381
225	292.126
226	292.229
227	292.278
228	292.232
229	292.208
230	292.257
231	292.213
232	292.203
233	292.33
234	292.27
235	292.264
236	292.187
237	292.159
238	292.286
239	292.118
240	292.255
241	292.333
242	292.273
243	292.329
244	292.205
245	292.32
246	292.223
247	292
248	292.35
249	292.289
250	292.325
251	292.138
252	292.179
253	292.194
254	292.283
255	292.243
256	292.269
257	292.283
258	292.144
259	292.107
260	292.151
261	292.123
262	292.193
263	292.291
264	292.234
265	292.091
266	292.212
267	292.184
268	292.206
269	292.161
270	292.268
271	292.311
272	292.251
273	292.292
274	292.251
275	292.26
276	292.173
277	292.267
278	292.286
279	292.247
280	292.249
281	292.236
282	292.191
283	292.276
284	292.175
285	292.316
286	292.27
287	292.39
288	292.335
289	292.354
290	292.265
291	292.251
292	292.285
293	292.216
294	292.164
295	292.2
296	292.197
297	292.218
298	292.218
299	292.299
300	292.213
301	292.26
302	292.319
303	292.277
304	292.318
305	292.137
306	292.252
307	292.284
308	292.201
309	292.244
310	292.257
311	292.188
312	292.347
313	292.34
314	292.273
315	292.283
316	292.193
317	292.232
318	292.298
319	292.269
320	292.233
321	292.177
322	292.27
323	292.238
324	292.241
325	292.244
326	292.101
327	292.255
328	292.254
329	292.227
330	292.299
331	292.315
332	292.299
333	292.247
334	292.23
335	292.251
336	292.23
337	292.276
338	292.235
339	292.242
340	292.239
341	292.266
342	292.264
343	292.246
344	292.24
345	292.252
346	292.24
347	292.228
348	292.243
349	292.246
350	292.243
351	292.241
352	292.256
353	292.224
354	292.234
355	292.259
356	292.269
357	292.245
358	292.277
359	292.237
360	292.214
361	292.278
362	292.244
363	292.31
364	292.275
365	292.293
366	292.249
367	292.313
368	292.187
369	292.255
370	292.245
371	292.209
372	292.232
373	292.214
374	292.191
375	292.301
376	292.216
377	292.242
378	292.246
379	292.233
380	292.266
381	292.244
382	292.219
383	292.251
384	292.238
385	292.18
386	292.276
387	292.252
388	292.239
389	292.213
390	292.248
391	292.247
392	292.259
393	292.227
394	292.246
395	292.209
396	292.196
397	292.279
398	292.245
399	292.279
400	292.296
401	292.244
402	292.188
403	292.253
404	292.271
405	292.253
406	292.24
407	292.245
408	292.297
409	292.284
410	292.229
411	292.241
412	292.251
413	292.26
414	292.23
415	292.226
416	292.26
417	292.264
418	292.237
419	292.232
420	292.267
421	292.273
422	292.248
423	292.27
424	292.279
425	292.243
426	292.243
427	292.251
428	292.229
429	292.293
430	292.185
431	292.266
432	292.282
433	292.239
434	292.204
435	292.183
436	292.261
437	292.254
438	292.247
439	292.263
440	292.241
441	292.214
442	292.236
443	292.238
444	292.202
445	292.222
446	292.202
447	292.237
448	292.204
449	292.26
450	292.26
451	292.244
452	292.244
453	292.178
