Frame	Volume
1	693.353
2	693.212
3	708.405
4	696.059
5	701.941
6	704.242
7	704.55
8	699.995
9	699.331
10	703.415
11	700.541
12	702.55
13	701.309
14	702.676
15	701.231
16	701.348
17	700.423
18	700.808
19	700.578
20	701.295
21	701.324
22	701.013
23	702.788
24	699.566
25	700.581
26	700.504
27	701.365
28	701.857
29	701.041
30	701.085
31	701.079
32	700.898
33	701.666
34	700.242
35	701.088
36	701.562
37	701.092
38	701.865
39	701.133
40	701.214
41	699.647
42	700.463
43	701.447
44	701.086
45	700.549
46	701.705
47	700.41
48	702.371
49	701.507
50	700.87
51	700.874
52	701.127
53	700.756
54	701.701
55	700.843
56	701.578
57	700.773
58	700.867
59	700.727
60	701.027
61	701.641
62	700.822
63	701.194
64	701.208
65	701.327
66	701.288
67	701.562
68	701.396
69	701.287
70	701.039
71	701.239
72	700.769
73	701.221
74	701.712
75	701.501
76	701.309
77	701.203
78	701.602
79	701.131
80	701.53
81	701.207
82	700.667
83	701.264
84	700.83
85	701.63
86	701.834
87	700.903
88	701.259
89	700.44
90	700.818
91	701.352
92	701.253
93	701.981
94	700.825
95	700.994
96	701.229
97	701.182
98	701.214
99	701.079
100	701.287
101	701.123
102	701.052
103	700.942
104	701.495
105	701.617
106	701.339
107	701.108
108	701.307
109	701.272
110	701.045
111	701.113
112	701.466
113	700.86
114	701.082
115	701.275
116	701.014
117	701.633
118	701.305
119	700.991
120	701.351
121	701.026
122	701.217
123	701.254
124	701.129
125	701.196
126	701.206
127	700.988
128	701.086
129	701.335
130	701.256
131	701.164
132	701.191
133	701.081
134	701.648
135	701.374
136	701.098
137	700.861
138	700.993
139	701.105
140	701.154
141	701.164
142	701.044
143	701.191
144	701.198
145	701.047
146	701.483
147	701.34
148	701.105
149	701.187
150	701.224
151	701.386
152	701.416
153	701.315
154	701.02
155	700.866
156	701.344
157	701.128
158	701.202
159	701.138
160	701.134
161	700.945
162	701.156
163	701.083
164	701.263
165	700.999
166	701.039
167	701.295
168	701.124
169	701.273
170	700.949
171	701.068
172	701.24
173	701.108
174	701.505
175	701.06
176	701.064
177	700.951
178	701.197
179	701.455
180	701.241
181	701.627
182	701.067
183	701.386
184	701.207
185	701.27
186	701.237
187	701.42
188	701.265
189	700.956
190	701.184
191	701.206
192	701.248
193	700.898
194	701.222
195	701.331
196	701.529
197	701.341
198	701.201
199	701.525
200	701.01
201	701.499
202	701.139
203	701.287
204	701.346
205	700.978
206	701.018
207	701.328
208	701.316
209	701.22
210	701.307
211	701.296
212	701.346
213	701.065
214	701.222
215	701.325
216	701.397
217	700.985
218	701.14
219	701.158
220	701.183
221	701.118
222	701.183
223	701.247
224	701.263
225	701.175
226	701.076
227	701.315
228	701.139
229	701.197
230	701.169
231	701.172
232	701.209
233	701.229
234	701.195
235	701.121
236	701.211
237	701.091
238	701.277
239	700.993
240	701.169
241	701.264
242	701.296
243	701.258
244	701.135
245	701.215
246	701.12
247	700.983
248	701.228
249	701.245
250	701.318
251	701.053
252	701.111
253	701.201
254	701.175
255	701.161
256	701.186
257	701.217
258	701.116
259	700.885
260	701.102
261	701.175
262	701.116
263	701.194
264	701.213
265	701.016
266	701.15
267	701.181
268	701.142
269	701.062
270	701.153
271	701.255
272	701.224
273	701.209
274	701.169
275	701.189
276	701.08
277	701.215
278	701.18
279	701.333
280	701.366
281	701.391
282	701.074
283	701.075
284	701.191
285	701.213
286	701.241
287	701.212
288	701.189
289	701.112
290	701.308
291	701.247
292	701.179
293	701.247
294	701.009
295	701.143
296	701.142
297	701.209
298	701.235
299	701.136
300	701.268
301	701.288
302	701.352
303	701.243
304	701.41
305	701.143
306	701.216
307	701.268
308	701.094
309	701.196
310	701.187
311	701.206
312	701.234
313	701.291
314	701.21
315	701.222
316	701.135
317	701.182
318	701.216
319	701.21
320	701.173
321	701.086
322	701.217
323	701.187
324	701.187
325	701.191
326	701.073
327	701.215
328	701.197
329	701.163
330	701.253
331	701.262
332	701.3
333	701.145
334	701.232
335	701.215
336	701.188
337	701.223
338	701.149
339	701.222
340	701.191
341	701.243
342	701.235
343	701.211
344	701.171
345	701.238
346	701.185
347	701.218
348	701.198
349	701.196
350	701.196
351	701.224
352	701.22
353	701.176
354	701.201
355	701.198
356	701.22
357	701.2
358	701.185
359	701.158
360	701.202
361	701.248
362	701.211
363	701.251
364	701.202
365	701.186
366	701.248
367	701.225
368	701.179
369	701.217
370	701.179
371	701.246
372	701.163
373	701.265
374	701.214
375	701.234
376	701.265
377	701.184
378	701.159
379	701.18
380	701.197
381	701.205
382	701.116
383	701.191
384	701.217
385	701.204
386	701.191
387	701.13
388	701.208
389	701.229
390	701.179
391	701.206
392	701.205
393	701.166
394	701.236
395	701.261
396	701.183
397	701.174
398	701.142
399	701.169
400	701.23
401	701.217
402	701.181
403	701.208
404	701.178
405	701.194
406	701.205
407	701.196
408	701.225
409	701.194
410	701.201
411	701.198
412	701.167
413	701.185
414	701.177
415	701.222
416	701.217
417	701.179
418	701.143
419	701.18
420	701.219
421	701.206
422	701.213
423	701.197
424	701.146
425	701.161
426	701.202
427	701.199
428	701.187
429	701.186
430	701.171
431	701.203
432	701.169
433	701.162
434	701.218
435	701.218
436	701.229
437	701.206
438	701.179
439	701.251
440	701.233
441	701.15
442	701.213
443	701.171
444	701.153
445	701.169
446	701.133
447	701.179
448	701.235
449	701.198
450	701.215
451	701.192
452	701.192
453	701.189
