Frame	Volume
1	243.39
2	243.39
3	243.39
4	243.39
5	243.39
6	243.39
7	243.39
8	243.39
9	243.39
10	243.39
11	243.39
12	243.39
13	243.39
14	243.39
15	243.39
16	243.39
17	243.39
18	243.39
19	243.39
20	243.39
21	243.39
22	243.39
23	243.39
24	243.39
25	252.359
26	236.311
27	248.672
28	243.39
29	243.39
30	243.39
31	243.39
32	243.39
33	243.39
34	243.39
35	243.39
36	243.39
37	243.39
38	243.39
39	243.39
40	243.39
41	243.39
42	243.39
43	243.39
44	243.39
45	243.39
46	243.39
47	243.39
48	243.39
49	243.39
50	243.39
51	243.39
52	235.133
53	233.73
54	253.225
55	247.379
56	236.713
57	255.109
58	227.58
59	247.038
60	246.262
61	243.39
62	243.39
63	243.39
64	243.39
65	243.39
66	243.39
67	243.39
68	243.39
69	243.39
70	243.39
71	243.39
72	243.39
73	243.39
74	243.39
75	243.39
76	243.39
77	243.39
78	243.39
79	243.39
80	243.39
81	243.39
82	247.804
83	228.388
84	233.902
85	243.39
86	243.39
87	243.39
88	232.091
89	244.495
90	242.288
91	243.39
92	243.39
93	243.39
94	243.39
95	243.39
96	243.39
97	243.39
98	243.39
99	243.39
100	243.39
101	243.39
102	243.39
103	243.39
104	243.39
105	243.39
106	243.39
107	243.39
108	243.39
109	243.39
110	243.39
111	243.39
112	243.39
113	243.39
114	243.39
115	243.39
116	243.39
117	243.39
118	243.39
119	243.39
120	243.39
121	243.39
122	243.39
123	243.39
124	243.39
125	243.39
126	243.39
127	243.39
128	243.39
129	243.39
130	243.39
131	243.39
132	243.39
133	243.39
134	243.39
135	243.39
136	243.39
137	243.39
138	243.39
139	243.39
140	243.39
141	243.39
142	243.39
143	243.39
144	243.39
145	243.39
146	243.39
147	243.39
148	243.39
149	243.39
150	243.39
151	243.39
152	243.39
153	243.39
154	243.39
155	243.39
156	243.39
157	243.39
158	243.39
159	243.39
160	243.39
161	243.39
162	243.39
163	243.39
164	243.39
165	243.39
166	243.39
167	243.39
168	243.39
169	243.39
170	243.39
171	243.39
172	243.39
173	243.39
174	243.39
175	243.39
176	243.39
177	243.39
178	243.39
179	243.39
180	243.39
181	243.39
182	243.39
183	243.39
184	243.39
185	243.39
186	243.39
187	243.39
188	243.39
189	243.39
190	243.39
191	243.39
192	243.39
193	243.39
194	243.39
195	243.39
196	243.39
197	243.39
198	243.39
199	243.39
200	243.39
201	243.39
202	243.39
203	243.39
204	243.39
205	243.39
206	243.39
207	243.39
208	243.39
209	243.39
210	243.39
211	243.39
212	243.39
213	243.39
214	243.39
215	243.39
216	243.39
217	243.39
218	243.39
219	243.39
220	243.39
221	243.39
222	243.39
223	243.39
224	243.39
225	243.39
226	243.39
227	243.39
228	243.39
229	243.39
230	243.39
231	243.39
232	243.39
233	243.39
234	243.39
235	243.39
236	243.39
237	243.39
238	243.39
239	243.39
240	243.39
241	243.39
242	243.39
243	243.39
244	243.39
245	243.39
246	243.39
247	243.39
248	243.39
249	243.39
250	243.39
251	243.39
252	243.39
253	243.39
254	243.39
255	243.39
256	243.39
257	243.39
258	243.39
259	243.39
260	243.39
261	243.39
262	243.39
263	243.39
264	243.39
265	243.39
266	243.39
267	243.39
268	243.39
269	243.39
270	243.39
271	243.39
272	243.39
273	243.39
274	243.39
275	243.39
276	243.39
277	243.39
278	243.39
279	243.39
280	243.39
281	243.39
282	243.39
283	243.39
284	243.39
285	243.39
286	243.39
287	243.39
288	243.39
289	243.39
290	243.39
291	243.39
292	243.39
293	243.39
294	243.39
295	243.39
296	243.39
297	243.39
298	243.39
299	243.39
300	243.39
301	243.39
302	243.39
303	243.39
304	242.722
305	243.415
306	239.543
307	249.27
308	254.164
309	223.876
310	239.982
311	245.861
312	241.37
313	243.39
314	243.39
315	243.39
316	243.39
317	243.39
318	243.39
319	243.39
320	243.39
321	243.39
322	243.39
323	243.39
324	243.39
325	243.39
326	243.39
327	243.39
328	243.39
329	243.39
330	243.39
331	243.39
332	243.39
333	243.39
334	243.39
335	243.39
336	243.39
337	243.39
338	243.39
339	243.39
340	243.39
341	243.39
342	243.39
343	243.39
344	243.39
345	243.39
346	243.39
347	243.39
348	243.39
349	243.39
350	243.39
351	243.39
352	243.39
353	243.39
354	243.39
355	243.39
356	243.39
357	243.39
358	243.39
359	243.39
360	243.39
361	243.39
362	243.39
363	243.39
364	243.39
365	243.39
366	243.39
367	243.39
368	243.39
369	243.39
370	243.39
371	243.39
372	243.39
373	243.39
374	243.39
375	243.39
376	243.39
377	243.39
378	243.39
379	243.39
380	243.39
381	243.39
382	243.39
383	243.39
384	243.39
385	243.39
386	243.39
387	243.39
388	243.39
389	243.39
390	243.39
391	243.39
392	243.39
393	243.39
394	243.39
395	243.39
396	243.39
397	243.39
398	243.39
399	243.39
400	243.39
401	243.39
402	243.39
403	243.39
404	243.39
405	243.39
406	243.141
407	253.371
408	243.754
409	243.39
410	243.39
411	243.39
412	243.39
413	243.39
414	243.39
415	244.698
416	249.629
417	248.638
418	251.657
419	247.434
420	251.543
421	243.39
422	243.39
423	243.39
424	243.39
425	243.39
426	243.39
427	252.287
428	244.41
429	236.431
430	243.39
431	243.39
432	243.39
433	243.39
434	243.39
435	243.39
436	243.39
437	243.39
438	243.39
439	243.39
440	243.39
441	243.39
442	243.39
443	243.39
444	243.39
445	243.39
446	243.39
447	243.39
448	243.39
449	243.39
450	243.39
451	243.39
452	243.39
453	243.39
454	243.39
455	243.39
456	243.39
457	243.39
458	243.39
459	243.39
