Frame	Volume
1	2789.97
2	2803.49
3	2797.15
4	2784.22
5	2785.96
6	2781.2
7	2783.99
8	2772.94
9	2780.09
10	2790.99
11	2788.73
12	2791.63
13	2787.79
14	2789.07
15	2789.96
16	2784.22
17	2781.19
18	2787.67
19	2786.37
20	2791.37
21	2786.37
22	2788.02
23	2787.11
24	2789.96
25	2786.62
26	2787.81
27	2789.79
28	2783.87
29	2787.76
30	2785.3
31	2790.99
32	2786.66
33	2788.18
34	2787.18
35	2789.4
36	2789.02
37	2789.66
38	2790.36
39	2788.51
40	2787.77
41	2786.15
42	2789.34
43	2788.12
44	2788.1
45	2786.82
46	2788.35
47	2786.47
48	2788.85
49	2789.22
50	2788.4
51	2790.04
52	2786.65
53	2786.05
54	2788.18
55	2787.74
56	2788.65
57	2787.7
58	2788.18
59	2788.47
60	2787.1
61	2788.56
62	2788.03
63	2788.28
64	2787.88
65	2787.55
66	2787.8
67	2788.59
68	2787.77
69	2788.26
70	2789.27
71	2786.8
72	2786.69
73	2787.49
74	2788.67
75	2788.3
76	2787.84
77	2788.83
78	2789.03
79	2788.45
80	2787.31
81	2789.64
82	2787.44
83	2787
84	2787.84
85	2786.72
86	2787.79
87	2787.08
88	2787.97
89	2788.71
90	2788.65
91	2787.19
92	2789.23
93	2787.96
94	2788.34
95	2787.22
96	2788.34
97	2787.33
98	2787.54
99	2787.59
100	2787.27
101	2786.75
102	2788.6
103	2788.23
104	2787.47
105	2788.32
106	2788.64
107	2788.57
108	2787.62
109	2788.14
110	2787.54
111	2787.55
112	2788.11
113	2789.12
114	2789.09
115	2787.6
116	2788.1
117	2787.21
118	2788.47
119	2789.31
120	2788.4
121	2787.61
122	2788.27
123	2788.06
124	2788.74
125	2788.32
126	2788.5
127	2787.68
128	2787.22
129	2789.26
130	2787.98
131	2788.03
132	2788.75
133	2788.19
134	2788.3
135	2787.84
136	2787.75
137	2788.9
138	2787.1
139	2787.53
140	2787.48
141	2788.7
142	2787.56
143	2788.46
144	2787.38
145	2787.99
146	2788.32
147	2787.95
148	2787.5
149	2787.65
150	2787.71
151	2787.7
152	2788.11
153	2788.32
154	2787.72
155	2787.9
156	2787.66
157	2788.04
158	2788.3
159	2788.67
160	2787.68
161	2788.47
162	2787.74
163	2788.36
164	2788.11
165	2787.1
166	2787.92
167	2788.62
168	2788.34
169	2788.27
170	2787.52
171	2787.88
172	2788.32
173	2787.6
174	2788.02
175	2788.37
176	2787.3
177	2787.72
178	2788.47
179	2787.63
180	2787.89
181	2787.96
182	2787.92
183	2787.43
184	2788.31
185	2788.09
186	2788.05
187	2788.35
188	2788.16
189	2788.14
190	2787.83
191	2787.5
192	2788.02
193	2787.76
194	2787.98
195	2788.52
196	2788.04
197	2787.89
198	2788.2
199	2788.21
200	2788.54
201	2788.13
202	2787.9
203	2788.22
204	2788.08
205	2787.86
206	2788.15
207	2788.12
208	2787.85
209	2787.94
210	2788.24
211	2788.12
212	2788.08
213	2788.1
214	2788.42
215	2788.3
216	2788
217	2788.05
218	2788.06
219	2788.02
220	2787.87
221	2788.47
222	2788.01
223	2788.21
224	2787.8
225	2787.72
226	2787.82
227	2787.85
228	2788.42
229	2788.01
230	2788.1
231	2788.41
232	2787.7
233	2788.04
234	2787.48
235	2788.01
236	2787.85
237	2788.56
238	2787.95
239	2788.15
240	2787.67
241	2788.6
242	2787.85
243	2787.87
244	2787.78
245	2788.23
246	2787.61
247	2787.78
248	2788.07
249	2787.73
250	2788.43
251	2787.89
252	2787.93
253	2788.11
254	2787.89
255	2788.33
256	2787.75
257	2787.78
258	2788.1
259	2788.01
260	2787.66
261	2787.99
262	2788.2
263	2787.91
264	2788.55
265	2788.07
266	2787.91
267	2787.75
268	2787.86
269	2787.95
270	2787.85
271	2788.34
272	2787.98
273	2788.75
274	2788.11
275	2787.81
276	2788.38
277	2788.42
278	2788.73
279	2788.18
280	2788.47
281	2787.84
282	2787.9
283	2788.37
284	2788.44
285	2787.89
286	2788.2
287	2788.03
288	2787.91
289	2788.13
290	2787.6
291	2787.75
292	2787.99
293	2788.21
294	2787.91
295	2787.96
296	2787.9
297	2788.11
298	2788.1
299	2788.23
300	2787.77
301	2787.81
302	2788.63
303	2788.06
304	2788
305	2788.46
306	2787.69
307	2787.54
308	2788.08
309	2788.29
310	2788.34
311	2787.48
312	2787.99
313	2788.16
314	2788.1
315	2787.93
316	2787.95
317	2788.06
318	2788.1
319	2788.01
320	2788.02
321	2788.02
322	2787.86
323	2787.5
324	2787.84
325	2788.08
326	2788.29
327	2788.14
328	2787.88
329	2788.11
330	2788.13
331	2788.17
332	2788.31
333	2788.47
334	2787.67
335	2787.87
336	2788.04
337	2787.88
338	2787.97
339	2788.04
340	2788
341	2788.04
342	2788.04
343	2787.9
344	2788.05
345	2788.12
346	2787.47
347	2787.91
348	2788.31
349	2788.37
350	2788
351	2787.85
352	2788.27
353	2788.03
354	2788.12
355	2788.01
356	2788.3
357	2787.91
358	2788.15
359	2788.11
360	2787.84
361	2788.25
362	2787.94
363	2787.94
364	2788.27
365	2788.03
366	2787.78
367	2788.22
368	2788.09
369	2788.19
370	2787.85
371	2787.96
372	2788.08
373	2788.39
374	2788.02
375	2788.08
376	2787.95
377	2787.79
378	2787.92
379	2788.44
380	2788.18
381	2788.04
382	2788.06
383	2788.19
384	2788.38
385	2787.92
386	2788.58
387	2788.09
388	2787.76
389	2787.53
390	2788.05
391	2787.81
392	2788.06
393	2787.98
394	2788.33
395	2787.64
396	2788.21
397	2787.88
398	2788.06
399	2787.92
400	2787.82
401	2788
402	2788.1
403	2788.19
404	2788.1
405	2788.17
406	2787.7
407	2787.82
408	2787.66
409	2787.92
410	2788.14
411	2787.98
412	2788.21
413	2788.48
414	2788.09
415	2787.91
416	2788.33
417	2787.92
418	2787.79
419	2787.87
420	2788.02
421	2787.99
422	2787.88
423	2787.83
424	2787.96
425	2787.99
426	2788.28
427	2787.95
428	2787.86
429	2788.06
430	2788.03
431	2788.11
432	2788.11
433	2788.02
434	2788.28
435	2788.19
436	2787.95
437	2787.79
438	2788.23
439	2787.92
440	2788.02
441	2787.86
442	2788
443	2788.27
444	2787.66
445	2788.44
446	2787.89
447	2788.14
448	2788
449	2788.11
450	2788.16
451	2788.05
452	2788.04
453	2787.9
454	2787.93
455	2787.96
456	2787.92
457	2787.96
458	2788.13
459	2787.77
460	2787.91
461	2787.97
462	2788.14
463	2787.82
464	2788.09
465	2788.22
466	2787.79
467	2788.06
468	2788.22
469	2788.24
470	2788.17
471	2788.22
472	2788.15
473	2787.95
474	2788.15
475	2788.09
476	2788.15
477	2788.04
478	2788.14
479	2787.91
480	2788.29
481	2788.02
482	2788.25
483	2788.14
484	2788.01
485	2787.88
486	2788.11
487	2787.9
488	2788.07
489	2788.18
490	2788.15
491	2788.05
492	2788.15
493	2788
494	2788
495	2787.92
496	2788.14
497	2787.91
498	2787.97
499	2788.23
500	2788.06
501	2787.91
502	2788.3
503	2788.09
504	2787.95
505	2788.13
506	2788.1
507	2788.07
508	2787.96
509	2788.07
510	2788.12
511	2788.04
512	2788.11
513	2788.05
514	2788.06
515	2787.93
516	2788.1
517	2788.23
518	2787.88
519	2787.83
520	2788.12
521	2788.08
522	2788.16
523	2787.85
524	2787.85
525	2787.91
526	2788.05
527	2787.98
528	2787.95
529	2787.82
530	2788.06
531	2787.94
532	2788.06
533	2788.09
534	2788.07
535	2788.11
536	2788.06
537	2788.19
538	2787.91
539	2787.99
540	2788.13
541	2787.98
542	2788.02
543	2788.02
544	2788.05
545	2787.8
546	2788.31
547	2787.99
548	2787.98
549	2788.3
550	2787.98
551	2787.98
552	2788.17
553	2788.05
554	2787.87
555	2787.95
556	2787.92
557	2787.86
558	2787.87
559	2788.16
560	2788.05
561	2788.05
562	2787.9
563	2788.15
564	2788.03
565	2788.15
566	2788.03
567	2788.03
568	2787.95
569	2788.07
570	2788.07
571	2788.05
572	2787.93
573	2788.03
574	2788
575	2788.02
576	2788.11
577	2788.14
578	2788.04
579	2787.86
580	2788.02
581	2788.07
582	2788.05
583	2788.13
584	2788.12
585	2788.05
586	2788.09
587	2788.08
588	2788.18
589	2788.04
590	2788.07
591	2788.04
592	2787.92
593	2788.22
594	2788.04
595	2787.99
596	2787.94
597	2788.07
598	2788.12
599	2787.96
600	2787.88
601	2787.92
602	2788.07
603	2788.05
604	2788.02
605	2788.09
606	2788.08
607	2788.07
608	2787.9
609	2787.86
610	2788.04
611	2788.04
612	2787.98
613	2788.11
614	2788.13
615	2787.98
616	2788.03
617	2788.06
618	2788.02
619	2787.99
620	2788.06
621	2788.01
622	2788.05
623	2788.06
624	2788.02
625	2787.94
626	2788.08
627	2788.03
628	2788.01
629	2788.11
630	2788.02
631	2788.08
632	2787.99
633	2787.97
634	2788.14
635	2787.98
636	2787.97
637	2788.03
638	2788.15
639	2788.05
640	2788.11
641	2788.02
642	2788.09
643	2787.96
644	2788.01
645	2788.04
646	2788.01
647	2788
648	2788.09
649	2787.93
650	2787.97
651	2788.16
652	2788.03
653	2788.03
654	2788.06
655	2787.91
656	2787.99
657	2788.08
658	2788.08
659	2788.06
660	2788
661	2788.04
662	2787.96
663	2788.08
664	2787.93
665	2788.06
666	2788.07
667	2787.92
668	2788.01
669	2788.07
670	2788
671	2787.98
672	2788.1
673	2788.11
674	2788.02
675	2788.02
676	2788.05
677	2788.03
678	2788.02
679	2788.05
680	2788.1
681	2788.02
682	2788.04
683	2787.98
684	2788.12
685	2787.99
686	2788.01
687	2788.12
688	2788.04
689	2788.01
690	2788.01
691	2788.04
692	2788.02
693	2788.06
694	2788.09
695	2788.04
696	2788.07
697	2788.01
698	2788.03
699	2788.07
700	2788.04
701	2788
702	2788.08
703	2788.04
704	2788.04
705	2788.02
706	2788
707	2787.98
708	2788.05
709	2788.04
710	2788.08
711	2787.99
712	2788.02
713	2788
714	2787.96
715	2788.03
716	2787.96
717	2788.01
718	2787.97
719	2788.01
720	2788.03
721	2788.09
722	2788.11
723	2788.05
724	2787.96
725	2788.01
726	2788.05
727	2788.11
728	2787.99
729	2788.02
730	2788.01
731	2787.99
732	2787.98
733	2788.13
734	2788.02
735	2788.09
736	2788.06
737	2787.99
738	2788.04
739	2788.03
740	2787.99
741	2787.99
742	2788.11
743	2788.03
744	2788.14
745	2788.06
746	2788.1
747	2787.97
748	2787.99
749	2788.04
750	2788.05
751	2788.02
752	2787.99
753	2788.01
754	2788.1
755	2788.04
756	2787.96
757	2788.06
758	2788.02
759	2787.96
760	2787.98
761	2788.03
762	2788.02
763	2787.98
764	2788.02
765	2788.04
766	2788.05
767	2787.99
768	2788.04
769	2787.98
770	2788.1
771	2788.04
772	2788
773	2788.07
774	2788.02
775	2788.07
776	2788.02
777	2788.07
778	2788.01
779	2788.03
780	2788.05
781	2788.01
782	2788.04
783	2788.04
784	2788.08
785	2788.07
786	2788.05
787	2788.06
788	2788
789	2788.05
790	2788.04
791	2788.05
792	2788.04
793	2788.03
794	2788.02
795	2787.99
