Frame	Volume
1	713.789
2	703.485
3	699.358
4	692.578
5	695.898
6	690.492
7	693.509
8	690.328
9	695.66
10	695.598
11	697.768
12	695.22
13	696.18
14	695.658
15	696.87
16	693.582
17	694.762
18	696.127
19	694.619
20	696.504
21	695.675
22	695.964
23	695.687
24	695.472
25	695.691
26	695.819
27	694.391
28	694.64
29	695.224
30	694.623
31	696.599
32	694.772
33	695.915
34	696.003
35	695.973
36	696.888
37	695.654
38	695.795
39	696.586
40	696.025
41	694.259
42	696.897
43	695.639
44	695.551
45	695.824
46	695.955
47	695.945
48	695.527
49	696.202
50	695.895
51	696.546
52	695.355
53	695.032
54	695.812
55	695.661
56	696.303
57	695.108
58	696.432
59	695.82
60	695.371
61	696.396
62	695.876
63	696.306
64	695.888
65	696.141
66	695.175
67	696.249
68	695.336
69	696.052
70	695.16
71	695.476
72	694.955
73	695.48
74	695.787
75	695.98
76	695.496
77	696.432
78	695.806
79	696.205
80	696.305
81	696.337
82	696.394
83	695.313
84	696.07
85	695.909
86	696.342
87	695.225
88	696.003
89	696.468
90	696.692
91	695.966
92	696.026
93	695.901
94	696.09
95	695.928
96	695.876
97	695.213
98	695.067
99	695.501
100	695.008
101	695.543
102	696.282
103	695.541
104	696.322
105	696.137
106	696.082
107	695.546
108	695.408
109	695.638
110	695.568
111	697.057
112	695.817
113	696.237
114	696.559
115	695.976
116	696.079
117	695.831
118	695.918
119	696.1
120	695.717
121	695.511
122	696.217
123	695.906
124	695.915
125	695.733
126	696.563
127	696
128	695.682
129	695.972
130	695.811
131	695.805
132	695.836
133	696.378
134	696.07
135	696.246
136	695.557
137	695.975
138	695.555
139	695.519
140	695.803
141	696.252
142	695.735
143	695.7
144	695.671
145	695.902
146	696.238
147	695.837
148	695.833
149	695.557
150	696.072
151	695.864
152	695.834
153	695.811
154	695.63
155	695.716
156	695.734
157	696.022
158	695.961
159	696.199
160	695.784
161	695.712
162	695.751
163	695.593
164	696.053
165	695.695
166	695.742
167	696.088
168	696.048
169	695.957
170	696.086
171	695.754
172	696.001
173	695.809
174	695.885
175	696.178
176	695.845
177	695.551
178	696.22
179	695.926
180	695.764
181	695.614
182	695.904
183	695.685
184	695.979
185	696.017
186	695.993
187	695.746
188	695.866
189	695.784
190	695.828
191	695.862
192	696.05
193	695.934
194	695.736
195	696.147
196	695.91
197	695.841
198	696.061
199	695.776
200	695.774
201	695.614
202	695.984
203	696.042
204	695.927
205	695.778
206	695.956
207	696.104
208	695.724
209	695.907
210	695.987
211	695.83
212	695.958
213	695.761
214	696.201
215	695.761
216	695.635
217	695.901
218	695.99
219	695.859
220	695.629
221	695.721
222	695.941
223	696.004
224	695.58
225	695.694
226	695.681
227	695.391
228	695.99
229	695.942
230	695.873
231	695.789
232	695.812
233	695.772
234	695.897
235	695.908
236	695.974
237	695.835
238	695.718
239	695.737
240	695.673
241	695.849
242	695.838
243	695.729
244	695.758
245	695.836
246	695.839
247	695.569
248	695.951
249	695.84
250	695.954
251	695.717
252	695.991
253	695.764
254	696.051
255	695.87
256	695.881
257	695.81
258	695.707
259	695.783
260	695.766
261	696.003
262	696.069
263	695.624
264	695.912
265	695.675
266	695.74
267	695.695
268	695.82
269	695.836
270	695.738
271	695.957
272	695.858
273	695.934
274	695.756
275	696.038
276	695.72
277	695.937
278	696.008
279	695.821
280	695.991
281	695.717
282	695.921
283	696.049
284	695.88
285	695.796
286	695.773
287	695.857
288	695.874
289	695.922
290	696.115
291	695.991
292	695.82
293	695.914
294	695.679
295	696.106
296	695.457
297	695.944
298	696.215
299	695.752
300	695.607
301	695.797
302	696.066
303	695.873
304	695.902
305	695.864
306	695.864
307	695.54
308	695.855
309	696.031
310	695.927
311	695.763
312	695.984
313	695.769
314	695.732
315	695.67
316	695.665
317	695.965
318	695.797
319	695.823
320	695.839
321	695.854
322	695.86
323	695.711
324	695.733
325	695.95
326	695.9
327	695.824
328	695.754
329	695.971
330	695.799
331	695.923
332	695.806
333	696.008
334	695.79
335	695.753
336	695.89
337	695.802
338	695.808
339	695.79
340	695.74
341	695.795
342	695.872
343	695.833
344	695.768
345	696.002
346	695.721
347	695.95
348	695.992
349	695.938
350	695.864
351	695.791
352	695.984
353	695.83
354	695.904
355	695.777
356	695.812
357	695.879
358	696.198
359	695.735
360	695.663
361	696.112
362	695.801
363	695.638
364	696.165
365	695.837
366	695.911
367	696.027
368	695.681
369	695.888
370	695.725
371	695.733
372	695.856
373	695.981
374	695.86
375	695.866
376	695.867
377	695.65
378	695.741
379	695.883
380	695.976
381	695.773
382	695.778
383	695.94
384	695.945
385	695.861
386	696.006
387	695.973
388	695.648
389	695.625
390	695.659
391	695.851
392	695.843
393	695.873
394	696.064
395	695.697
396	696.09
397	695.901
398	695.89
399	695.932
400	695.755
401	695.781
402	695.909
403	695.92
404	695.891
405	696.047
406	695.756
407	695.774
408	695.562
409	695.927
410	695.838
411	695.891
412	695.861
413	695.827
414	695.861
415	695.758
416	695.843
417	695.737
418	695.753
419	695.775
420	696.071
421	695.818
422	695.774
423	695.87
424	695.823
425	695.687
426	695.963
427	695.866
428	695.855
429	695.687
430	695.721
431	695.935
432	695.954
433	695.827
434	695.923
435	695.832
436	695.864
437	695.735
438	695.795
439	695.895
440	695.803
441	695.786
442	695.84
443	695.838
444	695.75
445	695.91
446	695.82
447	695.86
448	695.807
449	695.858
450	695.859
451	695.824
452	695.962
453	695.793
454	695.827
455	695.867
456	695.802
457	695.921
458	695.883
459	695.852
460	695.949
461	695.823
462	695.872
463	695.8
464	695.757
465	695.853
466	695.829
467	695.785
468	695.842
469	695.883
470	695.871
471	695.911
472	695.839
473	695.825
474	695.899
475	695.906
476	695.859
477	695.901
478	695.859
479	695.826
480	695.925
481	695.756
482	695.764
483	695.816
484	695.822
485	695.767
486	695.764
487	695.891
488	695.939
489	695.84
490	695.865
491	695.84
492	695.949
493	695.786
494	695.753
495	695.845
496	695.831
497	695.748
498	695.79
499	695.913
500	695.855
501	695.772
502	695.891
503	695.89
504	695.858
505	695.867
506	695.821
507	695.818
508	695.92
509	695.84
510	695.876
511	695.842
512	695.848
513	695.817
514	695.783
515	695.819
516	695.89
517	695.93
518	695.835
519	695.798
520	695.849
521	695.77
522	695.847
523	695.846
524	695.679
525	695.815
526	695.823
527	695.787
528	695.873
529	695.721
530	695.895
531	695.799
532	695.832
533	695.832
534	695.891
535	695.904
536	695.907
537	696.06
538	695.804
539	695.859
540	695.9
541	695.893
542	695.85
543	695.795
544	695.809
545	695.669
546	695.947
547	695.799
548	695.775
549	695.959
550	695.704
551	695.817
552	695.961
553	695.799
554	695.635
555	695.751
556	695.787
557	695.886
558	695.771
559	695.84
560	695.848
561	695.833
562	695.828
563	695.854
564	695.867
565	695.837
566	695.817
567	695.809
568	695.835
569	695.827
570	695.858
571	695.855
572	695.835
573	695.83
574	695.85
575	695.85
576	695.837
577	695.86
578	695.834
579	695.818
580	695.804
581	695.793
582	695.867
583	695.881
584	696.028
585	695.797
586	695.849
587	695.843
588	695.86
589	695.82
590	695.875
591	695.831
592	695.859
593	695.884
594	695.859
595	695.835
596	695.827
597	695.834
598	695.855
599	695.833
600	695.791
601	695.801
602	695.843
603	695.835
604	695.849
605	695.871
606	695.857
607	695.845
608	695.844
609	695.836
610	695.874
611	695.798
612	695.855
613	695.903
614	695.876
615	695.715
616	695.838
617	695.91
618	695.82
619	695.845
620	695.828
621	695.863
622	695.821
623	695.875
624	695.792
625	695.86
626	695.848
627	695.828
628	695.853
629	695.861
630	695.838
631	695.866
632	695.839
633	695.8
634	695.853
635	695.866
636	695.791
637	695.856
638	695.881
639	695.845
640	695.921
641	695.81
642	695.889
643	695.796
644	695.878
645	695.88
646	695.806
647	695.908
648	695.883
649	695.837
650	695.808
651	695.871
652	695.872
653	695.868
654	695.895
655	695.816
656	695.844
657	695.844
658	695.864
659	695.84
660	695.837
661	695.825
662	695.809
663	695.888
664	695.737
665	695.85
666	695.806
667	695.769
668	695.787
669	695.843
670	695.792
671	695.825
672	695.858
673	695.878
674	695.837
675	695.841
676	695.866
677	695.825
678	695.865
679	695.853
680	695.908
681	695.856
682	695.863
683	695.828
684	695.891
685	695.862
686	695.814
687	695.841
688	695.86
689	695.852
690	695.845
691	695.857
692	695.843
693	695.849
694	695.862
695	695.85
696	695.862
697	695.817
698	695.832
699	695.856
700	695.84
701	695.839
702	695.852
703	695.842
704	695.847
705	695.836
706	695.821
707	695.826
708	695.829
709	695.846
710	695.85
711	695.853
712	695.83
713	695.853
714	695.818
715	695.837
716	695.835
717	695.875
718	695.875
719	695.818
720	695.843
721	695.84
722	695.843
723	695.834
724	695.808
725	695.868
726	695.838
727	695.861
728	695.854
729	695.867
730	695.859
731	695.811
732	695.824
733	695.858
734	695.853
735	695.906
736	695.87
737	695.827
738	695.839
739	695.87
740	695.867
741	695.795
742	695.867
743	695.87
744	695.898
745	695.846
746	695.875
747	695.83
748	695.838
749	695.888
750	695.836
751	695.868
752	695.839
753	695.841
754	695.887
755	695.846
756	695.829
757	695.874
758	695.839
759	695.83
760	695.86
761	695.83
762	695.819
763	695.832
764	695.838
765	695.857
766	695.858
767	695.836
768	695.882
769	695.826
770	695.839
771	695.852
772	695.828
773	695.854
774	695.87
775	695.896
776	695.842
777	695.845
778	695.857
779	695.838
780	695.841
781	695.836
782	695.849
783	695.845
784	695.853
785	695.845
786	695.847
787	695.853
788	695.851
789	695.827
790	695.877
791	695.858
792	695.857
793	695.862
794	695.838
795	695.843
