1			-1.5530E+05
5			-1.5533E+05
10			-1.5539E+05
15			-1.5551E+05
20			-1.5574E+05
25			-1.5586E+05
30			-1.5598E+05
35			-1.5604E+05
40			-1.5610E+05
45			-1.5615E+05
50			-1.5619E+05
55			-1.5623E+05
60			-1.5627E+05
65			-1.5631E+05
70			-1.5635E+05
75			-1.5640E+05
80			-1.5642E+05
85			-1.5646E+05
90			-1.5649E+05
95			-1.5654E+05
100			-1.5657E+05
105			-1.5670E+05
110			-1.5718E+05
115			-1.5738E+05
120			-1.5760E+05
125			-1.5774E+05
130			-1.5774E+05
135			-1.5786E+05
140			-1.5796E+05
145			-1.5811E+05
150			-1.5819E+05
155			-1.5819E+05
160			-1.5824E+05
165			-1.5828E+05
170			-1.5838E+05
175			-1.5844E+05
180			-1.5845E+05
185			-1.5851E+05
190			-1.5856E+05
195			-1.5861E+05
200			-1.5865E+05
205			-1.5865E+05
210			-1.5869E+05
215			-1.5872E+05
220			-1.5880E+05
225			-1.5885E+05
230			-1.5885E+05
235			-1.5891E+05
240			-1.5896E+05
245			-1.5900E+05
250			-1.5902E+05
255			-1.5903E+05
260			-1.5906E+05
265			-1.5908E+05
270			-1.5918E+05
275			-1.5923E+05
280			-1.5923E+05
285			-1.5932E+05
290			-1.5937E+05
295			-1.5940E+05
300			-1.5942E+05
305			-1.5942E+05
310			-1.5945E+05
315			-1.5946E+05
320			-1.5962E+05
325			-1.5973E+05
330			-1.5973E+05
335			-1.5987E+05
340			-1.5993E+05
345			-1.5996E+05
350			-1.5998E+05
355			-1.5998E+05
360			-1.6000E+05
365			-1.6003E+05
370			-1.6015E+05
375			-1.6036E+05
380			-1.6037E+05
385			-1.6049E+05
390			-1.6053E+05
395			-1.6057E+05
400			-1.6059E+05
405			-1.6059E+05
410			-1.6060E+05
415			-1.6063E+05
420			-1.6068E+05
425			-1.6080E+05
430			-1.6080E+05
435			-1.6086E+05
440			-1.6090E+05
445			-1.6092E+05
450			-1.6093E+05
455			-1.6094E+05
460			-1.6095E+05
465			-1.6098E+05
470			-1.6101E+05
475			-1.6107E+05
480			-1.6107E+05
485			-1.6112E+05
490			-1.6115E+05
495			-1.6117E+05
500			-1.6118E+05
500			-1.6118E+05
