1			-1.1007E+05
5			-1.1052E+05
10			-1.1160E+05
15			-1.1360E+05
20			-1.1702E+05
25			-1.2162E+05
30			-1.2783E+05
35			-1.3014E+05
40			-1.3124E+05
45			-1.3220E+05
50			-1.3339E+05
55			-1.3375E+05
60			-1.3489E+05
65			-1.3545E+05
70			-1.3604E+05
75			-1.3655E+05
80			-1.3707E+05
85			-1.3745E+05
90			-1.3786E+05
95			-1.3822E+05
100			-1.3858E+05
105			-1.3884E+05
110			-1.4204E+05
115			-1.4323E+05
120			-1.4446E+05
125			-1.4517E+05
130			-1.4517E+05
135			-1.4554E+05
140			-1.4591E+05
145			-1.4639E+05
150			-1.4694E+05
155			-1.4695E+05
160			-1.4734E+05
165			-1.4759E+05
170			-1.4789E+05
175			-1.4810E+05
180			-1.4810E+05
185			-1.4832E+05
190			-1.4844E+05
195			-1.4884E+05
200			-1.4909E+05
205			-1.4909E+05
210			-1.4937E+05
215			-1.4955E+05
220			-1.4974E+05
225			-1.4987E+05
230			-1.4987E+05
235			-1.5004E+05
240			-1.5015E+05
245			-1.5039E+05
250			-1.5055E+05
255			-1.5056E+05
260			-1.5075E+05
265			-1.5087E+05
270			-1.5105E+05
275			-1.5116E+05
280			-1.5116E+05
285			-1.5132E+05
290			-1.5142E+05
295			-1.5159E+05
300			-1.5171E+05
305			-1.5172E+05
310			-1.5186E+05
315			-1.5196E+05
320			-1.5212E+05
325			-1.5223E+05
330			-1.5223E+05
335			-1.5239E+05
340			-1.5248E+05
345			-1.5261E+05
350			-1.5271E+05
355			-1.5271E+05
360			-1.5283E+05
365			-1.5291E+05
370			-1.5305E+05
375			-1.5316E+05
380			-1.5316E+05
385			-1.5331E+05
390			-1.5340E+05
395			-1.5350E+05
400			-1.5358E+05
405			-1.5359E+05
410			-1.5368E+05
415			-1.5375E+05
420			-1.5387E+05
425			-1.5398E+05
430			-1.5398E+05
435			-1.5411E+05
440			-1.5419E+05
445			-1.5428E+05
450			-1.5435E+05
455			-1.5436E+05
460			-1.5443E+05
465			-1.5450E+05
470			-1.5461E+05
475			-1.5472E+05
480			-1.5472E+05
485			-1.5483E+05
490			-1.5491E+05
495			-1.5499E+05
500			-1.5505E+05
500			-1.5505E+05
