Run semi-empirical minimization
 &qmmm
  qm_theory='AM1', grms_tol=0.05, tight_p_conv=1, scfconv=1.d-7, peptide_corr=1,  qmcharge=0,
 /
   6    C1       -8.6110       15.0600       27.9540 
   8    O1       -7.9390       14.0390       27.9410 
   7    N1       -8.4610       15.9230       26.9050 
   6    C2       -7.8540       15.3510       25.6960 
   6    C3       -8.6270       17.3880       27.0110 
   6    C4      -10.0290       17.9100       27.2980 
   8    O2       -9.9290       19.2740       26.9980 
   6    C5      -10.4610       17.6450       28.7330 
   8    O3      -11.6920       18.2540       29.0200 
   6    C6      -10.6570       16.1520       28.9640 
   7    N2       -9.4610       15.2940       29.0040 
   6    C7       -9.2710       14.4910       30.2150 
   6    C8       -8.3810       15.7300       24.3360 
   6    C9       -9.7690       15.7120       24.0220 
   6   C10      -10.1950       15.9190       22.6940 
   6   C11       -9.2190       16.1520       21.6930 
   6   C12       -9.6080       16.3040       20.3490 
   6   C13       -8.6260       16.5080       19.3490 
   6   C14       -7.2630       16.5620       19.6620 
   6   C15       -6.8600       16.4030       21.0060 
   6   C16       -7.8280       16.1920       22.0220 
   6   C17       -7.4080       15.9830       23.3460 
   6   C18       -7.4760       17.9720       27.8940 
   6   C19       -6.1240       17.8900       27.1930 
   6   C20       -5.2260       16.8260       27.4940 
   6   C21       -4.0290       16.6670       26.7500 
   6   C22       -3.7300       17.5850       25.7230 
   6   C23       -4.6070       18.6600       25.4320 
   6   C24       -5.8030       18.8110       26.1630 
   6   C25      -11.7120       15.4510       28.0790 
   6   C26      -12.3100       14.2480       28.7790 
   6   C27      -13.1670       14.4220       29.8980 
   6   C28      -13.7000       13.2810       30.5420 
   6   C29      -13.3740       11.9820       30.0580 
   6   C30      -12.5290       11.8140       28.9440 
   6   C31      -11.9920       12.9540       28.3040 
   6   C32       -9.3740       15.1480       31.5710 
   6   C33      -10.2280       14.4920       32.4770 
   6   C34      -10.2720       14.9260       33.8000 
   6   C35      -11.1560       14.2820       34.7090 
   6   C36      -11.2450       14.7480       36.0440 
   6   C37      -10.4350       15.8370       36.4510 
   6   C38       -9.5400       16.4750       35.5530 
   6   C39       -9.4550       16.0280       34.2120 
   6   C40       -8.6050       16.6910       33.2880 
   6   C41       -8.5740       16.2520       31.9620 
   1    H1       -8.2850       14.0310       30.1500 
   1    H2      -12.5030       16.1570       27.8250 
   1    H3      -11.2520       15.1370       27.1420 
   1    H4       -7.6970       19.0110       28.1370 
   1    H5       -7.4300       17.4270       28.8370 
   1    H6       -6.7940       15.6040       25.7150 
   1    H7       -7.9240       14.2670       25.7800 
   1    H8      -11.5610       19.2190       29.1320 
   1    H9      -10.8270       19.6600       26.9270 
   1   H10       -7.9390       16.7550       31.2330 
   1   H11       -7.9860       17.5290       33.6080 
   1   H12       -8.9210       17.3050       35.8940 
   1   H13      -10.5010       16.1940       37.4790 
   1   H14      -11.9280       14.2750       36.7490 
   1   H15      -11.7600       13.4360       34.3810 
   1   H16      -10.0020       13.6830       30.1880 
   1   H17      -10.8460       13.6560       32.1480 
   1   H18      -11.3330       12.8360       27.4440 
   1   H19      -12.2910       10.8150       28.5790 
   1   H20      -13.7850       11.1040       30.5570 
   1   H21      -14.3570       13.3950       31.4040 
   1   H22      -13.4110       15.4220       30.2560 
   1   H23      -11.0340       16.2340       29.9830 
   1   H24       -9.6750       18.0500       29.3710 
   1   H25      -10.8000       17.4120       26.7100 
   1   H26       -6.4800       19.6350       25.9370 
   1   H27       -4.3570       19.3700       24.6430 
   1   H28       -2.8130       17.4670       25.1450 
   1   H29       -3.3480       15.8450       26.9700 
   1   H30       -5.4600       16.1310       28.3000 
   1   H31       -8.5210       17.7940       26.0050 
   1   H32       -6.3490       16.0160       23.6040 
   1   H33       -5.8020       16.4420       21.2640 
   1   H34       -6.5220       16.7250       18.8790 
   1   H35       -8.9390       16.6260       18.3120 
   1   H36      -10.6630       16.2650       20.0780 
   1   H37      -11.2550       15.9000       22.4420 
   1   H38      -10.5030       15.5380       24.8090 

