1			-1.1308E+05
5			-1.1310E+05
10			-1.1315E+05
15			-1.1326E+05
20			-1.1347E+05
25			-1.1358E+05
30			-1.1368E+05
35			-1.1372E+05
40			-1.1375E+05
45			-1.1379E+05
50			-1.1382E+05
55			-1.1386E+05
60			-1.1387E+05
65			-1.1389E+05
70			-1.1393E+05
75			-1.1395E+05
80			-1.1397E+05
85			-1.1399E+05
90			-1.1401E+05
95			-1.1403E+05
100			-1.1405E+05
105			-1.1406E+05
110			-1.1426E+05
115			-1.1437E+05
120			-1.1443E+05
125			-1.1453E+05
130			-1.1453E+05
135			-1.1458E+05
140			-1.1460E+05
145			-1.1463E+05
150			-1.1468E+05
155			-1.1468E+05
160			-1.1472E+05
165			-1.1474E+05
170			-1.1476E+05
175			-1.1478E+05
180			-1.1478E+05
185			-1.1481E+05
190			-1.1482E+05
195			-1.1485E+05
200			-1.1487E+05
205			-1.1487E+05
210			-1.1490E+05
215			-1.1491E+05
220			-1.1493E+05
225			-1.1495E+05
230			-1.1495E+05
235			-1.1497E+05
240			-1.1499E+05
245			-1.1500E+05
250			-1.1503E+05
255			-1.1503E+05
260			-1.1505E+05
265			-1.1507E+05
270			-1.1509E+05
275			-1.1513E+05
280			-1.1513E+05
285			-1.1516E+05
290			-1.1518E+05
295			-1.1519E+05
300			-1.1520E+05
305			-1.1521E+05
310			-1.1522E+05
315			-1.1524E+05
320			-1.1525E+05
325			-1.1530E+05
330			-1.1530E+05
335			-1.1532E+05
340			-1.1534E+05
345			-1.1535E+05
350			-1.1536E+05
355			-1.1536E+05
360			-1.1537E+05
365			-1.1539E+05
370			-1.1541E+05
375			-1.1545E+05
380			-1.1545E+05
385			-1.1548E+05
390			-1.1549E+05
395			-1.1551E+05
400			-1.1551E+05
405			-1.1552E+05
410			-1.1553E+05
415			-1.1554E+05
420			-1.1556E+05
425			-1.1558E+05
430			-1.1558E+05
435			-1.1560E+05
440			-1.1561E+05
445			-1.1563E+05
450			-1.1564E+05
455			-1.1564E+05
460			-1.1565E+05
465			-1.1566E+05
470			-1.1568E+05
475			-1.1572E+05
480			-1.1572E+05
485			-1.1574E+05
490			-1.1575E+05
495			-1.1577E+05
500			-1.1577E+05
500			-1.1577E+05
