1			7.6921E+06
5			5.5146E+06
10			2.2311E+06
15			2.7762E+05
20			-5.4368E+04
25			-7.8689E+04
30			-8.4973E+04
35			-8.6613E+04
40			-9.1177E+04
45			-9.2122E+04
50			-9.3045E+04
55			-9.4121E+04
60			-9.4715E+04
65			-9.5314E+04
70			-9.5841E+04
75			-9.6328E+04
80			-9.6676E+04
85			-9.7043E+04
90			-9.7368E+04
95			-9.7685E+04
100			-9.8078E+04
105			-9.8257E+04
110			-1.0005E+05
115			-1.0143E+05
120			-1.0201E+05
125			-1.0278E+05
130			-1.0278E+05
135			-1.0335E+05
140			-1.0376E+05
145			-1.0423E+05
150			-1.0440E+05
155			-1.0441E+05
160			-1.0467E+05
165			-1.0498E+05
170			-1.0527E+05
175			-1.0542E+05
180			-1.0542E+05
185			-1.0558E+05
190			-1.0580E+05
195			-1.0602E+05
200			-1.0618E+05
205			-1.0618E+05
210			-1.0634E+05
215			-1.0642E+05
220			-1.0671E+05
225			-1.0685E+05
230			-1.0685E+05
235			-1.0700E+05
240			-1.0711E+05
245			-1.0727E+05
250			-1.0734E+05
255			-1.0735E+05
260			-1.0743E+05
265			-1.0751E+05
270			-1.0770E+05
275			-1.0784E+05
280			-1.0784E+05
285			-1.0800E+05
290			-1.0807E+05
295			-1.0820E+05
300			-1.0826E+05
305			-1.0826E+05
310			-1.0834E+05
315			-1.0841E+05
320			-1.0854E+05
325			-1.0866E+05
330			-1.0866E+05
335			-1.0880E+05
340			-1.0888E+05
345			-1.0896E+05
350			-1.0900E+05
355			-1.0901E+05
360			-1.0906E+05
365			-1.0912E+05
370			-1.0923E+05
375			-1.0930E+05
380			-1.0930E+05
385			-1.0940E+05
390			-1.0946E+05
395			-1.0953E+05
400			-1.0957E+05
405			-1.0957E+05
410			-1.0962E+05
415			-1.0967E+05
420			-1.0976E+05
425			-1.0981E+05
430			-1.0982E+05
435			-1.0990E+05
440			-1.0994E+05
445			-1.1001E+05
450			-1.1004E+05
455			-1.1004E+05
460			-1.1009E+05
465			-1.1013E+05
470			-1.1020E+05
475			-1.1025E+05
480			-1.1025E+05
485			-1.1032E+05
490			-1.1036E+05
495			-1.1041E+05
500			-1.1044E+05
505			-1.1044E+05
510			-1.1048E+05
515			-1.1052E+05
520			-1.1058E+05
525			-1.1062E+05
530			-1.1063E+05
535			-1.1069E+05
540			-1.1072E+05
545			-1.1077E+05
550			-1.1080E+05
555			-1.1080E+05
560			-1.1084E+05
565			-1.1087E+05
570			-1.1092E+05
575			-1.1096E+05
580			-1.1096E+05
585			-1.1102E+05
590			-1.1105E+05
595			-1.1109E+05
600			-1.1112E+05
605			-1.1112E+05
610			-1.1115E+05
615			-1.1118E+05
620			-1.1123E+05
625			-1.1127E+05
630			-1.1127E+05
635			-1.1132E+05
640			-1.1134E+05
645			-1.1138E+05
650			-1.1140E+05
655			-1.1141E+05
660			-1.1144E+05
665			-1.1146E+05
670			-1.1150E+05
675			-1.1153E+05
680			-1.1154E+05
685			-1.1158E+05
690			-1.1160E+05
695			-1.1164E+05
700			-1.1165E+05
705			-1.1166E+05
710			-1.1168E+05
715			-1.1171E+05
720			-1.1174E+05
725			-1.1177E+05
730			-1.1177E+05
735			-1.1181E+05
740			-1.1183E+05
745			-1.1186E+05
750			-1.1188E+05
755			-1.1188E+05
760			-1.1190E+05
765			-1.1192E+05
770			-1.1196E+05
775			-1.1198E+05
780			-1.1198E+05
785			-1.1202E+05
790			-1.1204E+05
795			-1.1206E+05
800			-1.1208E+05
805			-1.1208E+05
810			-1.1210E+05
815			-1.1212E+05
820			-1.1215E+05
825			-1.1217E+05
830			-1.1218E+05
835			-1.1220E+05
840			-1.1222E+05
845			-1.1225E+05
850			-1.1226E+05
855			-1.1227E+05
860			-1.1229E+05
865			-1.1231E+05
870			-1.1233E+05
875			-1.1237E+05
880			-1.1237E+05
885			-1.1239E+05
890			-1.1241E+05
895			-1.1243E+05
900			-1.1248E+05
905			-1.1248E+05
910			-1.1250E+05
915			-1.1252E+05
920			-1.1255E+05
925			-1.1256E+05
930			-1.1256E+05
935			-1.1259E+05
940			-1.1261E+05
945			-1.1263E+05
950			-1.1266E+05
955			-1.1266E+05
960			-1.1268E+05
965			-1.1269E+05
970			-1.1272E+05
975			-1.1274E+05
980			-1.1275E+05
985			-1.1278E+05
990			-1.1280E+05
995			-1.1281E+05
1000			-1.1283E+05
1000			-1.1283E+05
