Frame	Volume
1	556.395
2	586.279
3	566.98
4	573.566
5	571.36
6	563.449
7	566.517
8	572.586
9	563.388
10	569.619
11	568.54
12	566.731
13	566.071
14	563.897
15	566.836
16	566.873
17	566.441
18	567.552
19	569.02
20	568.869
21	567.822
22	570.291
23	565.57
24	567.746
25	567.214
26	567.368
27	568.263
28	567.197
29	568.483
30	568.146
31	567.472
32	569.225
33	567.461
34	567.563
35	567.928
36	567.197
37	567.897
38	567.668
39	567.855
40	568.172
41	568.002
42	568
43	568.223
44	568.76
45	568.525
46	567.745
47	567.927
48	567.671
49	568.138
50	567.536
51	568.025
52	568.983
53	568.67
54	567.536
55	567.445
56	568.043
57	567.575
58	568.223
59	567.677
60	567.961
61	568.344
62	568.15
63	568.029
64	567.208
65	567.67
66	568.244
67	568.179
68	568.016
69	567.803
70	567.836
71	567.589
72	567.704
73	568.105
74	567.15
75	567.56
76	568.056
77	568.449
78	567.806
79	567.812
80	567.536
81	568.015
82	568.213
83	567.366
84	567.59
85	567.833
86	568.419
87	567.879
88	567.881
89	567.568
90	567.795
91	567.963
92	567.475
93	567.628
94	567.832
95	567.604
96	568.014
97	567.82
98	568.17
99	568.538
100	567.821
101	568.267
102	568.339
103	567.748
104	567.926
105	568.165
106	568.144
107	567.557
108	568.173
109	567.768
110	567.755
111	567.356
112	567.529
113	567.716
114	568.263
115	568.441
116	568.035
117	568.149
118	568.168
119	568.08
120	568.025
121	567.69
122	567.643
123	568.072
124	567.883
125	568.164
126	568.007
127	568.083
128	568.03
129	568.061
130	567.564
131	568.077
132	568.01
133	567.915
134	568.081
135	568.033
136	567.684
137	568.22
138	567.952
139	567.48
140	567.631
141	567.869
142	568.184
143	568.026
144	568.189
145	567.966
146	568.211
147	567.835
148	567.988
149	567.921
150	568.391
151	568.053
152	568.023
153	567.858
154	568.155
155	568.011
156	567.948
157	567.848
158	567.734
159	567.815
160	567.717
161	568.035
162	567.718
163	567.885
164	568.196
165	567.635
166	567.961
167	568.05
168	568.606
169	567.786
170	567.628
171	567.813
172	567.294
173	568.065
174	567.394
175	568.013
176	568.099
177	567.813
178	567.359
179	567.919
180	568.188
181	567.803
182	567.776
183	567.702
184	567.765
185	568.283
186	567.929
187	568.259
188	567.792
189	567.986
190	567.889
191	567.991
192	567.995
193	567.932
194	568.216
195	568.131
196	567.953
197	567.941
198	568.14
199	567.971
200	567.789
201	567.832
202	568.052
203	567.617
204	567.708
205	568.521
206	567.879
207	567.892
208	567.936
209	568.182
210	567.946
211	567.9
212	567.935
213	567.491
214	567.723
215	568.008
216	568.068
217	568.095
218	567.935
219	568.359
220	567.787
221	567.952
222	567.857
223	567.958
224	567.825
225	568.089
226	567.533
227	568.05
228	567.948
229	568.1
230	567.759
231	567.995
232	567.841
233	567.731
234	567.884
235	567.817
236	568.074
237	568.067
238	568.18
239	568.239
240	568.018
241	568.044
242	567.846
243	567.697
244	567.874
245	568.087
246	568.247
247	568.043
248	568.078
249	567.897
250	567.759
251	567.52
252	567.782
253	567.711
254	567.844
255	567.61
256	567.952
257	568.039
258	568.074
259	568.13
260	567.778
261	567.942
262	567.535
263	567.881
264	567.972
265	567.629
266	567.807
267	568.096
268	568.235
269	567.784
270	568.034
271	567.757
272	567.57
273	567.874
274	567.976
275	568.109
276	567.83
277	567.974
278	568.06
279	567.99
280	567.9
281	567.849
282	567.75
283	568.084
284	567.659
285	567.825
286	568.051
287	568.035
288	567.881
289	567.948
290	567.966
291	567.976
292	568.259
293	567.784
294	567.967
295	567.954
296	567.592
297	567.975
298	568.211
299	567.946
300	568.022
301	567.874
302	567.906
303	568.068
304	567.781
305	567.836
306	567.821
307	567.857
308	567.78
309	567.847
310	567.851
311	567.899
312	567.668
313	567.836
314	567.998
315	567.923
316	567.864
317	567.913
318	567.809
319	567.99
320	567.856
321	567.688
322	567.983
323	567.892
324	568
325	567.854
326	567.786
327	567.998
328	567.774
329	567.986
330	567.977
331	567.828
332	567.853
333	568.146
334	567.862
335	568.01
336	567.903
337	567.981
338	567.972
339	567.843
340	568.05
341	567.981
342	568.075
343	567.876
344	567.931
345	567.891
346	568.056
347	567.898
348	567.965
349	568.003
350	567.887
351	567.817
352	567.958
353	567.754
354	567.844
355	567.813
356	567.863
357	567.872
358	568.013
359	567.936
360	567.996
361	567.909
362	567.979
363	568.058
364	567.855
365	568.007
366	567.947
367	568.077
368	568.066
369	567.896
370	567.878
371	567.905
372	567.81
373	568.022
374	567.899
375	567.86
376	567.98
377	567.948
378	567.899
379	567.957
380	567.921
381	567.914
382	567.977
383	567.989
384	567.937
385	567.846
386	567.87
387	567.94
388	567.979
389	567.922
390	567.945
391	567.9
392	567.937
393	567.824
394	567.927
395	567.785
396	568.02
397	568.007
398	567.762
399	567.864
400	567.97
401	567.897
402	567.932
403	567.869
404	567.822
405	567.939
406	567.894
407	567.992
408	567.912
409	567.841
410	567.882
411	567.956
412	567.92
413	567.855
414	568.015
415	568.018
416	567.932
417	567.8
418	568.125
419	567.888
420	567.858
421	567.902
422	567.949
423	567.844
424	568.072
425	568.034
426	567.977
427	567.958
428	567.959
429	567.879
430	567.907
431	567.984
432	567.913
433	568.082
434	567.924
435	567.879
436	567.944
437	567.939
438	567.998
439	567.812
440	567.895
441	567.989
442	567.892
443	567.873
444	567.921
445	567.879
446	567.958
447	568
448	567.925
449	568.016
450	567.902
451	567.889
452	567.989
453	567.884
454	567.925
455	567.875
456	567.939
457	567.938
458	567.934
459	567.92
460	567.934
461	567.903
462	567.88
463	567.896
464	567.974
465	567.973
466	567.865
467	568.005
468	567.894
469	567.9
470	567.84
471	567.943
472	567.945
473	567.884
474	567.887
475	567.894
476	567.88
477	568.043
478	567.788
479	567.928
480	567.931
481	567.879
482	567.959
483	567.839
484	567.844
485	567.894
486	568.034
487	568.082
488	567.884
489	567.991
490	567.82
491	567.917
492	567.985
493	567.909
494	567.938
495	568.086
496	567.85
497	567.95
498	568.134
499	567.961
500	567.9
501	567.922
502	567.965
503	567.937
504	567.881
505	567.906
506	567.993
507	568.063
508	567.772
509	567.785
510	568.004
511	568.005
512	567.825
513	567.882
514	567.926
515	567.937
516	567.992
517	567.824
518	567.872
519	567.951
520	567.92
521	567.969
522	567.98
523	567.936
524	567.942
525	567.873
526	567.903
527	567.898
528	567.938
529	567.984
530	568.067
531	567.871
532	567.982
533	567.953
534	567.941
535	568.049
536	568.044
537	567.844
538	567.964
539	567.876
540	567.847
541	567.898
542	567.891
543	567.996
544	567.74
545	568.122
546	568.039
547	567.955
548	567.996
549	567.962
550	567.725
551	568.179
552	568.064
553	567.906
554	568.091
555	567.89
556	567.882
557	567.901
558	567.839
559	567.934
560	567.838
561	568.074
562	567.935
563	567.884
564	567.967
565	567.956
566	567.989
567	567.856
568	567.824
569	567.93
570	567.875
571	567.949
572	567.847
573	567.954
574	567.924
575	567.911
576	567.93
577	567.878
578	568.079
579	567.933
580	567.904
581	567.968
582	568.037
583	567.951
584	567.941
585	567.911
586	567.969
587	567.99
588	567.898
589	567.942
590	567.878
591	567.945
592	567.898
593	567.915
594	568.066
595	567.869
596	567.879
597	567.909
598	567.966
599	567.898
600	567.904
601	567.858
602	567.955
603	567.972
604	567.938
605	567.946
606	567.895
607	567.967
608	567.945
609	567.887
610	567.98
611	567.876
612	567.942
613	567.863
614	567.927
615	567.935
616	567.896
617	567.967
618	568.003
619	567.925
620	567.891
621	567.857
622	567.978
623	567.978
624	567.934
625	567.937
626	567.98
627	567.934
628	567.935
629	567.914
630	567.887
631	567.923
632	567.942
633	567.928
634	567.956
635	567.938
636	567.938
637	567.934
638	567.916
639	567.912
640	567.948
641	567.918
642	567.916
643	567.948
644	567.851
645	567.902
646	567.953
647	567.932
648	567.989
649	567.978
650	567.939
651	567.921
652	567.894
653	567.937
654	567.889
655	567.91
656	567.917
657	567.893
658	567.953
659	567.962
660	567.955
661	567.961
662	567.902
663	567.938
664	567.922
665	567.936
666	567.925
667	567.923
668	567.927
669	567.887
670	567.935
671	567.922
672	567.931
673	567.929
674	567.928
675	567.935
676	567.966
677	567.913
678	567.931
679	567.988
680	567.948
681	567.961
682	567.927
683	567.958
684	567.961
685	567.923
686	567.906
687	567.91
688	567.929
689	567.934
690	567.955
691	567.935
692	567.918
693	567.937
694	567.932
695	567.943
696	567.931
697	567.925
698	567.923
699	567.924
700	567.989
701	567.941
702	567.906
703	567.949
704	567.922
705	567.93
706	567.945
707	567.942
708	567.927
709	567.916
710	567.933
711	567.932
712	567.941
713	567.933
714	567.941
715	567.934
716	567.936
717	567.918
718	567.928
719	567.928
720	567.93
721	567.929
722	567.92
723	567.93
724	567.929
725	567.93
726	567.93
727	567.935
728	567.93
729	567.931
730	567.925
731	567.93
732	567.922
733	567.931
734	567.928
735	567.922
736	567.92
737	567.931
738	567.929
739	567.936
740	567.93
741	567.927
742	567.926
743	567.934
744	567.926
745	567.93
746	567.935
747	567.928
748	567.908
749	567.903
750	567.93
751	567.926
752	567.953
753	567.926
754	567.93
755	567.935
756	567.916
757	567.957
758	567.894
759	567.903
760	567.93
761	567.934
762	567.927
763	567.929
764	567.908
765	567.935
766	567.903
767	567.922
768	567.887
769	567.932
770	567.908
771	567.932
772	567.995
773	567.987
774	567.926
775	567.93
776	567.936
777	567.929
778	567.93
779	567.93
780	567.946
781	567.932
782	567.93
783	567.913
784	567.95
785	567.93
786	567.93
787	567.928
788	567.93
789	567.932
790	567.93
791	567.93
792	567.93
793	567.93
794	567.97
795	567.902
