Frame	Volume
1	1234.07
2	1289.8
3	1265.09
4	1276.62
5	1266.12
6	1258.98
7	1261.04
8	1272.69
9	1256.41
10	1268.8
11	1265.73
12	1264.47
13	1260.95
14	1260.2
15	1262.34
16	1261.67
17	1260.74
18	1265.07
19	1263.37
20	1265.96
21	1265.72
22	1264.02
23	1262.74
24	1264.47
25	1264.32
26	1264.48
27	1265.48
28	1265.93
29	1267.88
30	1264.78
31	1264.19
32	1266.77
33	1264.21
34	1262.88
35	1266.18
36	1264.52
37	1265.82
38	1264.55
39	1266.05
40	1266.23
41	1265.21
42	1264.94
43	1264.15
44	1265.97
45	1265.36
46	1264.1
47	1265.17
48	1264.31
49	1265.03
50	1264.09
51	1265.47
52	1266.82
53	1265.72
54	1263.18
55	1264
56	1264.37
57	1264.34
58	1264.39
59	1265.92
60	1265.27
61	1265.33
62	1265.07
63	1264.36
64	1263.48
65	1264.8
66	1265.41
67	1265.33
68	1264.87
69	1264.06
70	1264.87
71	1264.5
72	1264.49
73	1264.06
74	1263.42
75	1265.09
76	1264.73
77	1265.85
78	1264.58
79	1264.82
80	1264.13
81	1264.46
82	1266.03
83	1264.03
84	1264.51
85	1265.09
86	1265.18
87	1264.8
88	1265.29
89	1264.27
90	1264.84
91	1264.76
92	1265.06
93	1264.4
94	1264.38
95	1264.75
96	1264.65
97	1265.7
98	1264.96
99	1265.28
100	1264.56
101	1264.75
102	1265.17
103	1265.51
104	1265.36
105	1265.18
106	1265.1
107	1264.08
108	1264.66
109	1264.02
110	1264.55
111	1264.59
112	1265.01
113	1264.65
114	1264.98
115	1265.34
116	1264.7
117	1265.97
118	1264.27
119	1265.04
120	1264.48
121	1263.96
122	1264.58
123	1265.53
124	1265.74
125	1264.61
126	1264.22
127	1264.76
128	1264.86
129	1265.5
130	1263.91
131	1264.54
132	1265.77
133	1265.04
134	1264.81
135	1264.51
136	1264.92
137	1265.45
138	1264.63
139	1263.71
140	1264.83
141	1264.54
142	1265.02
143	1265.01
144	1264.85
145	1265.04
146	1265.5
147	1265.05
148	1264.4
149	1264.5
150	1265.54
151	1264.93
152	1264.78
153	1264.66
154	1264.64
155	1264.3
156	1265.08
157	1264.27
158	1264.7
159	1264.27
160	1264.73
161	1264.91
162	1264.5
163	1265.34
164	1264.93
165	1264.51
166	1265.22
167	1264.83
168	1265.42
169	1265.09
170	1264.48
171	1264.96
172	1264.34
173	1265.2
174	1264.15
175	1264.77
176	1264.99
177	1264.43
178	1264.65
179	1264.86
180	1264.94
181	1264.91
182	1264.77
183	1265.07
184	1264.67
185	1264.87
186	1264.77
187	1264.91
188	1264.59
189	1264.9
190	1264.85
191	1264.75
192	1264.86
193	1264.78
194	1265.26
195	1264.72
196	1264.65
197	1264.54
198	1265.19
199	1264.61
200	1264.65
201	1264.92
202	1265.32
203	1264.72
204	1264.62
205	1265.11
206	1264.73
207	1264.91
208	1265.03
209	1265.15
210	1264.35
211	1264.7
212	1264.82
213	1264.71
214	1264.68
215	1264.87
216	1264.79
217	1265.09
218	1264.78
219	1265.03
220	1264.65
221	1264.56
222	1264.62
223	1264.78
224	1264.6
225	1264.79
226	1264.76
227	1264.84
228	1265.18
229	1264.81
230	1264.7
231	1264.62
232	1264.54
233	1264.65
234	1264.61
235	1264.63
236	1264.69
237	1264.71
238	1265
239	1264.91
240	1264.98
241	1264.73
242	1264.76
243	1264.89
244	1264.69
245	1265.21
246	1265.28
247	1264.68
248	1265.05
249	1265.05
250	1264.61
251	1264.11
252	1264.85
253	1264.71
254	1264.8
255	1264.38
256	1264.91
257	1265.11
258	1265
259	1264.93
260	1264.61
261	1264.82
262	1264.43
263	1264.72
264	1264.74
265	1264.55
266	1264.76
267	1265.13
268	1265.11
269	1264.71
270	1264.92
271	1264.7
272	1264.38
273	1264.8
274	1265.02
275	1265.22
276	1264.79
277	1264.67
278	1264.85
279	1264.91
280	1264.72
281	1264.78
282	1264.55
283	1265.04
284	1264.33
285	1264.72
286	1264.9
287	1264.84
288	1264.78
289	1264.91
290	1264.76
291	1264.91
292	1265.17
293	1264.83
294	1264.9
295	1265.01
296	1264.66
297	1264.76
298	1265.1
299	1264.77
300	1265
301	1264.93
302	1264.95
303	1265.09
304	1264.8
305	1264.81
306	1264.74
307	1264.7
308	1264.46
309	1264.81
310	1264.48
311	1264.85
312	1264.69
313	1264.73
314	1264.96
315	1264.96
316	1264.74
317	1264.6
318	1264.79
319	1264.78
320	1264.74
321	1264.71
322	1264.93
323	1264.96
324	1264.71
325	1264.76
326	1264.83
327	1265.21
328	1264.28
329	1264.89
330	1264.86
331	1264.7
332	1264.63
333	1265.2
334	1264.89
335	1265.06
336	1264.73
337	1264.86
338	1264.7
339	1264.74
340	1264.94
341	1264.91
342	1264.84
343	1264.62
344	1264.81
345	1264.88
346	1265.03
347	1264.78
348	1264.89
349	1264.95
350	1264.81
351	1264.85
352	1264.96
353	1264.75
354	1264.66
355	1264.58
356	1264.68
357	1264.91
358	1264.93
359	1264.76
360	1264.92
361	1264.61
362	1264.88
363	1264.87
364	1264.68
365	1264.79
366	1264.74
367	1264.8
368	1264.91
369	1264.73
370	1264.81
371	1264.93
372	1264.7
373	1264.88
374	1264.78
375	1264.71
376	1264.99
377	1265.07
378	1264.93
379	1265
380	1264.85
381	1264.81
382	1264.55
383	1265.06
384	1264.84
385	1264.76
386	1264.74
387	1264.74
388	1264.8
389	1265.06
390	1264.88
391	1264.85
392	1264.72
393	1264.52
394	1264.9
395	1264.78
396	1264.79
397	1264.88
398	1264.69
399	1264.66
400	1264.76
401	1264.8
402	1264.83
403	1264.56
404	1264.52
405	1264.69
406	1264.68
407	1264.89
408	1264.68
409	1264.81
410	1264.72
411	1264.92
412	1264.87
413	1264.76
414	1264.85
415	1264.96
416	1264.8
417	1264.79
418	1265.02
419	1264.77
420	1264.82
421	1264.81
422	1264.8
423	1264.64
424	1265.03
425	1265.01
426	1264.78
427	1264.83
428	1264.73
429	1264.78
430	1264.91
431	1264.87
432	1264.83
433	1264.99
434	1264.74
435	1264.77
436	1264.9
437	1264.9
438	1264.8
439	1264.65
440	1264.84
441	1264.85
442	1264.77
443	1264.95
444	1264.68
445	1264.79
446	1264.84
447	1264.77
448	1264.96
449	1264.72
450	1264.74
451	1264.62
452	1264.88
453	1264.69
454	1264.73
455	1265.01
456	1264.79
457	1264.89
458	1264.74
459	1264.8
460	1264.76
461	1264.77
462	1264.84
463	1264.86
464	1264.92
465	1264.73
466	1264.8
467	1264.95
468	1264.59
469	1264.79
470	1264.83
471	1264.88
472	1264.68
473	1264.84
474	1264.75
475	1264.73
476	1264.81
477	1264.81
478	1264.77
479	1264.83
480	1264.8
481	1264.82
482	1264.97
483	1264.72
484	1264.74
485	1264.81
486	1264.94
487	1264.94
488	1264.8
489	1264.9
490	1264.79
491	1264.76
492	1264.84
493	1264.85
494	1264.79
495	1265.07
496	1264.73
497	1264.91
498	1265.06
499	1264.7
500	1264.8
501	1264.92
502	1264.84
503	1264.86
504	1264.82
505	1264.83
506	1264.85
507	1265.05
508	1264.68
509	1264.67
510	1264.95
511	1264.94
512	1264.75
513	1264.73
514	1264.83
515	1264.72
516	1264.93
517	1264.76
518	1264.76
519	1264.88
520	1264.84
521	1264.81
522	1264.84
523	1264.83
524	1264.76
525	1264.79
526	1264.78
527	1264.79
528	1264.75
529	1264.99
530	1265.1
531	1264.74
532	1264.88
533	1264.92
534	1264.83
535	1264.98
536	1264.99
537	1264.72
538	1264.88
539	1264.76
540	1264.61
541	1264.89
542	1264.72
543	1264.87
544	1264.72
545	1265
546	1265.04
547	1264.8
548	1264.98
549	1265.07
550	1264.62
551	1265.07
552	1264.93
553	1264.95
554	1265.02
555	1264.94
556	1264.67
557	1264.76
558	1264.69
559	1264.94
560	1264.77
561	1265.02
562	1264.81
563	1264.77
564	1264.86
565	1264.88
566	1264.83
567	1264.66
568	1264.74
569	1264.87
570	1264.79
571	1264.85
572	1264.87
573	1264.9
574	1264.82
575	1264.85
576	1264.83
577	1264.82
578	1264.9
579	1264.83
580	1264.71
581	1264.81
582	1265
583	1264.9
584	1264.85
585	1264.8
586	1264.8
587	1264.84
588	1264.76
589	1264.84
590	1264.82
591	1264.86
592	1264.75
593	1264.86
594	1264.9
595	1264.73
596	1264.7
597	1264.68
598	1264.87
599	1264.74
600	1264.89
601	1264.83
602	1264.85
603	1264.85
604	1264.79
605	1264.86
606	1264.8
607	1264.85
608	1264.83
609	1264.68
610	1264.83
611	1264.8
612	1264.8
613	1264.82
614	1264.81
615	1264.91
616	1264.78
617	1264.82
618	1264.89
619	1264.84
620	1264.87
621	1264.71
622	1264.92
623	1264.87
624	1264.83
625	1264.86
626	1264.92
627	1264.81
628	1264.84
629	1264.8
630	1264.77
631	1264.87
632	1264.79
633	1264.84
634	1264.85
635	1264.81
636	1264.8
637	1264.87
638	1264.81
639	1264.8
640	1264.88
641	1264.79
642	1264.81
643	1264.79
644	1264.73
645	1264.81
646	1264.9
647	1264.75
648	1264.89
649	1264.89
650	1264.9
651	1264.76
652	1264.83
653	1264.83
654	1264.72
655	1264.79
656	1264.79
657	1264.81
658	1264.84
659	1264.76
660	1264.84
661	1264.82
662	1264.84
663	1264.85
664	1264.86
665	1264.85
666	1264.81
667	1264.85
668	1264.82
669	1264.79
670	1264.83
671	1264.86
672	1264.79
673	1264.83
674	1264.8
675	1264.8
676	1264.86
677	1264.84
678	1264.81
679	1264.91
680	1264.86
681	1264.83
682	1264.83
683	1264.85
684	1264.84
685	1264.82
686	1264.81
687	1264.76
688	1264.85
689	1264.76
690	1264.91
691	1264.82
692	1264.82
693	1264.85
694	1264.82
695	1264.85
696	1264.82
697	1264.79
698	1264.8
699	1264.83
700	1264.98
701	1264.83
702	1264.78
703	1264.93
704	1264.79
705	1264.82
706	1264.91
707	1264.81
708	1264.77
709	1264.8
710	1264.82
711	1264.8
712	1264.82
713	1264.84
714	1264.89
715	1264.82
716	1264.86
717	1264.8
718	1264.8
719	1264.84
720	1264.82
721	1264.81
722	1264.78
723	1264.82
724	1264.81
725	1264.83
726	1264.82
727	1264.86
728	1264.84
729	1264.84
730	1264.8
731	1264.82
732	1264.79
733	1264.83
734	1264.82
735	1264.81
736	1264.79
737	1264.85
738	1264.84
739	1264.84
740	1264.85
741	1264.8
742	1264.8
743	1264.84
744	1264.81
745	1264.83
746	1264.81
747	1264.83
748	1264.81
749	1264.78
750	1264.83
751	1264.83
752	1264.82
753	1264.8
754	1264.84
755	1264.82
756	1264.84
757	1264.89
758	1264.8
759	1264.83
760	1264.85
761	1264.82
762	1264.79
763	1264.85
764	1264.84
765	1264.82
766	1264.84
767	1264.82
768	1264.81
769	1264.82
770	1264.81
771	1264.81
772	1264.81
773	1264.81
774	1264.76
775	1264.83
776	1264.85
777	1264.85
778	1264.86
779	1264.84
780	1264.92
781	1264.75
782	1264.81
783	1264.84
784	1264.81
785	1264.85
786	1264.82
787	1264.82
788	1264.82
789	1264.83
790	1264.82
791	1264.82
792	1264.82
793	1264.82
794	1264.81
795	1264.83
