#Atom       AtomicFlx
  36.000       0.5963
  55.000       0.6718
  75.000       0.6231
  90.000       0.5437
 109.000       0.5170
 128.000       0.5953
 152.000       0.5988
 171.000       0.5719
 183.000       0.6963
 198.000       0.9138
 205.000       0.7502
 224.000       0.6405
 248.000       0.6284
 267.000       0.6048
 289.000       0.5390
 308.000       0.6774
 329.000       0.9023
 351.000       1.1293
 363.000       1.5278
 377.000       1.4174
 392.000       1.1852
 399.000       0.9012
 420.000       0.6765
 441.000       0.5399
 455.000       0.4561
 474.000       0.5381
 481.000       0.6320
 500.000       0.7072
 507.000       0.6194
 524.000       0.7474
 543.000       0.6834
 562.000       0.9212
 576.000       1.1342
 598.000       1.2400
 617.000       1.2819
 623.000       1.2092
 634.000       1.0048
 653.000       1.1136
 667.000       1.0611
 677.000       0.7854
 687.000       0.7571
 709.000       0.9452
 720.000       0.8746
 735.000       0.6651
 754.000       0.8322
 766.000       1.0798
 788.000       1.0118
 798.000       0.9398
 817.000       1.2157
 824.000       1.1426
 848.000       1.0552
 862.000       0.7758
 873.000       0.9415
 887.000       0.6920
 894.000       0.5857
 910.000       0.6517
 929.000       0.7298
 943.000       0.7239
 965.000       0.7780
 977.000       0.6232
 992.000       0.5079
1002.000       0.5501
1017.000       0.6269
1039.000       0.5381
1058.000       0.4906
1078.000       0.5822
1092.000       0.5929
1109.000       0.5066
1121.000       0.5040
1137.000       0.5648
1149.000       0.5759
1159.000       0.5112
1169.000       0.5376
1185.000       0.6682
1209.000       0.6674
1216.000       0.5606
1235.000       0.7201
1254.000       0.8345
1278.000       0.7238
1292.000       0.8204
1302.000       0.7126
1324.000       0.5267
1343.000       0.5950
1373.000       0.6608
1379.000       0.5600
1395.000       0.5389
1416.000       0.6563
1428.000       0.6344
1439.000       0.5488
1458.000       0.5889
1470.000       0.6239
1480.000       0.5278
1496.000       0.4355
1520.000       0.4515
1544.000       0.4575
1555.000       0.4015
1565.000       0.3861
1584.000       0.4048
1603.000       0.4204
1617.000       0.4503
1634.000       0.4720
1650.000       0.4954
1670.000       0.5463
1687.000       0.6756
1704.000       0.6573
1711.000       0.6397
1726.000       0.7706
1740.000       0.7446
1747.000       0.5419
1763.000       0.6280
1773.000       0.7477
1780.000       0.6183
1800.000       0.7379
1814.000       0.7632
1828.000       0.5891
1839.000       0.5281
1858.000       0.6489
1882.000       0.5719
1899.000       0.5084
1918.000       0.6322
1935.000       0.6835
1952.000       0.6361
1974.000       0.6275
1998.000       0.6244
2022.000       0.7307
2034.000       0.6652
2049.000       0.5936
2059.000       0.6364
2069.000       0.7502
2085.000       0.7240
2099.000       0.6562
2118.000       0.7404
2128.000       0.8976
2150.000       0.7401
2161.000       0.7678
2185.000       0.6389
2209.000       0.6232
2230.000       0.8398
2244.000       0.8255
2261.000       0.6816
2283.000       0.6731
2289.000       0.7025
2303.000       0.5868
2327.000       0.5055
2337.000       0.5394
2359.000       0.4832
2383.000       0.4086
2399.000       0.4618
2418.000       0.5156
2432.000       0.4646
2446.000       0.5115
2466.000       0.6434
2490.000       0.7281
