       0.000           0.0000
       1.000         847.5308
       2.000        1664.3813
       3.000        2506.4255
       4.000        3312.9741
       5.000        4185.7964
       6.000        5044.4731
       7.000        5907.2305
       8.000        6696.3691
       9.000        7568.1514
      10.000        8429.8389
      11.000        9300.8320
      12.000       10173.5566
      13.000       11001.0176
      14.000       11882.4688
      15.000       12692.9814
      16.000       13594.8281
      17.000       14359.7695
      18.000       15095.8896
      19.000       16164.9316
      20.000       16927.3750
      21.000       17301.1562
      22.000       17856.8516
      23.000       18340.2012
      24.000       18679.7812
      25.000       18911.4961
      26.000       19417.2715
      27.000       19885.8047
      28.000       20343.7363
      29.000       20840.9102
      30.000       21159.9727
      31.000       21675.6211
      32.000       22099.8750
      33.000       22610.8672
      34.000       23085.7812
      35.000       23403.4629
      36.000       23781.7402
      37.000       24249.8516
      38.000       24795.5293
      39.000       25097.5996
      40.000       25676.7656
      41.000       25752.1758
      42.000       25421.5996
      43.000       25595.9863
      44.000       25615.9668
      45.000       25720.3984
      46.000       25531.4531
      47.000       25401.4746
      48.000       25690.9980
      49.000       25470.7266
      50.000       25832.3477
      51.000       25566.7734
      52.000       25642.2539
      53.000       25696.2559
      54.000       25615.3711
      55.000       25507.9844
      56.000       25610.7109
      57.000       25527.1816
      58.000       25717.3965
      59.000       25597.3125
      60.000       25378.0469
      61.000       25546.3535
      62.000       25881.7363
      63.000       25502.6738
      64.000       25411.1406
      65.000       25499.7031
      66.000       25540.7031
      67.000       25761.2715
      68.000       25570.6953
      69.000       25553.3555
      70.000       25630.6660
      71.000       25628.3789
      72.000       25587.9023
      73.000       25504.8223
      74.000       25424.2383
      75.000       25622.0703
      76.000       25465.6777
      77.000       25623.1309
      78.000       25679.1270
      79.000       25625.9004
      80.000       25442.1777
      81.000       25564.3770
      82.000       25606.3379
      83.000       25467.5508
      84.000       25583.7734
      85.000       25365.1641
      86.000       25561.3457
      87.000       25557.0586
      88.000       25553.9668
      89.000       25631.1562
      90.000       25825.9277
      91.000       25651.3379
      92.000       25423.0215
      93.000       25533.9922
      94.000       25583.5293
      95.000       25580.7480
      96.000       25513.9629
      97.000       25620.6973
      98.000       25583.6621
      99.000       25817.6016
     100.000       25615.0176
     101.000       25711.5879
     102.000       25433.0859
     103.000       25704.5449
     104.000       25491.2246
     105.000       25493.0234
     106.000       25453.0703
     107.000       25426.4570
     108.000       25671.4414
     109.000       25544.0547
     110.000       25480.4062
     111.000       25556.6953
     112.000       25635.9551
     113.000       25551.6523
     114.000       25318.1016
     115.000       25764.4648
     116.000       25510.5684
     117.000       25491.2773
     118.000       25601.0469
     119.000       25555.0605
     120.000       25391.2246
     121.000       25536.6992
     122.000       25533.8984
     123.000       25515.9453
     124.000       25562.0957
     125.000       25786.5742
     126.000       25734.9668
     127.000       25528.5605
     128.000       25438.5176
     129.000       25631.5586
     130.000       25690.7812
     131.000       25615.7910
     132.000       25695.6172
     133.000       25449.3281
     134.000       25656.8496
     135.000       25383.4043
     136.000       25560.4785
     137.000       25786.3652
     138.000       25810.1152
     139.000       25351.6035
     140.000       25566.0156
