       0.000     -172890.1039
       1.000     -152220.5928
       2.000     -152349.6297
       3.000     -152068.5897
       4.000     -151586.1715
       5.000     -151015.1122
       6.000     -150466.7767
       7.000     -149812.0687
       8.000     -149166.4700
       9.000     -148471.6634
      10.000     -147767.5783
      11.000     -147084.1735
      12.000     -146208.3737
      13.000     -145389.7562
      14.000     -144602.2458
      15.000     -143799.7722
      16.000     -142860.3551
      17.000     -141836.2184
      18.000     -140975.0962
      19.000     -140050.0139
      20.000     -138776.6430
      21.000     -138044.3155
      22.000     -137434.8967
      23.000     -136810.0307
      24.000     -136260.0612
      25.000     -135292.1845
      26.000     -134607.2281
      27.000     -133585.4803
      28.000     -133210.6084
      29.000     -132218.8886
      30.000     -131271.6492
      31.000     -130580.6804
      32.000     -129107.9954
      33.000     -128414.4670
      34.000     -127343.4695
      35.000     -126093.5568
      36.000     -125281.3660
      37.000     -124423.5825
      38.000     -123626.3564
      39.000     -122847.0169
      40.000     -121956.2939
      41.000     -121421.5318
      42.000     -121503.3853
      43.000     -121655.4425
      44.000     -121421.5869
      45.000     -121485.1490
      46.000     -121469.0195
      47.000     -121377.1719
      48.000     -121411.1153
      49.000     -121467.8333
      50.000     -121227.3299
      51.000     -121419.2156
      52.000     -121530.8532
      53.000     -121771.0090
      54.000     -121553.3685
      55.000     -121388.1087
      56.000     -121570.0020
      57.000     -121516.7342
      58.000     -121515.7526
      59.000     -121387.7963
      60.000     -121617.7641
      61.000     -121711.7269
      62.000     -121922.5191
      63.000     -121740.4941
      64.000     -121446.0569
      65.000     -121450.4584
      66.000     -121505.5028
      67.000     -121524.2311
      68.000     -121227.4807
      69.000     -121368.0822
      70.000     -121623.9868
      71.000     -121459.0454
      72.000     -121331.3215
      73.000     -121678.9615
      74.000     -121426.2251
      75.000     -121701.3925
      76.000     -121735.4057
      77.000     -121570.7665
      78.000     -121537.1092
      79.000     -121740.7941
      80.000     -121425.0494
      81.000     -121411.5423
      82.000     -121529.0166
      83.000     -121543.6865
      84.000     -121573.2400
      85.000     -121432.0092
      86.000     -121664.4193
      87.000     -121561.2242
      88.000     -121522.9535
      89.000     -121299.4136
      90.000     -121365.5463
      91.000     -121719.8507
      92.000     -121629.6645
      93.000     -121460.6023
      94.000     -121838.5616
      95.000     -121788.2354
      96.000     -121656.6511
      97.000     -121566.4009
      98.000     -121261.5083
      99.000     -121753.4634
     100.000     -121657.8551
     101.000     -121681.8839
     102.000     -121392.5963
     103.000     -121478.9590
     104.000     -121849.7849
     105.000     -121686.9938
     106.000     -121483.2960
     107.000     -121535.5825
     108.000     -121558.2862
     109.000     -121713.0839
     110.000     -121767.0030
     111.000     -121463.5938
     112.000     -121556.1432
     113.000     -121430.0391
     114.000     -121700.7137
     115.000     -122065.3207
     116.000     -121546.1485
     117.000     -121378.8089
     118.000     -121661.4570
     119.000     -121758.6284
     120.000     -121712.3909
     121.000     -121864.6742
     122.000     -121932.0504
     123.000     -121899.8257
     124.000     -121903.0457
     125.000     -121636.5483
     126.000     -121677.6747
     127.000     -121824.7354
     128.000     -121777.2767
     129.000     -121589.4163
     130.000     -121689.5448
     131.000     -121751.3288
     132.000     -121830.9192
     133.000     -121575.9769
     134.000     -121631.0609
     135.000     -121667.6562
     136.000     -121755.2226
     137.000     -121581.1246
     138.000     -121850.1218
     139.000     -121508.1725
     140.000     -121940.7717
