       0.000     -172890.1039
       1.000     -151373.0620
       2.000     -150685.2483
       3.000     -149562.1642
       4.000     -148273.1973
       5.000     -146829.3158
       6.000     -145422.3036
       7.000     -143904.8382
       8.000     -142470.1009
       9.000     -140903.5120
      10.000     -139337.7394
      11.000     -137783.3415
      12.000     -136034.8171
      13.000     -134388.7386
      14.000     -132719.7771
      15.000     -131106.7907
      16.000     -129265.5270
      17.000     -127476.4488
      18.000     -125879.2065
      19.000     -123885.0823
      20.000     -121849.2680
      21.000     -120743.1593
      22.000     -119578.0451
      23.000     -118469.8296
      24.000     -117580.2799
      25.000     -116380.6884
      26.000     -115189.9566
      27.000     -113699.6756
      28.000     -112866.8721
      29.000     -111377.9784
      30.000     -110111.6765
      31.000     -108905.0593
      32.000     -107008.1204
      33.000     -105803.5998
      34.000     -104257.6883
      35.000     -102690.0939
      36.000     -101499.6258
      37.000     -100173.7309
      38.000      -98830.8271
      39.000      -97749.4173
      40.000      -96279.5283
      41.000      -95669.3560
      42.000      -96081.7857
      43.000      -96059.4562
      44.000      -95805.6201
      45.000      -95764.7506
      46.000      -95937.5664
      47.000      -95975.6973
      48.000      -95720.1173
      49.000      -95997.1067
      50.000      -95394.9823
      51.000      -95852.4422
      52.000      -95888.5993
      53.000      -96074.7531
      54.000      -95937.9974
      55.000      -95880.1244
      56.000      -95959.2911
      57.000      -95989.5526
      58.000      -95798.3561
      59.000      -95790.4838
      60.000      -96239.7172
      61.000      -96165.3733
      62.000      -96040.7828
      63.000      -96237.8203
      64.000      -96034.9163
      65.000      -95950.7553
      66.000      -95964.7997
      67.000      -95762.9596
      68.000      -95656.7854
      69.000      -95814.7267
      70.000      -95993.3208
      71.000      -95830.6665
      72.000      -95743.4191
      73.000      -96174.1393
      74.000      -96001.9868
      75.000      -96079.3221
      76.000      -96269.7280
      77.000      -95947.6356
      78.000      -95857.9822
      79.000      -96114.8937
      80.000      -95982.8717
      81.000      -95847.1654
      82.000      -95922.6787
      83.000      -96076.1357
      84.000      -95989.4666
      85.000      -96066.8452
      86.000      -96103.0736
      87.000      -96004.1656
      88.000      -95968.9867
      89.000      -95668.2574
      90.000      -95539.6186
      91.000      -96068.5128
      92.000      -96206.6430
      93.000      -95926.6101
      94.000      -96255.0323
      95.000      -96207.4873
      96.000      -96142.6882
      97.000      -95945.7036
      98.000      -95677.8462
      99.000      -95935.8618
     100.000      -96042.8376
     101.000      -95970.2960
     102.000      -95959.5104
     103.000      -95774.4141
     104.000      -96358.5603
     105.000      -96193.9703
     106.000      -96030.2257
     107.000      -96109.1255
     108.000      -95886.8448
     109.000      -96169.0292
     110.000      -96286.5967
     111.000      -95906.8985
     112.000      -95920.1881
     113.000      -95878.3868
     114.000      -96382.6122
     115.000      -96300.8558
     116.000      -96035.5801
     117.000      -95887.5316
     118.000      -96060.4102
     119.000      -96203.5679
     120.000      -96321.1663
     121.000      -96327.9750
     122.000      -96398.1520
     123.000      -96383.8803
     124.000      -96340.9500
     125.000      -95849.9740
     126.000      -95942.7079
     127.000      -96296.1749
     128.000      -96338.7591
     129.000      -95957.8577
     130.000      -95998.7635
     131.000      -96135.5377
     132.000      -96135.3020
     133.000      -96126.6487
     134.000      -95974.2113
     135.000      -96284.2519
     136.000      -96194.7441
     137.000      -95794.7593
     138.000      -96040.0065
     139.000      -96156.5689
     140.000      -96374.7561
