       0.000       0.00
       1.000       9.94
       2.000      19.52
       3.000      29.40
       4.000      38.86
       5.000      49.10
       6.000      59.17
       7.000      69.29
       8.000      78.55
       9.000      88.77
      10.000      98.88
      11.000     109.10
      12.000     119.33
      13.000     129.04
      14.000     139.38
      15.000     148.89
      16.000     159.46
      17.000     168.44
      18.000     177.07
      19.000     189.61
      20.000     198.55
      21.000     202.94
      22.000     209.46
      23.000     215.13
      24.000     219.11
      25.000     221.83
      26.000     227.76
      27.000     233.25
      28.000     238.63
      29.000     244.46
      30.000     248.20
      31.000     254.25
      32.000     259.23
      33.000     265.22
      34.000     270.79
      35.000     274.52
      36.000     278.95
      37.000     284.44
      38.000     290.84
      39.000     294.39
      40.000     301.18
      41.000     302.07
      42.000     298.19
      43.000     300.23
      44.000     300.47
      45.000     301.69
      46.000     299.48
      47.000     297.95
      48.000     301.35
      49.000     298.76
      50.000     303.01
      51.000     299.89
      52.000     300.78
      53.000     301.41
      54.000     300.46
      55.000     299.20
      56.000     300.41
      57.000     299.43
      58.000     301.66
      59.000     300.25
      60.000     297.68
      61.000     299.65
      62.000     303.59
      63.000     299.14
      64.000     298.07
      65.000     299.10
      66.000     299.59
      67.000     302.17
      68.000     299.94
      69.000     299.73
      70.000     300.64
      71.000     300.61
      72.000     300.14
      73.000     299.16
      74.000     298.22
      75.000     300.54
      76.000     298.71
      77.000     300.55
      78.000     301.21
      79.000     300.58
      80.000     298.43
      81.000     299.86
      82.000     300.36
      83.000     298.73
      84.000     300.09
      85.000     297.53
      86.000     299.83
      87.000     299.78
      88.000     299.74
      89.000     300.65
      90.000     302.93
      91.000     300.88
      92.000     298.21
      93.000     299.51
      94.000     300.09
      95.000     300.06
      96.000     299.27
      97.000     300.52
      98.000     300.09
      99.000     302.83
     100.000     300.46
     101.000     301.59
     102.000     298.32
     103.000     301.51
     104.000     299.01
     105.000     299.03
     106.000     298.56
     107.000     298.25
     108.000     301.12
     109.000     299.62
     110.000     298.88
     111.000     299.77
     112.000     300.70
     113.000     299.71
     114.000     296.97
     115.000     302.21
     116.000     299.23
     117.000     299.01
     118.000     300.29
     119.000     299.75
     120.000     297.83
     121.000     299.54
     122.000     299.51
     123.000     299.29
     124.000     299.84
     125.000     302.47
     126.000     301.86
     127.000     299.44
     128.000     298.39
     129.000     300.65
     130.000     301.35
     131.000     300.47
     132.000     301.40
     133.000     298.51
     134.000     300.95
     135.000     297.74
     136.000     299.82
     137.000     302.47
     138.000     302.75
     139.000     297.37
     140.000     299.88
