     141.000           0.9340
     142.000           0.9586
     143.000           0.9755
     144.000           0.9895
     145.000           0.9983
     146.000           1.0054
     147.000           1.0089
     148.000           1.0121
     149.000           1.0178
     150.000           1.0175
     151.000           1.0178
     152.000           1.0195
     153.000           1.0205
     154.000           1.0191
     155.000           1.0207
     156.000           1.0205
     157.000           1.0221
     158.000           1.0201
     159.000           1.0199
     160.000           1.0200
     161.000           1.0203
     162.000           1.0218
     163.000           1.0213
     164.000           1.0213
     165.000           1.0227
     166.000           1.0218
     167.000           1.0238
     168.000           1.0209
     169.000           1.0186
     170.000           1.0189
     171.000           1.0203
     172.000           1.0205
     173.000           1.0202
     174.000           1.0234
     175.000           1.0239
     176.000           1.0216
     177.000           1.0220
     178.000           1.0198
     179.000           1.0198
     180.000           1.0188
     181.000           1.0201
     182.000           1.0195
     183.000           1.0222
     184.000           1.0211
     185.000           1.0215
     186.000           1.0213
     187.000           1.0219
     188.000           1.0229
     189.000           1.0218
     190.000           1.0226
     191.000           1.0227
     192.000           1.0211
     193.000           1.0194
     194.000           1.0204
     195.000           1.0201
     196.000           1.0178
     197.000           1.0208
     198.000           1.0210
     199.000           1.0221
     200.000           1.0218
     201.000           1.0214
     202.000           1.0224
     203.000           1.0201
     204.000           1.0180
     205.000           1.0194
     206.000           1.0214
     207.000           1.0199
     208.000           1.0219
     209.000           1.0225
     210.000           1.0226
     211.000           1.0221
     212.000           1.0240
     213.000           1.0227
     214.000           1.0229
     215.000           1.0214
     216.000           1.0235
     217.000           1.0230
     218.000           1.0192
     219.000           1.0182
     220.000           1.0199
     221.000           1.0214
     222.000           1.0227
     223.000           1.0208
     224.000           1.0202
     225.000           1.0181
     226.000           1.0195
     227.000           1.0208
     228.000           1.0203
     229.000           1.0193
     230.000           1.0202
     231.000           1.0227
     232.000           1.0230
     233.000           1.0221
     234.000           1.0221
     235.000           1.0200
     236.000           1.0208
     237.000           1.0207
     238.000           1.0207
     239.000           1.0183
     240.000           1.0184
     241.000           1.0192
     242.000           1.0198
     243.000           1.0201
     244.000           1.0223
     245.000           1.0210
     246.000           1.0209
     247.000           1.0215
     248.000           1.0205
     249.000           1.0195
     250.000           1.0195
     251.000           1.0188
     252.000           1.0197
     253.000           1.0217
     254.000           1.0201
     255.000           1.0177
     256.000           1.0186
     257.000           1.0203
     258.000           1.0184
     259.000           1.0200
     260.000           1.0214
     261.000           1.0212
     262.000           1.0210
     263.000           1.0215
     264.000           1.0231
     265.000           1.0219
     266.000           1.0242
     267.000           1.0241
     268.000           1.0230
     269.000           1.0223
     270.000           1.0216
     271.000           1.0194
     272.000           1.0201
     273.000           1.0200
     274.000           1.0189
     275.000           1.0209
     276.000           1.0188
     277.000           1.0182
     278.000           1.0190
     279.000           1.0204
     280.000           1.0198
     281.000           1.0198
     282.000           1.0198
     283.000           1.0201
     284.000           1.0187
     285.000           1.0203
     286.000           1.0188
     287.000           1.0194
     288.000           1.0196
     289.000           1.0217
     290.000           1.0215
     291.000           1.0226
     292.000           1.0218
     293.000           1.0220
     294.000           1.0219
     295.000           1.0209
     296.000           1.0215
     297.000           1.0207
     298.000           1.0194
     299.000           1.0207
     300.000           1.0220
     301.000           1.0216
     302.000           1.0216
     303.000           1.0213
     304.000           1.0213
     305.000           1.0229
     306.000           1.0219
     307.000           1.0218
     308.000           1.0222
     309.000           1.0214
     310.000           1.0229
     311.000           1.0239
     312.000           1.0231
     313.000           1.0215
     314.000           1.0206
     315.000           1.0207
     316.000           1.0191
     317.000           1.0207
     318.000           1.0212
     319.000           1.0207
     320.000           1.0204
     321.000           1.0204
     322.000           1.0208
     323.000           1.0220
     324.000           1.0236
     325.000           1.0231
     326.000           1.0214
     327.000           1.0214
     328.000           1.0206
     329.000           1.0201
     330.000           1.0214
     331.000           1.0218
     332.000           1.0213
     333.000           1.0216
     334.000           1.0217
     335.000           1.0213
     336.000           1.0210
     337.000           1.0208
     338.000           1.0210
     339.000           1.0180
     340.000           1.0178
     341.000           1.0177
     342.000           1.0197
     343.000           1.0200
     344.000           1.0212
     345.000           1.0216
     346.000           1.0215
     347.000           1.0211
     348.000           1.0193
     349.000           1.0192
     350.000           1.0209
     351.000           1.0198
     352.000           1.0207
     353.000           1.0205
     354.000           1.0192
     355.000           1.0191
     356.000           1.0203
     357.000           1.0192
     358.000           1.0182
     359.000           1.0196
     360.000           1.0198
     361.000           1.0196
     362.000           1.0187
     363.000           1.0208
     364.000           1.0208
     365.000           1.0199
     366.000           1.0181
     367.000           1.0194
     368.000           1.0184
     369.000           1.0194
     370.000           1.0202
     371.000           1.0214
     372.000           1.0220
     373.000           1.0213
     374.000           1.0234
     375.000           1.0209
     376.000           1.0219
     377.000           1.0215
     378.000           1.0200
     379.000           1.0210
     380.000           1.0209
     381.000           1.0235
     382.000           1.0217
     383.000           1.0198
     384.000           1.0197
     385.000           1.0203
     386.000           1.0197
     387.000           1.0176
     388.000           1.0194
     389.000           1.0188
     390.000           1.0176
     391.000           1.0182
     392.000           1.0186
     393.000           1.0199
     394.000           1.0208
     395.000           1.0221
     396.000           1.0210
     397.000           1.0219
     398.000           1.0208
     399.000           1.0208
     400.000           1.0215
     401.000           1.0224
     402.000           1.0223
     403.000           1.0199
     404.000           1.0218
     405.000           1.0209
     406.000           1.0207
     407.000           1.0202
     408.000           1.0203
     409.000           1.0198
     410.000           1.0186
     411.000           1.0202
     412.000           1.0204
     413.000           1.0201
     414.000           1.0213
     415.000           1.0226
     416.000           1.0250
     417.000           1.0237
     418.000           1.0208
     419.000           1.0200
     420.000           1.0206
     421.000           1.0191
     422.000           1.0206
     423.000           1.0200
     424.000           1.0199
     425.000           1.0209
     426.000           1.0205
     427.000           1.0210
     428.000           1.0210
     429.000           1.0200
     430.000           1.0202
     431.000           1.0193
     432.000           1.0198
     433.000           1.0219
     434.000           1.0206
     435.000           1.0209
     436.000           1.0221
     437.000           1.0205
     438.000           1.0244
     439.000           1.0220
     440.000           1.0243
     441.000           1.0234
     442.000           1.0242
     443.000           1.0245
     444.000           1.0245
     445.000           1.0254
     446.000           1.0232
     447.000           1.0197
     448.000           1.0205
     449.000           1.0230
     450.000           1.0241
     451.000           1.0220
     452.000           1.0226
     453.000           1.0219
     454.000           1.0219
     455.000           1.0220
     456.000           1.0223
     457.000           1.0230
     458.000           1.0222
     459.000           1.0217
     460.000           1.0228
     461.000           1.0209
     462.000           1.0214
     463.000           1.0233
     464.000           1.0234
     465.000           1.0227
     466.000           1.0214
     467.000           1.0202
     468.000           1.0218
     469.000           1.0230
     470.000           1.0235
     471.000           1.0219
     472.000           1.0208
     473.000           1.0206
     474.000           1.0213
     475.000           1.0212
     476.000           1.0217
     477.000           1.0222
     478.000           1.0233
     479.000           1.0239
     480.000           1.0214
     481.000           1.0228
     482.000           1.0238
     483.000           1.0232
     484.000           1.0233
     485.000           1.0238
     486.000           1.0224
     487.000           1.0205
     488.000           1.0199
     489.000           1.0200
     490.000           1.0200
     491.000           1.0188
     492.000           1.0204
     493.000           1.0214
     494.000           1.0201
     495.000           1.0205
     496.000           1.0209
     497.000           1.0213
     498.000           1.0223
     499.000           1.0223
     500.000           1.0219
     501.000           1.0197
     502.000           1.0170
     503.000           1.0189
     504.000           1.0173
     505.000           1.0179
     506.000           1.0180
     507.000           1.0177
     508.000           1.0182
     509.000           1.0173
     510.000           1.0195
     511.000           1.0199
     512.000           1.0205
     513.000           1.0230
     514.000           1.0218
     515.000           1.0203
     516.000           1.0194
     517.000           1.0200
     518.000           1.0207
     519.000           1.0224
     520.000           1.0213
     521.000           1.0212
     522.000           1.0214
     523.000           1.0202
     524.000           1.0205
     525.000           1.0211
     526.000           1.0215
     527.000           1.0217
     528.000           1.0220
     529.000           1.0183
     530.000           1.0193
     531.000           1.0182
     532.000           1.0185
     533.000           1.0192
     534.000           1.0192
     535.000           1.0179
     536.000           1.0200
     537.000           1.0217
     538.000           1.0221
     539.000           1.0224
     540.000           1.0245
     541.000           1.0213
     542.000           1.0215
     543.000           1.0219
     544.000           1.0225
     545.000           1.0239
     546.000           1.0235
     547.000           1.0212
     548.000           1.0218
     549.000           1.0221
     550.000           1.0222
     551.000           1.0220
     552.000           1.0225
     553.000           1.0222
     554.000           1.0236
     555.000           1.0245
     556.000           1.0221
     557.000           1.0213
     558.000           1.0209
     559.000           1.0220
     560.000           1.0233
     561.000           1.0244
     562.000           1.0236
     563.000           1.0234
     564.000           1.0230
     565.000           1.0248
     566.000           1.0234
     567.000           1.0213
     568.000           1.0224
     569.000           1.0229
     570.000           1.0234
     571.000           1.0220
     572.000           1.0225
     573.000           1.0213
     574.000           1.0213
     575.000           1.0200
     576.000           1.0203
     577.000           1.0189
     578.000           1.0181
     579.000           1.0202
     580.000           1.0199
     581.000           1.0211
     582.000           1.0230
     583.000           1.0245
     584.000           1.0236
     585.000           1.0267
     586.000           1.0278
     587.000           1.0240
     588.000           1.0231
     589.000           1.0236
     590.000           1.0225
     591.000           1.0218
     592.000           1.0228
     593.000           1.0244
     594.000           1.0247
     595.000           1.0251
     596.000           1.0232
     597.000           1.0242
     598.000           1.0231
     599.000           1.0240
     600.000           1.0222
     601.000           1.0225
     602.000           1.0223
     603.000           1.0203
     604.000           1.0215
     605.000           1.0200
     606.000           1.0200
     607.000           1.0217
     608.000           1.0222
     609.000           1.0211
     610.000           1.0209
     611.000           1.0193
     612.000           1.0190
     613.000           1.0179
     614.000           1.0207
     615.000           1.0226
     616.000           1.0215
     617.000           1.0222
     618.000           1.0216
     619.000           1.0219
     620.000           1.0246
     621.000           1.0233
     622.000           1.0236
     623.000           1.0231
     624.000           1.0220
     625.000           1.0196
     626.000           1.0192
     627.000           1.0209
     628.000           1.0210
     629.000           1.0207
     630.000           1.0208
     631.000           1.0214
     632.000           1.0221
     633.000           1.0227
     634.000           1.0226
     635.000           1.0231
     636.000           1.0208
     637.000           1.0221
     638.000           1.0220
     639.000           1.0215
     640.000           1.0189
     641.000           1.0186
     642.000           1.0209
     643.000           1.0229
     644.000           1.0226
     645.000           1.0246
     646.000           1.0221
     647.000           1.0217
     648.000           1.0240
     649.000           1.0231
     650.000           1.0225
     651.000           1.0213
     652.000           1.0228
     653.000           1.0232
     654.000           1.0214
     655.000           1.0223
     656.000           1.0222
     657.000           1.0220
     658.000           1.0237
     659.000           1.0236
     660.000           1.0251
     661.000           1.0249
     662.000           1.0264
     663.000           1.0271
     664.000           1.0236
     665.000           1.0234
     666.000           1.0234
     667.000           1.0219
     668.000           1.0229
     669.000           1.0222
     670.000           1.0214
     671.000           1.0230
     672.000           1.0222
     673.000           1.0215
     674.000           1.0230
     675.000           1.0213
     676.000           1.0218
     677.000           1.0223
     678.000           1.0216
     679.000           1.0210
     680.000           1.0223
     681.000           1.0227
     682.000           1.0212
     683.000           1.0211
     684.000           1.0199
     685.000           1.0214
     686.000           1.0199
     687.000           1.0193
     688.000           1.0181
     689.000           1.0179
     690.000           1.0178
     691.000           1.0177
     692.000           1.0204
     693.000           1.0202
     694.000           1.0206
     695.000           1.0218
     696.000           1.0217
     697.000           1.0220
     698.000           1.0212
     699.000           1.0215
     700.000           1.0209
     701.000           1.0205
     702.000           1.0206
     703.000           1.0217
     704.000           1.0214
     705.000           1.0215
     706.000           1.0224
     707.000           1.0228
     708.000           1.0217
     709.000           1.0220
     710.000           1.0213
     711.000           1.0226
     712.000           1.0208
     713.000           1.0205
     714.000           1.0214
     715.000           1.0203
     716.000           1.0213
     717.000           1.0229
     718.000           1.0215
     719.000           1.0208
     720.000           1.0223
     721.000           1.0209
     722.000           1.0204
     723.000           1.0216
     724.000           1.0226
     725.000           1.0222
     726.000           1.0216
     727.000           1.0228
     728.000           1.0221
     729.000           1.0225
     730.000           1.0234
     731.000           1.0217
     732.000           1.0205
     733.000           1.0213
     734.000           1.0203
     735.000           1.0195
     736.000           1.0221
     737.000           1.0228
     738.000           1.0234
     739.000           1.0235
     740.000           1.0226
     741.000           1.0236
     742.000           1.0257
     743.000           1.0236
     744.000           1.0244
     745.000           1.0230
     746.000           1.0240
     747.000           1.0238
     748.000           1.0241
     749.000           1.0214
     750.000           1.0201
     751.000           1.0203
     752.000           1.0245
     753.000           1.0239
     754.000           1.0228
     755.000           1.0223
     756.000           1.0205
     757.000           1.0199
     758.000           1.0208
     759.000           1.0210
     760.000           1.0205
     761.000           1.0216
     762.000           1.0215
     763.000           1.0213
     764.000           1.0221
     765.000           1.0232
     766.000           1.0217
     767.000           1.0214
     768.000           1.0202
     769.000           1.0192
     770.000           1.0180
     771.000           1.0197
     772.000           1.0208
     773.000           1.0197
     774.000           1.0201
     775.000           1.0197
     776.000           1.0222
     777.000           1.0224
     778.000           1.0228
     779.000           1.0253
     780.000           1.0263
     781.000           1.0246
     782.000           1.0245
     783.000           1.0246
     784.000           1.0228
     785.000           1.0233
     786.000           1.0231
     787.000           1.0218
     788.000           1.0225
     789.000           1.0227
     790.000           1.0217
     791.000           1.0227
     792.000           1.0219
     793.000           1.0223
     794.000           1.0212
     795.000           1.0238
     796.000           1.0222
     797.000           1.0192
     798.000           1.0192
     799.000           1.0206
     800.000           1.0203
     801.000           1.0204
     802.000           1.0204
     803.000           1.0221
     804.000           1.0231
     805.000           1.0207
     806.000           1.0219
     807.000           1.0217
     808.000           1.0205
     809.000           1.0202
     810.000           1.0205
     811.000           1.0196
     812.000           1.0186
     813.000           1.0201
     814.000           1.0203
     815.000           1.0182
     816.000           1.0199
     817.000           1.0215
     818.000           1.0226
     819.000           1.0234
     820.000           1.0239
     821.000           1.0239
     822.000           1.0228
     823.000           1.0231
     824.000           1.0224
     825.000           1.0219
     826.000           1.0220
     827.000           1.0220
     828.000           1.0216
     829.000           1.0231
     830.000           1.0244
     831.000           1.0248
     832.000           1.0228
     833.000           1.0205
     834.000           1.0194
     835.000           1.0217
     836.000           1.0207
     837.000           1.0214
     838.000           1.0220
     839.000           1.0210
     840.000           1.0216
     841.000           1.0237
     842.000           1.0236
     843.000           1.0233
     844.000           1.0221
     845.000           1.0220
     846.000           1.0226
     847.000           1.0219
     848.000           1.0211
     849.000           1.0228
     850.000           1.0241
     851.000           1.0226
     852.000           1.0217
     853.000           1.0212
     854.000           1.0233
     855.000           1.0218
     856.000           1.0226
     857.000           1.0235
     858.000           1.0242
     859.000           1.0242
     860.000           1.0229
     861.000           1.0227
     862.000           1.0214
     863.000           1.0219
     864.000           1.0208
     865.000           1.0216
     866.000           1.0216
     867.000           1.0222
     868.000           1.0210
     869.000           1.0223
     870.000           1.0230
     871.000           1.0227
     872.000           1.0209
     873.000           1.0212
     874.000           1.0230
     875.000           1.0235
     876.000           1.0213
     877.000           1.0198
     878.000           1.0195
     879.000           1.0195
     880.000           1.0194
     881.000           1.0214
     882.000           1.0205
     883.000           1.0195
     884.000           1.0191
     885.000           1.0194
     886.000           1.0201
     887.000           1.0194
     888.000           1.0190
     889.000           1.0192
     890.000           1.0192
     891.000           1.0201
     892.000           1.0192
     893.000           1.0196
     894.000           1.0192
     895.000           1.0214
     896.000           1.0205
     897.000           1.0203
     898.000           1.0201
     899.000           1.0197
     900.000           1.0180
     901.000           1.0203
     902.000           1.0212
     903.000           1.0240
     904.000           1.0228
     905.000           1.0220
     906.000           1.0215
     907.000           1.0206
     908.000           1.0198
     909.000           1.0204
     910.000           1.0207
     911.000           1.0203
     912.000           1.0202
     913.000           1.0214
     914.000           1.0218
     915.000           1.0211
     916.000           1.0216
     917.000           1.0227
     918.000           1.0256
     919.000           1.0239
     920.000           1.0223
     921.000           1.0231
     922.000           1.0240
     923.000           1.0224
     924.000           1.0208
     925.000           1.0219
     926.000           1.0215
     927.000           1.0207
     928.000           1.0207
     929.000           1.0220
     930.000           1.0234
     931.000           1.0244
     932.000           1.0238
     933.000           1.0214
     934.000           1.0232
     935.000           1.0210
     936.000           1.0193
     937.000           1.0189
     938.000           1.0207
     939.000           1.0201
     940.000           1.0214
     941.000           1.0205
     942.000           1.0209
     943.000           1.0235
     944.000           1.0229
     945.000           1.0232
     946.000           1.0245
     947.000           1.0243
     948.000           1.0251
     949.000           1.0255
     950.000           1.0236
     951.000           1.0217
     952.000           1.0221
     953.000           1.0218
     954.000           1.0249
     955.000           1.0237
     956.000           1.0250
     957.000           1.0226
     958.000           1.0201
     959.000           1.0203
     960.000           1.0213
     961.000           1.0241
     962.000           1.0235
     963.000           1.0238
     964.000           1.0224
     965.000           1.0207
     966.000           1.0204
     967.000           1.0203
     968.000           1.0199
     969.000           1.0203
     970.000           1.0214
     971.000           1.0224
     972.000           1.0231
     973.000           1.0236
     974.000           1.0230
     975.000           1.0219
     976.000           1.0191
     977.000           1.0213
     978.000           1.0224
     979.000           1.0232
     980.000           1.0236
     981.000           1.0244
     982.000           1.0216
     983.000           1.0211
     984.000           1.0211
     985.000           1.0219
     986.000           1.0197
     987.000           1.0236
     988.000           1.0225
     989.000           1.0209
     990.000           1.0199
     991.000           1.0214
     992.000           1.0216
     993.000           1.0222
     994.000           1.0214
     995.000           1.0199
     996.000           1.0225
     997.000           1.0230
     998.000           1.0225
     999.000           1.0229
    1000.000           1.0216
    1001.000           1.0215
    1002.000           1.0219
    1003.000           1.0203
    1004.000           1.0224
    1005.000           1.0219
    1006.000           1.0215
    1007.000           1.0211
    1008.000           1.0202
    1009.000           1.0222
    1010.000           1.0212
    1011.000           1.0202
    1012.000           1.0217
    1013.000           1.0221
    1014.000           1.0215
    1015.000           1.0226
    1016.000           1.0210
    1017.000           1.0222
    1018.000           1.0217
    1019.000           1.0204
    1020.000           1.0208
    1021.000           1.0185
    1022.000           1.0186
    1023.000           1.0199
    1024.000           1.0214
    1025.000           1.0211
    1026.000           1.0224
    1027.000           1.0220
    1028.000           1.0230
    1029.000           1.0247
    1030.000           1.0224
    1031.000           1.0220
    1032.000           1.0221
    1033.000           1.0231
    1034.000           1.0220
    1035.000           1.0218
    1036.000           1.0232
    1037.000           1.0214
    1038.000           1.0218
    1039.000           1.0214
    1040.000           1.0220
    1041.000           1.0211
    1042.000           1.0211
    1043.000           1.0204
    1044.000           1.0202
    1045.000           1.0215
    1046.000           1.0214
    1047.000           1.0214
    1048.000           1.0229
    1049.000           1.0228
    1050.000           1.0222
    1051.000           1.0213
    1052.000           1.0210
    1053.000           1.0218
    1054.000           1.0221
    1055.000           1.0207
    1056.000           1.0229
    1057.000           1.0200
    1058.000           1.0217
    1059.000           1.0221
    1060.000           1.0198
    1061.000           1.0210
    1062.000           1.0215
    1063.000           1.0202
    1064.000           1.0212
    1065.000           1.0224
    1066.000           1.0231
    1067.000           1.0216
    1068.000           1.0207
    1069.000           1.0224
    1070.000           1.0207
    1071.000           1.0218
    1072.000           1.0209
    1073.000           1.0207
    1074.000           1.0225
    1075.000           1.0211
    1076.000           1.0203
    1077.000           1.0211
    1078.000           1.0208
    1079.000           1.0227
    1080.000           1.0225
    1081.000           1.0233
    1082.000           1.0252
    1083.000           1.0239
    1084.000           1.0230
    1085.000           1.0220
    1086.000           1.0221
    1087.000           1.0217
    1088.000           1.0227
    1089.000           1.0220
    1090.000           1.0230
    1091.000           1.0225
    1092.000           1.0213
    1093.000           1.0197
    1094.000           1.0204
    1095.000           1.0229
    1096.000           1.0233
    1097.000           1.0244
    1098.000           1.0242
    1099.000           1.0248
    1100.000           1.0222
    1101.000           1.0232
    1102.000           1.0229
    1103.000           1.0214
    1104.000           1.0229
    1105.000           1.0218
    1106.000           1.0208
    1107.000           1.0183
    1108.000           1.0181
    1109.000           1.0189
    1110.000           1.0214
    1111.000           1.0214
    1112.000           1.0214
    1113.000           1.0223
    1114.000           1.0208
    1115.000           1.0202
    1116.000           1.0206
    1117.000           1.0223
    1118.000           1.0220
    1119.000           1.0213
    1120.000           1.0214
    1121.000           1.0212
    1122.000           1.0229
    1123.000           1.0217
    1124.000           1.0220
    1125.000           1.0210
    1126.000           1.0243
    1127.000           1.0236
    1128.000           1.0215
    1129.000           1.0201
    1130.000           1.0202
    1131.000           1.0228
    1132.000           1.0256
    1133.000           1.0230
    1134.000           1.0229
    1135.000           1.0217
    1136.000           1.0209
    1137.000           1.0184
    1138.000           1.0215
    1139.000           1.0224
    1140.000           1.0215
    1141.000           1.0222
    1142.000           1.0234
    1143.000           1.0209
    1144.000           1.0204
    1145.000           1.0216
    1146.000           1.0226
    1147.000           1.0240
    1148.000           1.0244
    1149.000           1.0243
    1150.000           1.0229
    1151.000           1.0204
    1152.000           1.0218
    1153.000           1.0211
    1154.000           1.0210
    1155.000           1.0226
    1156.000           1.0224
    1157.000           1.0213
    1158.000           1.0214
    1159.000           1.0231
    1160.000           1.0218
    1161.000           1.0237
    1162.000           1.0223
    1163.000           1.0227
    1164.000           1.0228
    1165.000           1.0220
    1166.000           1.0225
    1167.000           1.0242
    1168.000           1.0234
    1169.000           1.0235
    1170.000           1.0233
    1171.000           1.0237
    1172.000           1.0211
    1173.000           1.0251
    1174.000           1.0231
    1175.000           1.0219
    1176.000           1.0206
    1177.000           1.0198
    1178.000           1.0205
    1179.000           1.0211
    1180.000           1.0193
    1181.000           1.0206
    1182.000           1.0196
    1183.000           1.0196
    1184.000           1.0194
    1185.000           1.0217
    1186.000           1.0216
    1187.000           1.0208
    1188.000           1.0204
    1189.000           1.0226
    1190.000           1.0217
    1191.000           1.0225
    1192.000           1.0219
    1193.000           1.0233
    1194.000           1.0231
    1195.000           1.0219
    1196.000           1.0232
    1197.000           1.0227
    1198.000           1.0219
    1199.000           1.0243
    1200.000           1.0251
    1201.000           1.0227
    1202.000           1.0226
    1203.000           1.0231
    1204.000           1.0222
    1205.000           1.0237
    1206.000           1.0239
    1207.000           1.0243
    1208.000           1.0236
    1209.000           1.0223
    1210.000           1.0216
    1211.000           1.0218
    1212.000           1.0246
    1213.000           1.0239
    1214.000           1.0220
    1215.000           1.0221
    1216.000           1.0218
    1217.000           1.0223
    1218.000           1.0227
    1219.000           1.0221
    1220.000           1.0238
    1221.000           1.0234
    1222.000           1.0244
    1223.000           1.0262
    1224.000           1.0243
    1225.000           1.0225
    1226.000           1.0220
    1227.000           1.0214
    1228.000           1.0229
    1229.000           1.0231
    1230.000           1.0234
    1231.000           1.0245
    1232.000           1.0261
    1233.000           1.0235
    1234.000           1.0208
    1235.000           1.0203
    1236.000           1.0208
    1237.000           1.0208
    1238.000           1.0213
    1239.000           1.0191
    1240.000           1.0185
    1241.000           1.0196
    1242.000           1.0211
    1243.000           1.0213
    1244.000           1.0213
    1245.000           1.0220
    1246.000           1.0230
    1247.000           1.0222
    1248.000           1.0221
    1249.000           1.0217
    1250.000           1.0225
    1251.000           1.0232
    1252.000           1.0234
    1253.000           1.0230
    1254.000           1.0215
    1255.000           1.0209
    1256.000           1.0201
    1257.000           1.0233
    1258.000           1.0233
    1259.000           1.0217
    1260.000           1.0216
    1261.000           1.0231
    1262.000           1.0217
    1263.000           1.0229
    1264.000           1.0232
    1265.000           1.0243
    1266.000           1.0242
    1267.000           1.0230
    1268.000           1.0237
    1269.000           1.0211
    1270.000           1.0205
    1271.000           1.0199
    1272.000           1.0202
    1273.000           1.0216
    1274.000           1.0229
    1275.000           1.0211
    1276.000           1.0222
    1277.000           1.0224
    1278.000           1.0219
    1279.000           1.0216
    1280.000           1.0241
    1281.000           1.0244
    1282.000           1.0227
    1283.000           1.0256
    1284.000           1.0257
    1285.000           1.0214
    1286.000           1.0217
    1287.000           1.0209
    1288.000           1.0190
    1289.000           1.0203
    1290.000           1.0207
    1291.000           1.0222
    1292.000           1.0220
    1293.000           1.0218
    1294.000           1.0228
    1295.000           1.0214
    1296.000           1.0211
    1297.000           1.0219
    1298.000           1.0216
    1299.000           1.0204
    1300.000           1.0205
    1301.000           1.0210
    1302.000           1.0215
    1303.000           1.0226
    1304.000           1.0238
    1305.000           1.0229
    1306.000           1.0230
    1307.000           1.0215
    1308.000           1.0223
    1309.000           1.0220
    1310.000           1.0203
    1311.000           1.0210
    1312.000           1.0219
    1313.000           1.0235
    1314.000           1.0224
    1315.000           1.0222
    1316.000           1.0223
    1317.000           1.0206
    1318.000           1.0209
    1319.000           1.0226
    1320.000           1.0220
    1321.000           1.0208
    1322.000           1.0195
    1323.000           1.0198
    1324.000           1.0211
    1325.000           1.0228
    1326.000           1.0233
    1327.000           1.0230
    1328.000           1.0213
    1329.000           1.0221
    1330.000           1.0230
    1331.000           1.0205
    1332.000           1.0206
    1333.000           1.0183
    1334.000           1.0212
    1335.000           1.0195
    1336.000           1.0209
    1337.000           1.0208
    1338.000           1.0201
    1339.000           1.0208
    1340.000           1.0218
    1341.000           1.0221
    1342.000           1.0228
    1343.000           1.0226
    1344.000           1.0221
    1345.000           1.0222
    1346.000           1.0227
    1347.000           1.0230
    1348.000           1.0221
    1349.000           1.0214
    1350.000           1.0198
    1351.000           1.0186
    1352.000           1.0195
    1353.000           1.0195
    1354.000           1.0217
    1355.000           1.0200
    1356.000           1.0215
    1357.000           1.0209
    1358.000           1.0184
    1359.000           1.0197
    1360.000           1.0203
    1361.000           1.0203
    1362.000           1.0215
    1363.000           1.0211
    1364.000           1.0218
    1365.000           1.0223
    1366.000           1.0237
    1367.000           1.0242
    1368.000           1.0238
    1369.000           1.0203
    1370.000           1.0229
    1371.000           1.0230
    1372.000           1.0253
    1373.000           1.0234
    1374.000           1.0249
    1375.000           1.0240
    1376.000           1.0222
    1377.000           1.0226
    1378.000           1.0228
    1379.000           1.0249
    1380.000           1.0224
    1381.000           1.0199
    1382.000           1.0193
    1383.000           1.0181
    1384.000           1.0190
    1385.000           1.0214
    1386.000           1.0206
    1387.000           1.0189
    1388.000           1.0201
    1389.000           1.0201
    1390.000           1.0214
    1391.000           1.0190
    1392.000           1.0190
    1393.000           1.0199
    1394.000           1.0205
    1395.000           1.0192
    1396.000           1.0198
    1397.000           1.0210
    1398.000           1.0218
    1399.000           1.0213
    1400.000           1.0223
    1401.000           1.0210
    1402.000           1.0207
    1403.000           1.0217
    1404.000           1.0236
    1405.000           1.0230
    1406.000           1.0227
    1407.000           1.0227
    1408.000           1.0203
    1409.000           1.0204
    1410.000           1.0215
    1411.000           1.0225
    1412.000           1.0205
    1413.000           1.0219
    1414.000           1.0220
    1415.000           1.0210
    1416.000           1.0205
    1417.000           1.0206
    1418.000           1.0202
    1419.000           1.0202
    1420.000           1.0216
    1421.000           1.0214
    1422.000           1.0222
    1423.000           1.0203
    1424.000           1.0209
    1425.000           1.0218
    1426.000           1.0232
    1427.000           1.0235
    1428.000           1.0231
    1429.000           1.0248
    1430.000           1.0252
    1431.000           1.0239
    1432.000           1.0232
    1433.000           1.0213
    1434.000           1.0205
    1435.000           1.0219
    1436.000           1.0227
    1437.000           1.0219
    1438.000           1.0212
    1439.000           1.0225
    1440.000           1.0227
    1441.000           1.0210
    1442.000           1.0216
    1443.000           1.0216
    1444.000           1.0202
    1445.000           1.0213
    1446.000           1.0202
    1447.000           1.0237
    1448.000           1.0226
    1449.000           1.0217
    1450.000           1.0250
    1451.000           1.0245
    1452.000           1.0219
    1453.000           1.0227
    1454.000           1.0209
    1455.000           1.0189
    1456.000           1.0169
    1457.000           1.0184
    1458.000           1.0205
    1459.000           1.0209
    1460.000           1.0215
    1461.000           1.0219
    1462.000           1.0229
    1463.000           1.0227
    1464.000           1.0202
    1465.000           1.0192
    1466.000           1.0212
    1467.000           1.0201
    1468.000           1.0212
    1469.000           1.0222
    1470.000           1.0241
    1471.000           1.0228
    1472.000           1.0262
    1473.000           1.0258
    1474.000           1.0220
    1475.000           1.0218
    1476.000           1.0210
    1477.000           1.0217
    1478.000           1.0221
    1479.000           1.0229
    1480.000           1.0226
    1481.000           1.0220
    1482.000           1.0222
    1483.000           1.0220
    1484.000           1.0209
    1485.000           1.0215
    1486.000           1.0216
    1487.000           1.0204
    1488.000           1.0186
    1489.000           1.0195
    1490.000           1.0214
    1491.000           1.0215
    1492.000           1.0203
    1493.000           1.0210
    1494.000           1.0225
    1495.000           1.0218
    1496.000           1.0224
    1497.000           1.0213
    1498.000           1.0228
    1499.000           1.0214
    1500.000           1.0199
    1501.000           1.0217
    1502.000           1.0242
    1503.000           1.0253
    1504.000           1.0238
    1505.000           1.0208
    1506.000           1.0205
    1507.000           1.0218
    1508.000           1.0225
    1509.000           1.0224
    1510.000           1.0223
    1511.000           1.0224
    1512.000           1.0226
    1513.000           1.0218
    1514.000           1.0208
    1515.000           1.0211
    1516.000           1.0221
    1517.000           1.0226
    1518.000           1.0225
    1519.000           1.0235
    1520.000           1.0214
    1521.000           1.0228
    1522.000           1.0217
    1523.000           1.0222
    1524.000           1.0223
    1525.000           1.0201
    1526.000           1.0201
    1527.000           1.0202
    1528.000           1.0217
    1529.000           1.0227
    1530.000           1.0244
    1531.000           1.0225
    1532.000           1.0202
    1533.000           1.0198
    1534.000           1.0202
    1535.000           1.0203
    1536.000           1.0201
    1537.000           1.0196
    1538.000           1.0212
    1539.000           1.0213
    1540.000           1.0228
    1541.000           1.0213
    1542.000           1.0221
    1543.000           1.0223
    1544.000           1.0227
    1545.000           1.0235
    1546.000           1.0228
    1547.000           1.0218
    1548.000           1.0212
    1549.000           1.0219
    1550.000           1.0245
    1551.000           1.0247
    1552.000           1.0237
    1553.000           1.0221
    1554.000           1.0227
    1555.000           1.0214
    1556.000           1.0212
    1557.000           1.0213
    1558.000           1.0203
    1559.000           1.0212
    1560.000           1.0208
    1561.000           1.0211
    1562.000           1.0215
    1563.000           1.0219
    1564.000           1.0218
    1565.000           1.0237
    1566.000           1.0222
    1567.000           1.0217
    1568.000           1.0207
    1569.000           1.0214
    1570.000           1.0220
    1571.000           1.0236
    1572.000           1.0222
    1573.000           1.0227
    1574.000           1.0220
    1575.000           1.0225
    1576.000           1.0225
    1577.000           1.0220
    1578.000           1.0208
    1579.000           1.0212
    1580.000           1.0225
    1581.000           1.0217
    1582.000           1.0182
    1583.000           1.0211
    1584.000           1.0211
    1585.000           1.0200
    1586.000           1.0209
    1587.000           1.0214
    1588.000           1.0219
    1589.000           1.0223
    1590.000           1.0225
    1591.000           1.0220
    1592.000           1.0239
    1593.000           1.0247
    1594.000           1.0249
    1595.000           1.0233
    1596.000           1.0231
    1597.000           1.0231
    1598.000           1.0224
    1599.000           1.0229
    1600.000           1.0199
    1601.000           1.0197
    1602.000           1.0206
    1603.000           1.0197
    1604.000           1.0226
    1605.000           1.0198
    1606.000           1.0204
    1607.000           1.0214
    1608.000           1.0220
    1609.000           1.0201
    1610.000           1.0215
    1611.000           1.0227
    1612.000           1.0221
    1613.000           1.0210
    1614.000           1.0198
    1615.000           1.0189
    1616.000           1.0216
    1617.000           1.0193
    1618.000           1.0209
    1619.000           1.0208
    1620.000           1.0219
    1621.000           1.0204
    1622.000           1.0192
    1623.000           1.0209
    1624.000           1.0224
    1625.000           1.0222
    1626.000           1.0215
    1627.000           1.0234
    1628.000           1.0224
    1629.000           1.0226
    1630.000           1.0216
    1631.000           1.0202
    1632.000           1.0205
    1633.000           1.0209
    1634.000           1.0214
    1635.000           1.0199
    1636.000           1.0209
    1637.000           1.0230
    1638.000           1.0238
    1639.000           1.0232
    1640.000           1.0211
    1641.000           1.0220
    1642.000           1.0214
    1643.000           1.0216
    1644.000           1.0211
    1645.000           1.0224
    1646.000           1.0225
    1647.000           1.0224
    1648.000           1.0217
    1649.000           1.0222
    1650.000           1.0203
    1651.000           1.0193
    1652.000           1.0183
    1653.000           1.0199
    1654.000           1.0205
    1655.000           1.0216
    1656.000           1.0226
    1657.000           1.0222
    1658.000           1.0205
    1659.000           1.0219
    1660.000           1.0206
    1661.000           1.0165
    1662.000           1.0192
    1663.000           1.0210
    1664.000           1.0195
    1665.000           1.0211
    1666.000           1.0216
    1667.000           1.0232
    1668.000           1.0232
    1669.000           1.0229
    1670.000           1.0240
    1671.000           1.0228
    1672.000           1.0228
    1673.000           1.0229
    1674.000           1.0219
    1675.000           1.0219
    1676.000           1.0215
    1677.000           1.0227
    1678.000           1.0230
    1679.000           1.0216
    1680.000           1.0240
    1681.000           1.0225
    1682.000           1.0224
    1683.000           1.0219
    1684.000           1.0222
    1685.000           1.0220
    1686.000           1.0218
    1687.000           1.0208
    1688.000           1.0199
    1689.000           1.0208
    1690.000           1.0215
    1691.000           1.0228
    1692.000           1.0234
    1693.000           1.0228
    1694.000           1.0232
    1695.000           1.0247
    1696.000           1.0247
    1697.000           1.0248
    1698.000           1.0231
    1699.000           1.0242
    1700.000           1.0231
    1701.000           1.0228
    1702.000           1.0256
    1703.000           1.0236
    1704.000           1.0245
    1705.000           1.0244
    1706.000           1.0245
    1707.000           1.0230
    1708.000           1.0236
    1709.000           1.0241
    1710.000           1.0239
    1711.000           1.0218
    1712.000           1.0225
    1713.000           1.0221
    1714.000           1.0225
    1715.000           1.0229
    1716.000           1.0229
    1717.000           1.0213
    1718.000           1.0221
    1719.000           1.0237
    1720.000           1.0219
    1721.000           1.0215
    1722.000           1.0233
    1723.000           1.0234
    1724.000           1.0230
    1725.000           1.0244
    1726.000           1.0247
    1727.000           1.0207
    1728.000           1.0214
    1729.000           1.0197
    1730.000           1.0211
    1731.000           1.0230
    1732.000           1.0230
    1733.000           1.0209
    1734.000           1.0206
    1735.000           1.0215
    1736.000           1.0215
    1737.000           1.0218
    1738.000           1.0219
    1739.000           1.0223
    1740.000           1.0236
    1741.000           1.0230
    1742.000           1.0243
    1743.000           1.0238
    1744.000           1.0231
    1745.000           1.0223
    1746.000           1.0220
    1747.000           1.0236
    1748.000           1.0224
    1749.000           1.0225
    1750.000           1.0219
    1751.000           1.0222
    1752.000           1.0222
    1753.000           1.0207
    1754.000           1.0207
    1755.000           1.0222
    1756.000           1.0199
    1757.000           1.0193
    1758.000           1.0188
    1759.000           1.0206
    1760.000           1.0205
    1761.000           1.0216
    1762.000           1.0204
    1763.000           1.0220
    1764.000           1.0228
    1765.000           1.0221
    1766.000           1.0230
    1767.000           1.0236
    1768.000           1.0226
    1769.000           1.0240
    1770.000           1.0235
    1771.000           1.0210
    1772.000           1.0214
    1773.000           1.0211
    1774.000           1.0200
    1775.000           1.0221
    1776.000           1.0216
    1777.000           1.0229
    1778.000           1.0240
    1779.000           1.0252
    1780.000           1.0219
    1781.000           1.0202
    1782.000           1.0214
    1783.000           1.0225
    1784.000           1.0222
    1785.000           1.0210
    1786.000           1.0202
    1787.000           1.0208
    1788.000           1.0201
    1789.000           1.0222
    1790.000           1.0211
    1791.000           1.0224
    1792.000           1.0215
    1793.000           1.0226
    1794.000           1.0207
    1795.000           1.0223
    1796.000           1.0223
    1797.000           1.0218
    1798.000           1.0229
    1799.000           1.0213
    1800.000           1.0219
    1801.000           1.0236
    1802.000           1.0214
    1803.000           1.0199
    1804.000           1.0195
    1805.000           1.0210
    1806.000           1.0225
    1807.000           1.0211
    1808.000           1.0223
    1809.000           1.0219
    1810.000           1.0218
    1811.000           1.0226
    1812.000           1.0245
    1813.000           1.0230
    1814.000           1.0250
    1815.000           1.0237
    1816.000           1.0234
    1817.000           1.0239
    1818.000           1.0234
    1819.000           1.0223
    1820.000           1.0215
    1821.000           1.0217
    1822.000           1.0225
    1823.000           1.0240
    1824.000           1.0251
    1825.000           1.0231
    1826.000           1.0219
    1827.000           1.0218
    1828.000           1.0219
    1829.000           1.0209
    1830.000           1.0218
    1831.000           1.0219
    1832.000           1.0231
    1833.000           1.0232
    1834.000           1.0239
    1835.000           1.0221
    1836.000           1.0224
    1837.000           1.0226
    1838.000           1.0232
    1839.000           1.0239
    1840.000           1.0241
    1841.000           1.0239
    1842.000           1.0233
    1843.000           1.0239
    1844.000           1.0220
    1845.000           1.0205
    1846.000           1.0204
    1847.000           1.0220
    1848.000           1.0208
    1849.000           1.0213
    1850.000           1.0195
    1851.000           1.0207
    1852.000           1.0196
    1853.000           1.0194
    1854.000           1.0202
    1855.000           1.0216
    1856.000           1.0235
    1857.000           1.0224
    1858.000           1.0207
    1859.000           1.0207
    1860.000           1.0184
    1861.000           1.0190
    1862.000           1.0202
    1863.000           1.0214
    1864.000           1.0222
    1865.000           1.0249
    1866.000           1.0251
    1867.000           1.0250
    1868.000           1.0247
    1869.000           1.0244
    1870.000           1.0237
    1871.000           1.0222
    1872.000           1.0229
    1873.000           1.0242
    1874.000           1.0244
    1875.000           1.0232
    1876.000           1.0215
    1877.000           1.0215
    1878.000           1.0209
    1879.000           1.0208
    1880.000           1.0231
    1881.000           1.0235
    1882.000           1.0245
    1883.000           1.0254
    1884.000           1.0248
    1885.000           1.0240
    1886.000           1.0230
    1887.000           1.0229
    1888.000           1.0210
    1889.000           1.0186
    1890.000           1.0193
    1891.000           1.0197
    1892.000           1.0214
    1893.000           1.0217
    1894.000           1.0214
    1895.000           1.0230
    1896.000           1.0198
    1897.000           1.0197
    1898.000           1.0204
    1899.000           1.0206
    1900.000           1.0197
    1901.000           1.0222
    1902.000           1.0223
    1903.000           1.0205
    1904.000           1.0220
    1905.000           1.0226
    1906.000           1.0233
    1907.000           1.0240
    1908.000           1.0249
    1909.000           1.0241
    1910.000           1.0231
    1911.000           1.0220
    1912.000           1.0222
    1913.000           1.0227
    1914.000           1.0229
    1915.000           1.0209
    1916.000           1.0201
    1917.000           1.0199
    1918.000           1.0200
    1919.000           1.0211
    1920.000           1.0225
    1921.000           1.0212
    1922.000           1.0224
    1923.000           1.0205
    1924.000           1.0216
    1925.000           1.0233
    1926.000           1.0218
    1927.000           1.0236
    1928.000           1.0250
    1929.000           1.0239
    1930.000           1.0230
    1931.000           1.0237
    1932.000           1.0225
    1933.000           1.0217
    1934.000           1.0207
    1935.000           1.0196
    1936.000           1.0204
    1937.000           1.0209
    1938.000           1.0210
    1939.000           1.0213
    1940.000           1.0214
    1941.000           1.0205
    1942.000           1.0199
    1943.000           1.0200
    1944.000           1.0200
    1945.000           1.0224
    1946.000           1.0216
    1947.000           1.0215
    1948.000           1.0203
    1949.000           1.0200
    1950.000           1.0219
    1951.000           1.0231
    1952.000           1.0224
    1953.000           1.0218
    1954.000           1.0205
    1955.000           1.0198
    1956.000           1.0213
    1957.000           1.0216
    1958.000           1.0230
    1959.000           1.0224
    1960.000           1.0210
    1961.000           1.0219
    1962.000           1.0215
    1963.000           1.0225
    1964.000           1.0217
    1965.000           1.0224
    1966.000           1.0226
    1967.000           1.0222
    1968.000           1.0236
    1969.000           1.0230
    1970.000           1.0215
    1971.000           1.0216
    1972.000           1.0214
    1973.000           1.0228
    1974.000           1.0228
    1975.000           1.0227
    1976.000           1.0238
    1977.000           1.0240
    1978.000           1.0212
    1979.000           1.0216
    1980.000           1.0213
    1981.000           1.0194
    1982.000           1.0192
    1983.000           1.0208
    1984.000           1.0223
    1985.000           1.0235
    1986.000           1.0225
    1987.000           1.0227
    1988.000           1.0228
    1989.000           1.0228
    1990.000           1.0227
    1991.000           1.0225
    1992.000           1.0207
    1993.000           1.0214
    1994.000           1.0217
    1995.000           1.0221
    1996.000           1.0209
    1997.000           1.0206
    1998.000           1.0239
    1999.000           1.0237
    2000.000           1.0232
    2001.000           1.0228
    2002.000           1.0231
    2003.000           1.0243
    2004.000           1.0232
    2005.000           1.0234
    2006.000           1.0231
    2007.000           1.0241
    2008.000           1.0234
    2009.000           1.0236
    2010.000           1.0227
    2011.000           1.0223
    2012.000           1.0219
    2013.000           1.0226
    2014.000           1.0221
    2015.000           1.0214
    2016.000           1.0219
    2017.000           1.0234
    2018.000           1.0235
    2019.000           1.0232
    2020.000           1.0235
    2021.000           1.0237
    2022.000           1.0242
    2023.000           1.0245
    2024.000           1.0246
    2025.000           1.0250
    2026.000           1.0234
    2027.000           1.0206
    2028.000           1.0221
    2029.000           1.0224
    2030.000           1.0224
    2031.000           1.0211
    2032.000           1.0215
    2033.000           1.0198
    2034.000           1.0213
    2035.000           1.0215
    2036.000           1.0219
    2037.000           1.0226
    2038.000           1.0207
    2039.000           1.0203
    2040.000           1.0216
    2041.000           1.0226
    2042.000           1.0226
    2043.000           1.0229
    2044.000           1.0220
    2045.000           1.0209
    2046.000           1.0203
    2047.000           1.0219
    2048.000           1.0202
    2049.000           1.0202
    2050.000           1.0202
    2051.000           1.0199
    2052.000           1.0205
    2053.000           1.0199
    2054.000           1.0220
    2055.000           1.0206
    2056.000           1.0204
    2057.000           1.0198
    2058.000           1.0224
    2059.000           1.0241
    2060.000           1.0232
    2061.000           1.0222
    2062.000           1.0243
    2063.000           1.0236
    2064.000           1.0247
    2065.000           1.0229
    2066.000           1.0207
    2067.000           1.0217
    2068.000           1.0206
    2069.000           1.0207
    2070.000           1.0209
    2071.000           1.0213
    2072.000           1.0208
    2073.000           1.0216
    2074.000           1.0229
    2075.000           1.0231
    2076.000           1.0226
    2077.000           1.0218
    2078.000           1.0209
    2079.000           1.0206
    2080.000           1.0236
    2081.000           1.0212
    2082.000           1.0218
    2083.000           1.0209
    2084.000           1.0216
    2085.000           1.0200
    2086.000           1.0198
    2087.000           1.0220
    2088.000           1.0221
    2089.000           1.0225
    2090.000           1.0201
    2091.000           1.0195
    2092.000           1.0220
    2093.000           1.0217
    2094.000           1.0211
    2095.000           1.0204
    2096.000           1.0207
    2097.000           1.0209
    2098.000           1.0229
    2099.000           1.0209
    2100.000           1.0195
    2101.000           1.0220
    2102.000           1.0215
    2103.000           1.0195
    2104.000           1.0198
    2105.000           1.0212
    2106.000           1.0216
    2107.000           1.0223
    2108.000           1.0206
    2109.000           1.0210
    2110.000           1.0223
    2111.000           1.0210
    2112.000           1.0218
    2113.000           1.0211
    2114.000           1.0198
    2115.000           1.0202
    2116.000           1.0205
    2117.000           1.0191
    2118.000           1.0190
    2119.000           1.0201
    2120.000           1.0199
    2121.000           1.0232
    2122.000           1.0237
    2123.000           1.0209
    2124.000           1.0201
    2125.000           1.0209
    2126.000           1.0198
    2127.000           1.0184
    2128.000           1.0192
    2129.000           1.0192
    2130.000           1.0187
    2131.000           1.0189
    2132.000           1.0183
    2133.000           1.0202
    2134.000           1.0222
    2135.000           1.0224
    2136.000           1.0218
    2137.000           1.0217
    2138.000           1.0219
    2139.000           1.0214
    2140.000           1.0195
    2141.000           1.0221
    2142.000           1.0222
    2143.000           1.0203
    2144.000           1.0210
    2145.000           1.0202
    2146.000           1.0205
    2147.000           1.0214
    2148.000           1.0223
    2149.000           1.0235
    2150.000           1.0227
    2151.000           1.0243
    2152.000           1.0235
    2153.000           1.0230
    2154.000           1.0203
    2155.000           1.0227
    2156.000           1.0220
    2157.000           1.0221
    2158.000           1.0233
    2159.000           1.0227
    2160.000           1.0222
    2161.000           1.0218
    2162.000           1.0234
    2163.000           1.0224
    2164.000           1.0234
    2165.000           1.0222
    2166.000           1.0209
    2167.000           1.0213
    2168.000           1.0233
    2169.000           1.0210
    2170.000           1.0205
    2171.000           1.0200
    2172.000           1.0212
    2173.000           1.0195
    2174.000           1.0207
    2175.000           1.0193
    2176.000           1.0216
    2177.000           1.0227
    2178.000           1.0205
    2179.000           1.0206
    2180.000           1.0213
    2181.000           1.0195
    2182.000           1.0198
    2183.000           1.0195
    2184.000           1.0190
    2185.000           1.0200
    2186.000           1.0200
    2187.000           1.0202
    2188.000           1.0207
    2189.000           1.0220
    2190.000           1.0214
    2191.000           1.0208
    2192.000           1.0210
    2193.000           1.0202
    2194.000           1.0198
    2195.000           1.0210
    2196.000           1.0241
    2197.000           1.0227
    2198.000           1.0231
    2199.000           1.0227
    2200.000           1.0223
    2201.000           1.0233
    2202.000           1.0238
    2203.000           1.0243
    2204.000           1.0231
    2205.000           1.0220
    2206.000           1.0236
    2207.000           1.0229
    2208.000           1.0225
    2209.000           1.0228
    2210.000           1.0209
    2211.000           1.0233
    2212.000           1.0225
    2213.000           1.0208
    2214.000           1.0203
    2215.000           1.0212
    2216.000           1.0224
    2217.000           1.0239
    2218.000           1.0241
    2219.000           1.0221
    2220.000           1.0190
    2221.000           1.0183
    2222.000           1.0184
    2223.000           1.0196
    2224.000           1.0202
    2225.000           1.0198
    2226.000           1.0210
    2227.000           1.0217
    2228.000           1.0219
    2229.000           1.0239
    2230.000           1.0239
    2231.000           1.0231
    2232.000           1.0215
    2233.000           1.0222
    2234.000           1.0215
    2235.000           1.0227
    2236.000           1.0245
    2237.000           1.0223
    2238.000           1.0210
    2239.000           1.0203
    2240.000           1.0206
    2241.000           1.0227
    2242.000           1.0240
    2243.000           1.0228
    2244.000           1.0227
    2245.000           1.0207
    2246.000           1.0222
    2247.000           1.0225
    2248.000           1.0222
    2249.000           1.0215
    2250.000           1.0212
    2251.000           1.0217
    2252.000           1.0226
    2253.000           1.0223
    2254.000           1.0228
    2255.000           1.0224
    2256.000           1.0250
    2257.000           1.0226
    2258.000           1.0232
    2259.000           1.0226
    2260.000           1.0237
    2261.000           1.0226
    2262.000           1.0230
    2263.000           1.0208
    2264.000           1.0194
    2265.000           1.0199
    2266.000           1.0206
    2267.000           1.0217
    2268.000           1.0213
    2269.000           1.0214
    2270.000           1.0225
    2271.000           1.0211
    2272.000           1.0200
    2273.000           1.0187
    2274.000           1.0197
    2275.000           1.0202
    2276.000           1.0214
    2277.000           1.0228
    2278.000           1.0231
    2279.000           1.0218
    2280.000           1.0227
    2281.000           1.0220
    2282.000           1.0232
    2283.000           1.0211
    2284.000           1.0203
    2285.000           1.0203
    2286.000           1.0214
    2287.000           1.0209
    2288.000           1.0233
    2289.000           1.0226
    2290.000           1.0221
    2291.000           1.0215
    2292.000           1.0223
    2293.000           1.0214
    2294.000           1.0218
    2295.000           1.0223
    2296.000           1.0241
    2297.000           1.0255
    2298.000           1.0219
    2299.000           1.0229
    2300.000           1.0202
    2301.000           1.0205
    2302.000           1.0203
    2303.000           1.0239
    2304.000           1.0248
    2305.000           1.0246
    2306.000           1.0216
    2307.000           1.0210
    2308.000           1.0215
    2309.000           1.0209
    2310.000           1.0213
    2311.000           1.0205
    2312.000           1.0201
    2313.000           1.0214
    2314.000           1.0225
    2315.000           1.0226
    2316.000           1.0217
    2317.000           1.0221
    2318.000           1.0214
    2319.000           1.0202
    2320.000           1.0200
    2321.000           1.0214
    2322.000           1.0215
    2323.000           1.0213
    2324.000           1.0218
    2325.000           1.0204
    2326.000           1.0203
    2327.000           1.0203
    2328.000           1.0195
    2329.000           1.0205
    2330.000           1.0206
    2331.000           1.0193
    2332.000           1.0207
    2333.000           1.0206
    2334.000           1.0226
    2335.000           1.0215
    2336.000           1.0233
    2337.000           1.0246
    2338.000           1.0230
    2339.000           1.0215
    2340.000           1.0224
    2341.000           1.0228
    2342.000           1.0211
    2343.000           1.0221
    2344.000           1.0200
    2345.000           1.0221
    2346.000           1.0209
    2347.000           1.0219
    2348.000           1.0228
    2349.000           1.0230
    2350.000           1.0222
    2351.000           1.0223
    2352.000           1.0208
    2353.000           1.0207
    2354.000           1.0202
    2355.000           1.0213
    2356.000           1.0219
    2357.000           1.0209
    2358.000           1.0214
    2359.000           1.0208
    2360.000           1.0207
    2361.000           1.0222
    2362.000           1.0219
    2363.000           1.0226
    2364.000           1.0213
    2365.000           1.0208
    2366.000           1.0202
    2367.000           1.0208
    2368.000           1.0222
    2369.000           1.0223
    2370.000           1.0249
    2371.000           1.0238
    2372.000           1.0198
    2373.000           1.0192
    2374.000           1.0209
    2375.000           1.0200
    2376.000           1.0213
    2377.000           1.0231
    2378.000           1.0219
    2379.000           1.0214
    2380.000           1.0212
    2381.000           1.0213
    2382.000           1.0198
    2383.000           1.0185
    2384.000           1.0199
    2385.000           1.0219
    2386.000           1.0224
    2387.000           1.0221
    2388.000           1.0228
    2389.000           1.0212
    2390.000           1.0219
    2391.000           1.0240
    2392.000           1.0242
    2393.000           1.0246
    2394.000           1.0242
    2395.000           1.0229
    2396.000           1.0214
    2397.000           1.0216
    2398.000           1.0209
    2399.000           1.0235
    2400.000           1.0224
    2401.000           1.0205
    2402.000           1.0229
    2403.000           1.0225
    2404.000           1.0240
    2405.000           1.0233
    2406.000           1.0233
    2407.000           1.0253
    2408.000           1.0236
    2409.000           1.0222
    2410.000           1.0240
    2411.000           1.0225
    2412.000           1.0202
    2413.000           1.0196
    2414.000           1.0202
    2415.000           1.0213
    2416.000           1.0203
    2417.000           1.0206
    2418.000           1.0210
    2419.000           1.0215
    2420.000           1.0231
    2421.000           1.0217
    2422.000           1.0213
    2423.000           1.0197
    2424.000           1.0207
    2425.000           1.0213
    2426.000           1.0219
    2427.000           1.0215
    2428.000           1.0226
    2429.000           1.0222
    2430.000           1.0226
    2431.000           1.0218
    2432.000           1.0230
    2433.000           1.0195
    2434.000           1.0215
    2435.000           1.0221
    2436.000           1.0234
    2437.000           1.0218
    2438.000           1.0240
    2439.000           1.0215
    2440.000           1.0210
    2441.000           1.0206
    2442.000           1.0211
    2443.000           1.0219
    2444.000           1.0220
    2445.000           1.0216
    2446.000           1.0214
    2447.000           1.0217
    2448.000           1.0225
    2449.000           1.0220
    2450.000           1.0242
    2451.000           1.0242
    2452.000           1.0225
    2453.000           1.0238
    2454.000           1.0237
    2455.000           1.0229
    2456.000           1.0224
    2457.000           1.0227
    2458.000           1.0232
    2459.000           1.0221
    2460.000           1.0227
    2461.000           1.0210
    2462.000           1.0215
    2463.000           1.0234
    2464.000           1.0217
    2465.000           1.0229
    2466.000           1.0242
    2467.000           1.0241
    2468.000           1.0243
    2469.000           1.0241
    2470.000           1.0234
    2471.000           1.0232
    2472.000           1.0220
    2473.000           1.0211
    2474.000           1.0227
    2475.000           1.0225
    2476.000           1.0234
    2477.000           1.0222
    2478.000           1.0214
    2479.000           1.0242
    2480.000           1.0255
    2481.000           1.0229
    2482.000           1.0222
    2483.000           1.0220
    2484.000           1.0218
    2485.000           1.0228
    2486.000           1.0197
    2487.000           1.0202
    2488.000           1.0212
    2489.000           1.0208
    2490.000           1.0194
    2491.000           1.0207
    2492.000           1.0192
    2493.000           1.0196
    2494.000           1.0208
    2495.000           1.0200
    2496.000           1.0201
    2497.000           1.0200
    2498.000           1.0211
    2499.000           1.0220
    2500.000           1.0214
    2501.000           1.0214
    2502.000           1.0237
    2503.000           1.0230
    2504.000           1.0240
    2505.000           1.0210
    2506.000           1.0226
    2507.000           1.0222
    2508.000           1.0217
    2509.000           1.0229
    2510.000           1.0234
    2511.000           1.0243
    2512.000           1.0220
    2513.000           1.0215
    2514.000           1.0223
    2515.000           1.0240
    2516.000           1.0227
    2517.000           1.0223
    2518.000           1.0204
    2519.000           1.0215
    2520.000           1.0208
    2521.000           1.0199
    2522.000           1.0202
    2523.000           1.0203
    2524.000           1.0203
    2525.000           1.0209
    2526.000           1.0207
    2527.000           1.0215
    2528.000           1.0219
    2529.000           1.0227
    2530.000           1.0223
    2531.000           1.0219
    2532.000           1.0205
    2533.000           1.0205
    2534.000           1.0197
    2535.000           1.0201
    2536.000           1.0209
    2537.000           1.0216
    2538.000           1.0226
    2539.000           1.0218
    2540.000           1.0237
    2541.000           1.0240
    2542.000           1.0235
    2543.000           1.0231
    2544.000           1.0224
    2545.000           1.0230
    2546.000           1.0244
    2547.000           1.0234
    2548.000           1.0213
    2549.000           1.0214
    2550.000           1.0231
    2551.000           1.0249
    2552.000           1.0246
    2553.000           1.0238
    2554.000           1.0243
    2555.000           1.0244
    2556.000           1.0218
    2557.000           1.0218
    2558.000           1.0209
    2559.000           1.0220
    2560.000           1.0215
    2561.000           1.0199
    2562.000           1.0202
    2563.000           1.0200
    2564.000           1.0203
    2565.000           1.0222
    2566.000           1.0218
    2567.000           1.0234
    2568.000           1.0216
    2569.000           1.0217
    2570.000           1.0225
    2571.000           1.0219
    2572.000           1.0211
    2573.000           1.0197
    2574.000           1.0211
    2575.000           1.0185
    2576.000           1.0187
    2577.000           1.0207
    2578.000           1.0216
    2579.000           1.0214
    2580.000           1.0229
    2581.000           1.0210
    2582.000           1.0223
    2583.000           1.0238
    2584.000           1.0228
    2585.000           1.0219
    2586.000           1.0229
    2587.000           1.0228
    2588.000           1.0221
    2589.000           1.0222
    2590.000           1.0216
    2591.000           1.0213
    2592.000           1.0207
    2593.000           1.0209
    2594.000           1.0215
    2595.000           1.0188
    2596.000           1.0180
    2597.000           1.0194
    2598.000           1.0230
    2599.000           1.0218
    2600.000           1.0217
    2601.000           1.0224
    2602.000           1.0211
    2603.000           1.0216
    2604.000           1.0204
    2605.000           1.0223
    2606.000           1.0213
    2607.000           1.0204
    2608.000           1.0216
    2609.000           1.0201
    2610.000           1.0210
    2611.000           1.0219
    2612.000           1.0214
    2613.000           1.0227
    2614.000           1.0206
    2615.000           1.0229
    2616.000           1.0228
    2617.000           1.0221
    2618.000           1.0223
    2619.000           1.0218
    2620.000           1.0222
    2621.000           1.0230
    2622.000           1.0240
    2623.000           1.0232
    2624.000           1.0227
    2625.000           1.0242
    2626.000           1.0249
    2627.000           1.0245
    2628.000           1.0233
    2629.000           1.0241
    2630.000           1.0219
    2631.000           1.0222
    2632.000           1.0209
    2633.000           1.0205
    2634.000           1.0196
    2635.000           1.0200
    2636.000           1.0196
    2637.000           1.0201
    2638.000           1.0208
    2639.000           1.0225
    2640.000           1.0230
    2641.000           1.0227
    2642.000           1.0224
    2643.000           1.0213
    2644.000           1.0214
    2645.000           1.0207
    2646.000           1.0214
    2647.000           1.0214
    2648.000           1.0217
    2649.000           1.0218
    2650.000           1.0239
    2651.000           1.0240
    2652.000           1.0250
    2653.000           1.0233
    2654.000           1.0234
    2655.000           1.0228
    2656.000           1.0230
    2657.000           1.0229
    2658.000           1.0253
    2659.000           1.0252
    2660.000           1.0243
    2661.000           1.0216
    2662.000           1.0228
    2663.000           1.0214
    2664.000           1.0207
    2665.000           1.0205
    2666.000           1.0205
    2667.000           1.0205
    2668.000           1.0210
    2669.000           1.0212
    2670.000           1.0211
    2671.000           1.0206
    2672.000           1.0220
    2673.000           1.0216
    2674.000           1.0209
    2675.000           1.0219
    2676.000           1.0204
    2677.000           1.0202
    2678.000           1.0208
    2679.000           1.0200
    2680.000           1.0202
    2681.000           1.0209
    2682.000           1.0235
    2683.000           1.0216
    2684.000           1.0221
    2685.000           1.0225
    2686.000           1.0214
    2687.000           1.0198
    2688.000           1.0185
    2689.000           1.0176
    2690.000           1.0184
    2691.000           1.0210
    2692.000           1.0208
    2693.000           1.0226
    2694.000           1.0209
    2695.000           1.0234
    2696.000           1.0218
    2697.000           1.0231
    2698.000           1.0234
    2699.000           1.0225
    2700.000           1.0213
    2701.000           1.0217
    2702.000           1.0214
    2703.000           1.0216
    2704.000           1.0203
    2705.000           1.0208
    2706.000           1.0202
    2707.000           1.0207
    2708.000           1.0198
    2709.000           1.0206
    2710.000           1.0216
    2711.000           1.0208
    2712.000           1.0175
    2713.000           1.0149
    2714.000           1.0136
    2715.000           1.0161
    2716.000           1.0170
    2717.000           1.0194
    2718.000           1.0192
    2719.000           1.0187
    2720.000           1.0194
    2721.000           1.0204
    2722.000           1.0209
    2723.000           1.0220
    2724.000           1.0201
    2725.000           1.0212
    2726.000           1.0213
    2727.000           1.0221
    2728.000           1.0207
    2729.000           1.0199
    2730.000           1.0182
    2731.000           1.0199
    2732.000           1.0199
    2733.000           1.0200
    2734.000           1.0214
    2735.000           1.0217
    2736.000           1.0214
    2737.000           1.0213
    2738.000           1.0206
    2739.000           1.0226
    2740.000           1.0224
    2741.000           1.0238
    2742.000           1.0231
    2743.000           1.0226
    2744.000           1.0228
    2745.000           1.0229
    2746.000           1.0229
    2747.000           1.0241
    2748.000           1.0250
    2749.000           1.0221
    2750.000           1.0217
    2751.000           1.0229
    2752.000           1.0212
    2753.000           1.0223
    2754.000           1.0212
    2755.000           1.0240
    2756.000           1.0232
    2757.000           1.0211
    2758.000           1.0208
    2759.000           1.0207
    2760.000           1.0198
    2761.000           1.0190
    2762.000           1.0201
    2763.000           1.0211
    2764.000           1.0205
    2765.000           1.0216
    2766.000           1.0234
    2767.000           1.0232
    2768.000           1.0231
    2769.000           1.0233
    2770.000           1.0234
    2771.000           1.0231
    2772.000           1.0229
    2773.000           1.0229
    2774.000           1.0231
    2775.000           1.0207
    2776.000           1.0204
    2777.000           1.0194
    2778.000           1.0204
    2779.000           1.0213
    2780.000           1.0207
    2781.000           1.0200
    2782.000           1.0206
    2783.000           1.0211
    2784.000           1.0200
    2785.000           1.0203
    2786.000           1.0202
    2787.000           1.0216
    2788.000           1.0207
    2789.000           1.0206
    2790.000           1.0212
    2791.000           1.0213
    2792.000           1.0212
    2793.000           1.0215
    2794.000           1.0215
    2795.000           1.0219
    2796.000           1.0225
    2797.000           1.0210
    2798.000           1.0203
    2799.000           1.0193
    2800.000           1.0206
    2801.000           1.0190
    2802.000           1.0214
    2803.000           1.0210
    2804.000           1.0202
    2805.000           1.0213
    2806.000           1.0196
    2807.000           1.0205
    2808.000           1.0216
    2809.000           1.0197
    2810.000           1.0214
    2811.000           1.0211
    2812.000           1.0201
    2813.000           1.0204
    2814.000           1.0202
    2815.000           1.0204
    2816.000           1.0195
    2817.000           1.0200
    2818.000           1.0204
    2819.000           1.0213
    2820.000           1.0195
    2821.000           1.0205
    2822.000           1.0216
    2823.000           1.0212
    2824.000           1.0219
    2825.000           1.0216
    2826.000           1.0194
    2827.000           1.0200
    2828.000           1.0193
    2829.000           1.0193
    2830.000           1.0205
    2831.000           1.0205
    2832.000           1.0205
    2833.000           1.0208
    2834.000           1.0216
    2835.000           1.0227
    2836.000           1.0195
    2837.000           1.0200
    2838.000           1.0198
    2839.000           1.0199
    2840.000           1.0200
    2841.000           1.0199
    2842.000           1.0226
    2843.000           1.0249
    2844.000           1.0226
    2845.000           1.0212
    2846.000           1.0220
    2847.000           1.0227
    2848.000           1.0214
    2849.000           1.0202
    2850.000           1.0204
    2851.000           1.0207
    2852.000           1.0214
    2853.000           1.0198
    2854.000           1.0212
    2855.000           1.0216
    2856.000           1.0208
    2857.000           1.0209
    2858.000           1.0211
    2859.000           1.0207
    2860.000           1.0204
    2861.000           1.0223
    2862.000           1.0219
    2863.000           1.0216
    2864.000           1.0207
    2865.000           1.0219
    2866.000           1.0219
    2867.000           1.0203
    2868.000           1.0199
    2869.000           1.0226
    2870.000           1.0227
    2871.000           1.0210
    2872.000           1.0194
    2873.000           1.0184
    2874.000           1.0185
    2875.000           1.0213
    2876.000           1.0222
    2877.000           1.0213
    2878.000           1.0209
    2879.000           1.0221
    2880.000           1.0221
    2881.000           1.0235
    2882.000           1.0221
    2883.000           1.0231
    2884.000           1.0231
    2885.000           1.0227
    2886.000           1.0236
    2887.000           1.0230
    2888.000           1.0218
    2889.000           1.0212
    2890.000           1.0199
    2891.000           1.0186
    2892.000           1.0183
    2893.000           1.0206
    2894.000           1.0226
    2895.000           1.0207
    2896.000           1.0221
    2897.000           1.0216
    2898.000           1.0222
    2899.000           1.0217
    2900.000           1.0208
    2901.000           1.0193
    2902.000           1.0207
    2903.000           1.0201
    2904.000           1.0211
    2905.000           1.0213
    2906.000           1.0210
    2907.000           1.0218
    2908.000           1.0242
    2909.000           1.0245
    2910.000           1.0231
    2911.000           1.0217
    2912.000           1.0203
    2913.000           1.0201
    2914.000           1.0223
    2915.000           1.0217
    2916.000           1.0221
    2917.000           1.0236
    2918.000           1.0225
    2919.000           1.0230
    2920.000           1.0236
    2921.000           1.0211
    2922.000           1.0216
    2923.000           1.0229
    2924.000           1.0222
    2925.000           1.0223
    2926.000           1.0213
    2927.000           1.0224
    2928.000           1.0212
    2929.000           1.0210
    2930.000           1.0205
    2931.000           1.0215
    2932.000           1.0222
    2933.000           1.0210
    2934.000           1.0214
    2935.000           1.0234
    2936.000           1.0226
    2937.000           1.0209
    2938.000           1.0206
    2939.000           1.0219
    2940.000           1.0214
    2941.000           1.0213
    2942.000           1.0201
    2943.000           1.0212
    2944.000           1.0204
    2945.000           1.0218
    2946.000           1.0216
    2947.000           1.0237
    2948.000           1.0216
    2949.000           1.0197
    2950.000           1.0215
    2951.000           1.0220
    2952.000           1.0210
    2953.000           1.0198
    2954.000           1.0218
    2955.000           1.0212
    2956.000           1.0211
    2957.000           1.0232
    2958.000           1.0229
    2959.000           1.0239
    2960.000           1.0230
    2961.000           1.0218
    2962.000           1.0201
    2963.000           1.0191
    2964.000           1.0217
    2965.000           1.0211
    2966.000           1.0230
    2967.000           1.0214
    2968.000           1.0222
    2969.000           1.0216
    2970.000           1.0213
    2971.000           1.0216
    2972.000           1.0215
    2973.000           1.0210
    2974.000           1.0219
    2975.000           1.0208
    2976.000           1.0219
    2977.000           1.0200
    2978.000           1.0210
    2979.000           1.0216
    2980.000           1.0220
    2981.000           1.0195
    2982.000           1.0203
    2983.000           1.0191
    2984.000           1.0212
    2985.000           1.0217
    2986.000           1.0210
    2987.000           1.0199
    2988.000           1.0207
    2989.000           1.0198
    2990.000           1.0203
    2991.000           1.0209
    2992.000           1.0211
    2993.000           1.0214
    2994.000           1.0210
    2995.000           1.0223
    2996.000           1.0215
    2997.000           1.0237
    2998.000           1.0244
    2999.000           1.0236
    3000.000           1.0236
    3001.000           1.0222
    3002.000           1.0216
    3003.000           1.0213
    3004.000           1.0207
    3005.000           1.0201
    3006.000           1.0211
    3007.000           1.0211
    3008.000           1.0225
    3009.000           1.0180
    3010.000           1.0200
    3011.000           1.0202
    3012.000           1.0203
    3013.000           1.0206
    3014.000           1.0193
    3015.000           1.0186
    3016.000           1.0219
    3017.000           1.0206
    3018.000           1.0202
    3019.000           1.0190
    3020.000           1.0206
    3021.000           1.0208
    3022.000           1.0193
    3023.000           1.0211
    3024.000           1.0214
    3025.000           1.0201
    3026.000           1.0214
    3027.000           1.0224
    3028.000           1.0225
    3029.000           1.0224
    3030.000           1.0235
    3031.000           1.0230
    3032.000           1.0218
    3033.000           1.0213
    3034.000           1.0210
    3035.000           1.0224
    3036.000           1.0213
    3037.000           1.0206
    3038.000           1.0207
    3039.000           1.0206
    3040.000           1.0207
