     141.000       23436.9082
     142.000       23446.4883
     143.000       23218.5391
     144.000       23448.8574
     145.000       23421.0000
     146.000       23436.2832
     147.000       23353.5605
     148.000       23415.6758
     149.000       23369.4004
     150.000       23421.0762
     151.000       23273.7754
     152.000       23484.9629
     153.000       23464.8203
     154.000       23486.7832
     155.000       23391.4395
     156.000       23551.0957
     157.000       23410.9707
     158.000       23469.7578
     159.000       23368.2734
     160.000       23441.2715
     161.000       23282.8867
     162.000       23261.2617
     163.000       23412.6504
     164.000       23452.9492
     165.000       23480.0938
     166.000       23367.0684
     167.000       23281.7344
     168.000       23547.8730
     169.000       23299.6270
     170.000       23408.6172
     171.000       23230.3633
     172.000       23452.3047
     173.000       23245.5137
     174.000       23633.5488
     175.000       23337.5898
     176.000       23461.7363
     177.000       23480.3145
     178.000       23294.6230
     179.000       23628.3770
     180.000       23553.9199
     181.000       23365.6641
     182.000       23271.7109
     183.000       23619.0801
     184.000       23477.3438
     185.000       23403.9258
     186.000       23564.2578
     187.000       23368.5859
     188.000       23260.0215
     189.000       23442.3203
     190.000       23513.3789
     191.000       23330.5352
     192.000       23555.8711
     193.000       23593.4434
     194.000       23245.3086
     195.000       23384.3184
     196.000       23284.9941
     197.000       23383.4062
     198.000       23345.9004
     199.000       23465.7520
     200.000       23568.1172
     201.000       23625.8984
     202.000       23445.4570
     203.000       23457.6895
     204.000       23568.8340
     205.000       23552.8867
     206.000       23440.3145
     207.000       23422.3945
     208.000       23372.0430
     209.000       23528.8711
     210.000       23585.3027
     211.000       23545.6816
     212.000       23514.3125
     213.000       23454.0801
     214.000       23418.5508
     215.000       23296.7031
     216.000       23565.2734
     217.000       23367.3145
     218.000       23268.7422
     219.000       23422.7441
     220.000       23368.9902
     221.000       23403.9648
     222.000       23342.1113
     223.000       23339.8984
     224.000       23311.4277
     225.000       23247.5781
     226.000       23359.2617
     227.000       23397.4043
     228.000       23547.8145
     229.000       23162.3281
     230.000       23297.6426
     231.000       23624.8906
     232.000       23486.8066
     233.000       23322.8809
     234.000       23275.9629
     235.000       23481.5176
     236.000       23381.3672
     237.000       23418.6758
     238.000       23385.7480
     239.000       23334.7480
     240.000       23483.9980
     241.000       23432.1895
     242.000       23576.0625
     243.000       23445.1309
     244.000       23391.2930
     245.000       23411.6641
     246.000       23278.9668
     247.000       23491.7598
     248.000       23597.1113
     249.000       23369.5469
     250.000       23266.0195
     251.000       23379.3105
     252.000       23607.7676
     253.000       23621.9434
     254.000       23166.8320
     255.000       23604.0488
     256.000       23472.5508
     257.000       23338.2656
     258.000       23408.0059
     259.000       23360.1465
     260.000       23387.5273
     261.000       23345.7383
     262.000       23342.6602
     263.000       23598.5586
     264.000       23443.2344
     265.000       23836.7109
     266.000       23338.9414
     267.000       23390.8242
     268.000       23523.8926
     269.000       23491.6035
     270.000       23474.2598
     271.000       23408.7734
     272.000       23245.2461
     273.000       23344.3125
     274.000       23483.4121
     275.000       23471.5449
     276.000       23343.7500
     277.000       23422.9141
     278.000       23334.1543
     279.000       23359.3789
     280.000       23461.3535
     281.000       23108.0898
     282.000       23607.0078
     283.000       23471.1133
     284.000       23328.1230
     285.000       23503.4961
     286.000       23269.1758
     287.000       23582.4902
     288.000       23439.9375
     289.000       23349.3516
     290.000       23441.7773
     291.000       23360.9004
     292.000       23582.5859
     293.000       23562.6113
     294.000       23059.4648
     295.000       23509.8711
     296.000       23298.2559
     297.000       23502.7617
     298.000       23465.7734
     299.000       23485.3652
     300.000       23325.4141
     301.000       23439.0117
     302.000       23518.4277
     303.000       23365.0430
     304.000       23639.9629
     305.000       23447.6523
     306.000       23354.8223
     307.000       23243.7461
     308.000       23418.1406
     309.000       23450.1953
     310.000       23635.7891
     311.000       23401.0000
     312.000       23333.4453
     313.000       23342.4961
     314.000       23274.1758
     315.000       23540.2598
     316.000       23263.5098
     317.000       23272.3906
     318.000       23325.7559
     319.000       23335.5098
     320.000       23184.3086
     321.000       23473.1016
     322.000       23410.6465
     323.000       23458.3379
     324.000       23445.3555
     325.000       23378.9121
     326.000       23357.8027
     327.000       23389.5508
     328.000       23280.8574
     329.000       23346.0117
     330.000       23511.3926
     331.000       23357.4434
     332.000       23374.9688
     333.000       23448.9062
     334.000       23463.0332
     335.000       23347.6621
     336.000       23302.7988
     337.000       23318.3555
     338.000       23665.3008
     339.000       23655.7441
     340.000       23600.8027
     341.000       23481.6758
     342.000       23372.2344
     343.000       23666.2324
     344.000       23376.1504
     345.000       23285.2949
     346.000       23318.3828
     347.000       23193.9160
     348.000       23437.0156
     349.000       23423.5957
     350.000       23364.8477
     351.000       23670.8301
     352.000       23325.4648
     353.000       23725.1758
     354.000       23363.0410
     355.000       23419.9375
     356.000       23485.8594
     357.000       23294.7188
     358.000       23586.8848
     359.000       23452.1582
     360.000       23522.9609
     361.000       23367.2832
     362.000       23508.8164
     363.000       23233.2676
     364.000       23500.9238
     365.000       23583.3379
     366.000       23697.9668
     367.000       23399.7637
     368.000       23592.4922
     369.000       23415.8613
     370.000       23474.4375
     371.000       23307.1797
     372.000       23495.5605
     373.000       23181.5430
     374.000       23345.0176
     375.000       23344.6543
     376.000       23326.0898
     377.000       23296.8418
     378.000       23270.3398
     379.000       23411.4922
     380.000       23249.2031
     381.000       23417.4688
     382.000       23458.5195
     383.000       23501.0254
     384.000       23565.3027
     385.000       23284.6211
     386.000       23501.4902
     387.000       23239.9922
     388.000       23270.7344
     389.000       23210.6816
     390.000       23500.9297
     391.000       23251.9609
     392.000       23295.9414
     393.000       23569.5352
     394.000       23489.5215
     395.000       23219.7246
     396.000       23461.4707
     397.000       23583.1250
     398.000       23442.4512
     399.000       23580.6406
     400.000       23451.6289
     401.000       23315.7188
     402.000       23535.3984
     403.000       23206.1230
     404.000       23524.8398
     405.000       23383.1836
     406.000       23179.2363
     407.000       23347.9980
     408.000       23475.0820
     409.000       23412.1973
     410.000       23310.1797
     411.000       23578.7148
     412.000       23433.0703
     413.000       23416.8789
     414.000       23382.2305
     415.000       23273.9863
     416.000       23391.4570
     417.000       23360.7695
     418.000       23468.2734
     419.000       23432.3398
     420.000       23354.9980
     421.000       23189.8965
     422.000       23342.0879
     423.000       23248.8203
     424.000       23412.9922
     425.000       23515.0039
     426.000       23199.6602
     427.000       23257.7891
     428.000       23402.1797
     429.000       23353.9746
     430.000       23460.8770
     431.000       23430.6602
     432.000       23337.7676
     433.000       23627.5566
     434.000       23433.7148
     435.000       23313.6250
     436.000       23442.4102
     437.000       23276.5742
     438.000       23260.9941
     439.000       23473.5039
     440.000       23491.7246
     441.000       23112.9883
     442.000       23374.1348
     443.000       23376.6660
     444.000       23404.5586
     445.000       23246.2656
     446.000       23611.0547
     447.000       23313.3711
     448.000       23463.1426
     449.000       23397.6016
     450.000       23415.6348
     451.000       23378.2656
     452.000       23605.4551
     453.000       23605.2168
     454.000       23284.2129
     455.000       23455.0664
     456.000       23375.4629
     457.000       23185.4141
     458.000       23388.3711
     459.000       23456.5977
     460.000       23550.1523
     461.000       23455.3848
     462.000       23299.6309
     463.000       23408.0352
     464.000       23665.0898
     465.000       23455.6602
     466.000       23401.2109
     467.000       23575.1504
     468.000       23400.6719
     469.000       23258.7461
     470.000       23461.2598
     471.000       23344.8027
     472.000       23264.8457
     473.000       23340.9375
     474.000       23356.7793
     475.000       23264.7305
     476.000       23357.4707
     477.000       23381.1797
     478.000       23193.5352
     479.000       23568.6133
     480.000       23311.8477
     481.000       23420.8320
     482.000       23022.6992
     483.000       23320.1992
     484.000       23278.8027
     485.000       23478.7656
     486.000       23422.3496
     487.000       23489.0137
     488.000       23210.9883
     489.000       23357.2793
     490.000       23461.7500
     491.000       23228.2520
     492.000       23387.5391
     493.000       23521.3320
     494.000       23413.3965
     495.000       23214.4531
     496.000       23505.1211
     497.000       23371.3008
     498.000       23261.2559
     499.000       23380.3652
     500.000       23364.0098
     501.000       23444.8789
     502.000       23482.9668
     503.000       23358.3379
     504.000       23565.8379
     505.000       23492.4824
     506.000       23404.4199
     507.000       23285.8281
     508.000       23454.3184
     509.000       23634.4980
     510.000       23377.2852
     511.000       23085.1875
     512.000       23237.6816
     513.000       23638.1016
     514.000       23266.3379
     515.000       23287.0684
     516.000       23339.5996
     517.000       23404.9395
     518.000       23549.4883
     519.000       23404.2188
     520.000       23409.4883
     521.000       23583.5469
     522.000       23296.7246
     523.000       23293.5605
     524.000       23494.6211
     525.000       23601.0117
     526.000       23254.7441
     527.000       23414.1055
     528.000       23283.9453
     529.000       23526.5059
     530.000       23380.2129
     531.000       23602.7871
     532.000       23389.1328
     533.000       23418.6660
     534.000       23474.5586
     535.000       23133.8848
     536.000       23426.8008
     537.000       23580.8711
     538.000       23363.1348
     539.000       23168.6914
     540.000       23456.2031
     541.000       23348.8750
     542.000       23526.3398
     543.000       23427.7402
     544.000       23227.3574
     545.000       23605.1523
     546.000       23534.3438
     547.000       23448.4023
     548.000       23515.8066
     549.000       23510.5820
     550.000       23403.1230
     551.000       23469.9062
     552.000       23403.0215
     553.000       23160.6387
     554.000       23257.9043
     555.000       23532.0273
     556.000       23635.5000
     557.000       23296.6133
     558.000       23458.7754
     559.000       23189.8613
     560.000       23219.9180
     561.000       23493.2266
     562.000       23335.8633
     563.000       23501.4434
     564.000       23251.0078
     565.000       23361.2637
     566.000       23325.8750
     567.000       23504.4199
     568.000       23347.9668
     569.000       23388.4531
     570.000       23394.9551
     571.000       23402.7871
     572.000       23450.8887
     573.000       23501.2148
     574.000       23499.6855
     575.000       23493.6504
     576.000       23581.3711
     577.000       23438.2402
     578.000       23219.3906
     579.000       23494.6055
     580.000       23477.5117
     581.000       23466.8086
     582.000       23230.7734
     583.000       23299.2734
     584.000       23482.3945
     585.000       23347.0078
     586.000       23238.1699
     587.000       23409.8438
     588.000       23381.3457
     589.000       23404.5176
     590.000       23257.1719
     591.000       23364.3730
     592.000       23585.8691
     593.000       23538.4648
     594.000       23516.7676
     595.000       23341.1895
     596.000       23422.1660
     597.000       23396.4004
     598.000       23237.4980
     599.000       23287.3672
     600.000       23432.9043
     601.000       23261.0254
     602.000       23507.4336
     603.000       23325.7480
     604.000       23328.5879
     605.000       23428.8848
     606.000       23450.4316
     607.000       23480.7949
     608.000       23084.5352
     609.000       23439.3398
     610.000       23192.0703
     611.000       23277.3398
     612.000       23420.1953
     613.000       23476.9316
     614.000       23463.0664
     615.000       23381.0488
     616.000       23442.1309
     617.000       23368.4688
     618.000       23342.7383
     619.000       23482.4453
     620.000       23474.7363
     621.000       23308.8711
     622.000       23536.5898
     623.000       23271.6523
     624.000       23384.1875
     625.000       23635.8613
     626.000       23495.2246
     627.000       23364.7441
     628.000       23514.0469
     629.000       23384.6074
     630.000       23245.9453
     631.000       23324.9746
     632.000       23321.7734
     633.000       23424.2480
     634.000       23390.4219
     635.000       23270.0098
     636.000       23375.2969
     637.000       23531.8535
     638.000       23384.9180
     639.000       23389.6094
     640.000       23384.0195
     641.000       23353.1992
     642.000       23289.5117
     643.000       23534.3496
     644.000       23347.8887
     645.000       23565.7441
     646.000       23372.0215
     647.000       23371.4688
     648.000       23385.0234
     649.000       23434.4219
     650.000       23417.7285
     651.000       23407.0469
     652.000       23397.1797
     653.000       23465.2402
     654.000       23251.1953
     655.000       23161.1836
     656.000       23461.6211
     657.000       23256.2266
     658.000       23556.1992
     659.000       23268.4883
     660.000       23424.9004
     661.000       23521.0234
     662.000       23230.8984
     663.000       23313.3184
     664.000       23369.5469
     665.000       23492.0566
     666.000       23245.0234
     667.000       23524.5391
     668.000       23423.1191
     669.000       23403.8652
     670.000       23359.1562
     671.000       23557.5527
     672.000       23474.8672
     673.000       23376.0254
     674.000       23476.6953
     675.000       23419.3965
     676.000       23351.9141
     677.000       23411.7383
     678.000       23482.5820
     679.000       23439.8770
     680.000       23301.0957
     681.000       23366.0352
     682.000       23351.4453
     683.000       23484.0371
     684.000       23331.6328
     685.000       23217.3672
     686.000       23290.3906
     687.000       23481.0645
     688.000       23503.6445
     689.000       23606.6660
     690.000       23556.7871
     691.000       23415.5117
     692.000       23377.5762
     693.000       23333.8281
     694.000       23361.3340
     695.000       23373.5449
     696.000       23491.0078
     697.000       23603.3906
     698.000       23375.0703
     699.000       23391.5625
     700.000       23414.8984
     701.000       23524.7656
     702.000       23447.1934
     703.000       23345.2969
     704.000       23330.4473
     705.000       23193.4570
     706.000       23431.0000
     707.000       23363.3359
     708.000       23502.6973
     709.000       23542.7910
     710.000       23609.8359
     711.000       23445.9570
     712.000       23383.1953
     713.000       23316.6543
     714.000       23469.2070
     715.000       23432.7676
     716.000       23422.6641
     717.000       23580.7637
     718.000       23463.7246
     719.000       23413.3457
     720.000       23404.5371
     721.000       23349.3574
     722.000       23453.1309
     723.000       23511.5293
     724.000       23343.2988
     725.000       23447.1738
     726.000       23411.7305
     727.000       23482.4180
     728.000       23376.0957
     729.000       23564.0703
     730.000       23392.8418
     731.000       23377.3340
     732.000       23444.4375
     733.000       23312.7656
     734.000       23408.4883
     735.000       23466.5664
     736.000       23442.0059
     737.000       23241.3398
     738.000       23345.2832
     739.000       23276.2949
     740.000       23373.3672
     741.000       23589.2031
     742.000       23519.3945
     743.000       23565.4941
     744.000       23371.2832
     745.000       23314.2383
     746.000       23420.7754
     747.000       23507.3652
     748.000       23414.7832
     749.000       23218.4688
     750.000       23428.5898
     751.000       23454.3691
     752.000       23370.5234
     753.000       23295.0527
     754.000       23401.7129
     755.000       23431.9668
     756.000       23463.6895
     757.000       23394.3203
     758.000       23536.9043
     759.000       23352.7852
     760.000       23294.1699
     761.000       23428.6719
     762.000       23211.0273
     763.000       23220.1504
     764.000       23325.5957
     765.000       23472.1426
     766.000       23228.7988
     767.000       23093.8984
     768.000       23435.4590
     769.000       23401.1973
     770.000       23461.4297
     771.000       23359.9238
     772.000       23580.2480
     773.000       23287.6758
     774.000       23553.2480
     775.000       23483.3125
     776.000       23466.0176
     777.000       23074.2363
     778.000       23594.3633
     779.000       23348.5430
     780.000       23670.3574
     781.000       23519.8027
     782.000       23286.2988
     783.000       23297.8594
     784.000       23425.9492
     785.000       23648.4160
     786.000       23248.2969
     787.000       23372.2812
     788.000       23329.8945
     789.000       23617.1016
     790.000       23608.4922
     791.000       23477.7129
     792.000       23320.7070
     793.000       23414.0508
     794.000       23406.2910
     795.000       23497.6953
     796.000       23408.1719
     797.000       23396.8496
     798.000       23296.4961
     799.000       23333.5898
     800.000       23392.0723
     801.000       23467.5059
     802.000       23534.5547
     803.000       23523.9453
     804.000       23386.0059
     805.000       23416.1191
     806.000       23699.6289
     807.000       23347.9082
     808.000       23555.8730
     809.000       23628.0762
     810.000       23303.7344
     811.000       23664.5664
     812.000       23264.1035
     813.000       23561.7129
     814.000       23545.2285
     815.000       23383.8984
     816.000       23371.4824
     817.000       23571.7969
     818.000       23445.6309
     819.000       23415.9941
     820.000       23585.7422
     821.000       23413.9688
     822.000       23511.0879
     823.000       23471.4922
     824.000       23230.5879
     825.000       23410.9746
     826.000       23382.8906
     827.000       23498.9023
     828.000       23440.3125
     829.000       23488.3711
     830.000       23251.0801
     831.000       23477.3320
     832.000       23287.2910
     833.000       23249.1035
     834.000       23512.4609
     835.000       23403.3438
     836.000       23351.9883
     837.000       23198.2988
     838.000       23384.1895
     839.000       23363.3984
     840.000       23256.3477
     841.000       23422.0410
     842.000       23625.0449
     843.000       23396.3633
     844.000       23392.7793
     845.000       23476.2734
     846.000       23317.8047
     847.000       23505.4551
     848.000       23466.4062
     849.000       23307.3809
     850.000       23297.8320
     851.000       23431.1738
     852.000       23274.6816
     853.000       23489.8105
     854.000       23162.2637
     855.000       23208.1855
     856.000       23325.5352
     857.000       23448.3301
     858.000       23604.8496
     859.000       23371.6582
     860.000       23414.2109
     861.000       23516.6602
     862.000       23508.4199
     863.000       23358.0254
     864.000       23349.7227
     865.000       23480.6055
     866.000       23447.2734
     867.000       23451.4336
     868.000       23523.8281
     869.000       23265.8848
     870.000       23331.3613
     871.000       23504.1523
     872.000       23390.4609
     873.000       23549.9883
     874.000       23483.4531
     875.000       23390.6035
     876.000       23517.3555
     877.000       23323.3145
     878.000       23555.0215
     879.000       23352.1641
     880.000       23262.8770
     881.000       23393.0234
     882.000       23170.4922
     883.000       23454.8809
     884.000       23598.0215
     885.000       23465.9648
     886.000       23469.9434
     887.000       23504.2617
     888.000       23417.2285
     889.000       23420.0000
     890.000       23495.3184
     891.000       23450.7168
     892.000       23385.5527
     893.000       23399.5508
     894.000       23408.3730
     895.000       23351.1094
     896.000       23416.9980
     897.000       23281.0664
     898.000       23457.6113
     899.000       23441.3301
     900.000       23564.2500
     901.000       23424.9609
     902.000       23509.7520
     903.000       23261.2461
     904.000       23210.0586
     905.000       23447.1328
     906.000       23482.4941
     907.000       23371.2227
     908.000       23305.7617
     909.000       23481.6328
     910.000       23362.1133
     911.000       23263.7910
     912.000       23524.3105
     913.000       23335.7520
     914.000       23443.9375
     915.000       23479.8047
     916.000       23346.5410
     917.000       23411.8086
     918.000       23409.2695
     919.000       23549.7773
     920.000       23448.9531
     921.000       23508.1465
     922.000       23427.9453
     923.000       23474.7578
     924.000       23452.0508
     925.000       23270.8867
     926.000       23248.3164
     927.000       23352.4512
     928.000       23354.5156
     929.000       23356.8320
     930.000       23465.9219
     931.000       23734.5684
     932.000       23436.8574
     933.000       23544.2246
     934.000       23453.6387
     935.000       23496.9766
     936.000       23374.8789
     937.000       23385.2051
     938.000       23377.7715
     939.000       23233.2480
     940.000       23327.1230
     941.000       23374.2734
     942.000       23564.6113
     943.000       23291.0176
     944.000       23559.0859
     945.000       23262.1289
     946.000       23217.2910
     947.000       23467.6191
     948.000       23321.3828
     949.000       23501.4961
     950.000       23324.6113
     951.000       23581.8828
     952.000       23579.7793
     953.000       23560.5879
     954.000       23426.7617
     955.000       23426.4238
     956.000       23402.3047
     957.000       23384.7109
     958.000       23351.8789
     959.000       23419.5254
     960.000       23413.9688
     961.000       23466.8828
     962.000       23312.5254
     963.000       23428.4805
     964.000       23210.5352
     965.000       23491.0488
     966.000       23246.6035
     967.000       23381.6953
     968.000       23320.8633
     969.000       23095.0977
     970.000       23463.6152
     971.000       23492.5098
     972.000       23246.0469
     973.000       23143.9902
     974.000       23262.3516
     975.000       23441.0156
     976.000       23523.6816
     977.000       23575.3555
     978.000       23399.0781
     979.000       23379.3594
     980.000       23304.3711
     981.000       23275.7734
     982.000       23355.7383
     983.000       23662.3301
     984.000       23645.1973
     985.000       23593.7168
     986.000       23339.0625
     987.000       23395.6113
     988.000       23368.4297
     989.000       23640.3945
     990.000       23428.0039
     991.000       23250.7422
     992.000       23697.3242
     993.000       23458.7363
     994.000       23331.2852
     995.000       23407.5078
     996.000       23252.2637
     997.000       23308.3398
     998.000       23482.9688
     999.000       23193.5059
    1000.000       23165.7559
    1001.000       23229.5742
    1002.000       23453.9062
    1003.000       23532.5977
    1004.000       23350.6211
    1005.000       23356.4805
    1006.000       23337.2090
    1007.000       23378.0859
    1008.000       23384.8906
    1009.000       23320.1719
    1010.000       23554.7930
    1011.000       23376.3223
    1012.000       23529.6523
    1013.000       23483.7109
    1014.000       23333.0898
    1015.000       23363.4297
    1016.000       23426.9492
    1017.000       23444.4609
    1018.000       23190.8203
    1019.000       23374.8828
    1020.000       23440.2773
    1021.000       23492.6562
    1022.000       23330.7402
    1023.000       23550.6953
    1024.000       23312.5664
    1025.000       23585.4629
    1026.000       23631.6523
    1027.000       23356.7031
    1028.000       23361.6641
    1029.000       23437.9805
    1030.000       23366.0254
    1031.000       23337.5684
    1032.000       23385.2500
    1033.000       23625.5352
    1034.000       23412.7852
    1035.000       23421.7246
    1036.000       23276.0215
    1037.000       23288.3125
    1038.000       23556.9180
    1039.000       23369.7051
    1040.000       23569.3965
    1041.000       23274.5566
    1042.000       23236.2891
    1043.000       23588.6680
    1044.000       23740.9727
    1045.000       23448.9141
    1046.000       23852.6914
    1047.000       23354.5020
    1048.000       23403.1777
    1049.000       23512.2480
    1050.000       23346.3770
    1051.000       23263.4727
    1052.000       23274.3652
    1053.000       23332.1719
    1054.000       23497.3105
    1055.000       23555.4023
    1056.000       23548.8984
    1057.000       23285.4883
    1058.000       23201.6523
    1059.000       23451.4766
    1060.000       23550.4629
    1061.000       23269.5430
    1062.000       23424.0723
    1063.000       23306.1719
    1064.000       23432.2031
    1065.000       23294.9043
    1066.000       23198.0234
    1067.000       23286.3281
    1068.000       23418.5996
    1069.000       23304.0859
    1070.000       23521.6426
    1071.000       23475.2246
    1072.000       23189.5801
    1073.000       23424.3711
    1074.000       23473.2480
    1075.000       23440.8223
    1076.000       23314.8086
    1077.000       23301.8594
    1078.000       23511.7051
    1079.000       23440.2773
    1080.000       23429.2266
    1081.000       23232.1074
    1082.000       23433.3516
    1083.000       23400.0020
    1084.000       23420.7031
    1085.000       23426.0371
    1086.000       23449.6680
    1087.000       23373.5938
    1088.000       23238.6934
    1089.000       23446.8320
    1090.000       23276.2949
    1091.000       23485.1113
    1092.000       23755.6113
    1093.000       23169.5293
    1094.000       23388.9844
    1095.000       23376.5020
    1096.000       23548.2656
    1097.000       23607.0527
    1098.000       23427.5664
    1099.000       23395.6738
    1100.000       23404.5293
    1101.000       23424.8906
    1102.000       23367.3594
    1103.000       23368.8125
    1104.000       23339.0234
    1105.000       23402.1445
    1106.000       23469.3887
    1107.000       23234.7148
    1108.000       23485.5625
    1109.000       23148.4492
    1110.000       23295.8281
    1111.000       23626.4531
    1112.000       23349.6426
    1113.000       23412.7949
    1114.000       23376.2832
    1115.000       23494.2832
    1116.000       23376.0469
    1117.000       23425.2207
    1118.000       23222.8457
    1119.000       23277.7324
    1120.000       23343.0723
    1121.000       23555.0156
    1122.000       23384.5957
    1123.000       23321.1621
    1124.000       23663.4316
    1125.000       23462.2344
    1126.000       23271.7891
    1127.000       23451.5137
    1128.000       23411.1211
    1129.000       23629.3711
    1130.000       23408.1582
    1131.000       23532.4609
    1132.000       23344.7305
    1133.000       23301.5254
    1134.000       23385.1250
    1135.000       23496.4121
    1136.000       23371.4297
    1137.000       23350.7344
    1138.000       23497.7070
    1139.000       23346.3418
    1140.000       23362.2715
    1141.000       23413.8027
    1142.000       23398.8086
    1143.000       23382.9863
    1144.000       23428.7090
    1145.000       23337.8750
    1146.000       23539.4375
    1147.000       23502.9473
    1148.000       23443.3926
    1149.000       23414.0508
    1150.000       23560.2207
    1151.000       23532.0605
    1152.000       23205.9102
    1153.000       23133.2695
    1154.000       23505.1836
    1155.000       23363.4336
    1156.000       23551.4355
    1157.000       23407.0234
    1158.000       23278.0059
    1159.000       23171.0352
    1160.000       23308.0977
    1161.000       23190.5039
    1162.000       23400.8867
    1163.000       23527.5371
    1164.000       23506.3613
    1165.000       23359.0605
    1166.000       23486.4336
    1167.000       23469.1348
    1168.000       23321.6973
    1169.000       23408.3340
    1170.000       23444.3652
    1171.000       23599.1191
    1172.000       23524.0410
    1173.000       23326.4316
    1174.000       23526.1426
    1175.000       23308.4023
    1176.000       23513.9219
    1177.000       23449.4766
    1178.000       23311.6152
    1179.000       23343.2871
    1180.000       23523.6504
    1181.000       23532.1074
    1182.000       23533.9863
    1183.000       23417.5098
    1184.000       23499.6875
    1185.000       23435.2422
    1186.000       23471.0723
    1187.000       23353.5059
    1188.000       23354.7148
    1189.000       23412.4473
    1190.000       23466.7227
    1191.000       23572.0312
    1192.000       23355.8535
    1193.000       23417.2031
    1194.000       23511.3789
    1195.000       23338.0820
    1196.000       23559.4824
    1197.000       23372.1133
    1198.000       23454.2988
    1199.000       23422.7676
    1200.000       23584.4473
    1201.000       23404.9453
    1202.000       23575.2871
    1203.000       23461.7637
    1204.000       23508.3906
    1205.000       23450.8164
    1206.000       23757.3516
    1207.000       23495.6719
    1208.000       23546.8340
    1209.000       23339.3477
    1210.000       23400.7793
    1211.000       23352.5742
    1212.000       23352.3184
    1213.000       23466.5859
    1214.000       23326.3652
    1215.000       23192.0195
    1216.000       23404.4277
    1217.000       23451.0508
    1218.000       23522.3301
    1219.000       23355.6895
    1220.000       23356.9824
    1221.000       23388.1738
    1222.000       23250.0605
    1223.000       23426.4082
    1224.000       23229.6094
    1225.000       23326.7891
    1226.000       23294.5703
    1227.000       23476.5371
    1228.000       23390.5195
    1229.000       23582.0410
    1230.000       23358.9023
    1231.000       23390.9082
    1232.000       23334.0957
    1233.000       23376.9316
    1234.000       23334.8086
    1235.000       23359.4141
    1236.000       23386.8789
    1237.000       23419.0000
    1238.000       23323.1914
    1239.000       23291.2500
    1240.000       23483.7109
    1241.000       23419.1641
    1242.000       23342.3828
    1243.000       23273.1641
    1244.000       23344.9453
    1245.000       23576.0469
    1246.000       23436.5273
    1247.000       23198.1602
    1248.000       23464.2930
    1249.000       23422.4805
    1250.000       23688.0547
    1251.000       23477.3398
    1252.000       23278.4355
    1253.000       23371.5312
    1254.000       23483.2441
    1255.000       23365.5273
    1256.000       23581.8828
    1257.000       23439.4902
    1258.000       23233.2422
    1259.000       23589.6699
    1260.000       23485.0273
    1261.000       23307.6191
    1262.000       23416.6426
    1263.000       23449.0273
    1264.000       23341.3320
    1265.000       23294.3750
    1266.000       23463.4512
    1267.000       23496.1680
    1268.000       23313.8340
    1269.000       23445.2129
    1270.000       23363.8242
    1271.000       23576.6211
    1272.000       23462.1445
    1273.000       23273.5879
    1274.000       23266.6484
    1275.000       23375.0645
    1276.000       23289.5312
    1277.000       23540.7734
    1278.000       23455.6211
    1279.000       23415.6562
    1280.000       23547.3633
    1281.000       23279.9238
    1282.000       23260.7695
    1283.000       23332.0371
    1284.000       23403.3203
    1285.000       23633.5723
    1286.000       23624.6758
    1287.000       23484.5527
    1288.000       23415.7441
    1289.000       23611.6855
    1290.000       23409.1348
    1291.000       23384.2656
    1292.000       23361.7695
    1293.000       23428.5957
    1294.000       23545.9863
    1295.000       23151.6758
    1296.000       23288.3652
    1297.000       23514.5605
    1298.000       23297.5137
    1299.000       23477.7559
    1300.000       23412.1094
    1301.000       23512.1738
    1302.000       23279.1211
    1303.000       23406.9688
    1304.000       23378.5879
    1305.000       23127.5723
    1306.000       23341.9160
    1307.000       23474.7129
    1308.000       23443.1465
    1309.000       23449.9551
    1310.000       23416.2109
    1311.000       23542.9766
    1312.000       23502.2695
    1313.000       23512.7637
    1314.000       23418.7402
    1315.000       23482.4707
    1316.000       23521.0117
    1317.000       23509.8418
    1318.000       23463.1309
    1319.000       23402.1113
    1320.000       23351.5195
    1321.000       23433.8359
    1322.000       23412.3496
    1323.000       23491.2285
    1324.000       23336.8672
    1325.000       23685.2969
    1326.000       23467.3867
    1327.000       23483.8066
    1328.000       23495.4023
    1329.000       23309.2500
    1330.000       23561.1113
    1331.000       23195.7773
    1332.000       23382.1582
    1333.000       23329.6289
    1334.000       23555.4668
    1335.000       23245.9922
    1336.000       23576.0039
    1337.000       23344.8535
    1338.000       23458.3496
    1339.000       23331.3770
    1340.000       23421.1230
    1341.000       23407.2891
    1342.000       23548.9570
    1343.000       23218.0000
    1344.000       23445.1797
    1345.000       23297.0645
    1346.000       23460.9844
    1347.000       23228.5273
    1348.000       23424.6758
    1349.000       23522.8281
    1350.000       23419.8223
    1351.000       23289.1973
    1352.000       23360.5586
    1353.000       23377.8027
    1354.000       23326.2305
    1355.000       23608.6445
    1356.000       23532.8594
    1357.000       23290.2500
    1358.000       23474.5488
    1359.000       23508.7402
    1360.000       23616.0801
    1361.000       23404.4102
    1362.000       23252.4297
    1363.000       23504.9375
    1364.000       23429.5664
    1365.000       23460.7793
    1366.000       23258.9062
    1367.000       23363.4375
    1368.000       23538.5039
    1369.000       23526.3242
    1370.000       23333.5938
    1371.000       23357.8086
    1372.000       23531.8945
    1373.000       23520.0527
    1374.000       23429.8555
    1375.000       23374.3086
    1376.000       23336.9473
    1377.000       23460.2559
    1378.000       23581.7969
    1379.000       23258.1523
    1380.000       23102.1797
    1381.000       23494.6543
    1382.000       23538.8535
    1383.000       23325.6289
    1384.000       23377.7656
    1385.000       23331.1270
    1386.000       23292.8516
    1387.000       23158.8711
    1388.000       23274.4453
    1389.000       23441.0176
    1390.000       23508.9668
    1391.000       23454.3340
    1392.000       23456.8652
    1393.000       23341.0039
    1394.000       23334.0703
    1395.000       23305.2734
    1396.000       23476.7285
    1397.000       23351.8184
    1398.000       23608.0215
    1399.000       23288.9102
    1400.000       23341.1895
    1401.000       23625.4297
    1402.000       23348.4258
    1403.000       23550.6816
    1404.000       23567.0234
    1405.000       23358.5938
    1406.000       23486.5664
    1407.000       23378.8223
    1408.000       23629.3398
    1409.000       23283.2773
    1410.000       23279.3984
    1411.000       23545.1602
    1412.000       23552.3359
    1413.000       23509.4727
    1414.000       23434.3281
    1415.000       23448.1016
    1416.000       23364.1992
    1417.000       23326.7246
    1418.000       23317.7969
    1419.000       23394.7422
    1420.000       23473.6211
    1421.000       23607.6445
    1422.000       23405.2988
    1423.000       23276.6758
    1424.000       23364.6113
    1425.000       23361.5703
    1426.000       23380.7168
    1427.000       23303.2520
    1428.000       23408.8281
    1429.000       23315.6875
    1430.000       23246.0547
    1431.000       23446.8750
    1432.000       23838.8906
    1433.000       23512.0898
    1434.000       23319.8672
    1435.000       23475.5762
    1436.000       23504.2734
    1437.000       23207.3906
    1438.000       23528.7031
    1439.000       23277.6309
    1440.000       23551.1562
    1441.000       23087.3184
    1442.000       23552.3672
    1443.000       23292.4062
    1444.000       23443.2168
    1445.000       23626.7070
    1446.000       23285.8242
    1447.000       23321.0938
    1448.000       23289.3398
    1449.000       23441.9258
    1450.000       23447.8535
    1451.000       23552.8867
    1452.000       23329.0645
    1453.000       23539.2500
    1454.000       23260.9375
    1455.000       23360.0977
    1456.000       23448.5195
    1457.000       23403.3242
    1458.000       23714.7383
    1459.000       23416.0156
    1460.000       23323.6680
    1461.000       23457.2910
    1462.000       23401.1367
    1463.000       23460.0781
    1464.000       23419.7617
    1465.000       23285.0664
    1466.000       23395.3008
    1467.000       23311.4395
    1468.000       23386.6367
    1469.000       23303.9551
    1470.000       23302.4453
    1471.000       23419.6992
    1472.000       23422.4668
    1473.000       23359.4551
    1474.000       23491.1641
    1475.000       23376.2148
    1476.000       23481.1367
    1477.000       23448.2949
    1478.000       23381.4883
    1479.000       23410.7363
    1480.000       23253.5820
    1481.000       23432.0215
    1482.000       23611.0020
    1483.000       23543.0156
    1484.000       23391.7363
    1485.000       23571.3281
    1486.000       23590.5977
    1487.000       23313.0781
    1488.000       23485.2910
    1489.000       23386.6660
    1490.000       23571.6035
    1491.000       23411.8066
    1492.000       23372.5215
    1493.000       23681.3477
    1494.000       23587.6934
    1495.000       23309.3457
    1496.000       23298.7285
    1497.000       23288.6602
    1498.000       23391.0840
    1499.000       23355.9355
    1500.000       23248.5664
    1501.000       23329.8574
    1502.000       23399.6445
    1503.000       23319.1426
    1504.000       23353.8750
    1505.000       23407.7949
    1506.000       23312.2051
    1507.000       23365.6328
    1508.000       23431.3691
    1509.000       23379.6230
    1510.000       23272.5098
    1511.000       23597.0898
    1512.000       23079.4180
    1513.000       23306.8867
    1514.000       23359.9160
    1515.000       23280.2598
    1516.000       23356.1914
    1517.000       23325.9375
    1518.000       23350.3926
    1519.000       23474.6074
    1520.000       23457.3496
    1521.000       23544.4785
    1522.000       23567.5059
    1523.000       23522.7578
    1524.000       23357.6113
    1525.000       23449.0820
    1526.000       23257.3164
    1527.000       23373.1699
    1528.000       23346.8633
    1529.000       23377.5977
    1530.000       23375.2188
    1531.000       23432.0059
    1532.000       23514.7637
    1533.000       23520.2695
    1534.000       23438.2129
    1535.000       23395.6523
    1536.000       23413.4766
    1537.000       23451.3574
    1538.000       23501.2148
    1539.000       23559.3418
    1540.000       23357.6816
    1541.000       23545.5234
    1542.000       23117.0000
    1543.000       23335.6133
    1544.000       23257.0000
    1545.000       23320.5039
    1546.000       23540.3770
    1547.000       23157.0020
    1548.000       23234.0195
    1549.000       23405.3691
    1550.000       23330.6914
    1551.000       23373.3184
    1552.000       23382.6602
    1553.000       23488.5039
    1554.000       23342.0977
    1555.000       23466.3457
    1556.000       23622.7344
    1557.000       23405.1426
    1558.000       23481.4805
    1559.000       23445.6582
    1560.000       23431.1348
    1561.000       23471.6172
    1562.000       23652.5098
    1563.000       23661.7148
    1564.000       23414.5801
    1565.000       23256.4141
    1566.000       23402.6895
    1567.000       23482.6797
    1568.000       23718.2656
    1569.000       23534.4707
    1570.000       23371.5117
    1571.000       23650.3262
    1572.000       23290.9121
    1573.000       23426.5059
    1574.000       23429.0977
    1575.000       23358.2617
    1576.000       23339.6934
    1577.000       23508.8750
    1578.000       23414.1816
    1579.000       23427.7773
    1580.000       23454.7559
    1581.000       23377.1289
    1582.000       23316.5527
    1583.000       23557.0605
    1584.000       23402.1367
    1585.000       23575.8438
    1586.000       23281.8672
    1587.000       23501.3320
    1588.000       23767.4043
    1589.000       23451.9180
    1590.000       23387.4590
    1591.000       23353.6074
    1592.000       23465.3184
    1593.000       23350.7754
    1594.000       23562.6543
    1595.000       23406.3398
    1596.000       23414.3867
    1597.000       23094.5977
    1598.000       23462.0645
    1599.000       22988.8457
    1600.000       23264.0762
    1601.000       23688.8945
    1602.000       23451.6348
    1603.000       23220.3789
    1604.000       23433.1211
    1605.000       23337.4941
    1606.000       23529.7734
    1607.000       23446.8184
    1608.000       23201.4883
    1609.000       23567.8633
    1610.000       23508.7305
    1611.000       23389.3164
    1612.000       23422.7070
    1613.000       23689.5410
    1614.000       23543.0801
    1615.000       23398.4258
    1616.000       23401.7852
    1617.000       23239.2637
    1618.000       23452.0312
    1619.000       23383.4590
    1620.000       23439.9277
    1621.000       23265.9746
    1622.000       23580.6953
    1623.000       23427.5352
    1624.000       23524.7070
    1625.000       23471.0098
    1626.000       23452.2031
    1627.000       23497.4414
    1628.000       23560.6387
    1629.000       23487.2324
    1630.000       23511.0566
    1631.000       23467.8809
    1632.000       23335.9414
    1633.000       23488.7676
    1634.000       23470.6113
    1635.000       23613.3496
    1636.000       23360.1191
    1637.000       23372.8086
    1638.000       23511.1367
    1639.000       23336.1094
    1640.000       23400.5156
    1641.000       23506.8887
    1642.000       23507.5781
    1643.000       23430.6680
    1644.000       23273.6035
    1645.000       23326.8516
    1646.000       23361.9121
    1647.000       23332.9023
    1648.000       23533.0273
    1649.000       23560.3262
    1650.000       23551.5312
    1651.000       23445.2852
    1652.000       23232.8145
    1653.000       23504.0742
    1654.000       23455.8125
    1655.000       23294.8320
    1656.000       23569.2441
    1657.000       23457.6641
    1658.000       23532.6797
    1659.000       23392.3633
    1660.000       23545.4902
    1661.000       23574.3535
    1662.000       23238.2637
    1663.000       23365.6172
    1664.000       23486.2422
    1665.000       23429.9062
    1666.000       23457.9004
    1667.000       23342.1602
    1668.000       23453.2754
    1669.000       23166.5586
    1670.000       23359.0605
    1671.000       23325.3477
    1672.000       23533.9727
    1673.000       23359.5645
    1674.000       23479.6328
    1675.000       23349.0273
    1676.000       23505.2715
    1677.000       23270.6328
    1678.000       23275.6309
    1679.000       23353.5488
    1680.000       23484.1855
    1681.000       23578.3789
    1682.000       23316.7891
    1683.000       23328.4805
    1684.000       23532.5527
    1685.000       23522.7383
    1686.000       23508.7148
    1687.000       23625.8750
    1688.000       23535.7676
    1689.000       23486.5078
    1690.000       23467.4375
    1691.000       23342.2305
    1692.000       23261.9570
    1693.000       23472.0859
    1694.000       23458.8965
    1695.000       23279.7871
    1696.000       23221.1152
    1697.000       23770.1719
    1698.000       23400.3066
    1699.000       23386.6934
    1700.000       23403.2734
    1701.000       23579.4102
    1702.000       23416.2832
    1703.000       23394.5254
    1704.000       23386.5625
    1705.000       23573.8691
    1706.000       23204.4785
    1707.000       23401.8633
    1708.000       23223.7910
    1709.000       23493.4316
    1710.000       23587.7461
    1711.000       23424.5977
    1712.000       23382.2070
    1713.000       23473.0254
    1714.000       23340.0527
    1715.000       23373.7168
    1716.000       23376.7617
    1717.000       23624.0410
    1718.000       23366.7461
    1719.000       23281.8730
    1720.000       23330.2715
    1721.000       23424.2754
    1722.000       23348.5898
    1723.000       23236.0645
    1724.000       23374.5547
    1725.000       23412.0801
    1726.000       23549.6113
    1727.000       23388.4785
    1728.000       23255.8477
    1729.000       23543.3047
    1730.000       23272.9980
    1731.000       23412.1406
    1732.000       23395.5059
    1733.000       23276.3125
    1734.000       23517.3867
    1735.000       23436.0039
    1736.000       23221.8848
    1737.000       23464.9277
    1738.000       23085.3652
    1739.000       23533.6172
    1740.000       23530.3750
    1741.000       23417.5742
    1742.000       23409.6953
    1743.000       23307.1953
    1744.000       23488.6230
    1745.000       23432.1953
    1746.000       23432.7637
    1747.000       23288.0000
    1748.000       23530.3555
    1749.000       23270.6133
    1750.000       23567.6621
    1751.000       23454.9766
    1752.000       23075.2070
    1753.000       23545.2402
    1754.000       23505.1738
    1755.000       23456.0547
    1756.000       23369.9922
    1757.000       23519.5898
    1758.000       23422.8164
    1759.000       23429.3906
    1760.000       23585.6445
    1761.000       23234.4180
    1762.000       23327.3242
    1763.000       23388.4590
    1764.000       23336.9980
    1765.000       23522.8496
    1766.000       23505.5762
    1767.000       23419.1250
    1768.000       23265.6582
    1769.000       23449.1914
    1770.000       23445.6562
    1771.000       23600.3613
    1772.000       23548.0859
    1773.000       23337.1973
    1774.000       23512.2402
    1775.000       23290.8867
    1776.000       23222.4648
    1777.000       23457.1699
    1778.000       23338.6934
    1779.000       23194.6211
    1780.000       23301.0137
    1781.000       23331.2305
    1782.000       23304.1699
    1783.000       23585.7090
    1784.000       23403.9473
    1785.000       23320.2188
    1786.000       23555.7832
    1787.000       23502.4531
    1788.000       23394.8184
    1789.000       23469.9531
    1790.000       23502.7910
    1791.000       23498.8203
    1792.000       23450.1738
    1793.000       23449.6484
    1794.000       23410.9355
    1795.000       23419.9473
    1796.000       23476.7148
    1797.000       23235.8203
    1798.000       23311.7891
    1799.000       23385.5234
    1800.000       23654.0996
    1801.000       23392.3770
    1802.000       23455.0801
    1803.000       23548.9082
    1804.000       23294.6445
    1805.000       23318.2852
    1806.000       23171.3633
    1807.000       23447.1113
    1808.000       23084.5840
    1809.000       23410.6875
    1810.000       23457.5977
    1811.000       23486.7031
    1812.000       23506.4355
    1813.000       23317.8457
    1814.000       23504.1445
    1815.000       23527.2363
    1816.000       23412.3438
    1817.000       23561.3672
    1818.000       23311.9375
    1819.000       23498.4707
    1820.000       23157.0312
    1821.000       23412.3906
    1822.000       23412.2793
    1823.000       23650.4121
    1824.000       23301.5547
    1825.000       23489.5508
    1826.000       23464.7656
    1827.000       23431.1582
    1828.000       23350.3320
    1829.000       23353.3125
    1830.000       23491.1367
    1831.000       23525.7734
    1832.000       23506.9062
    1833.000       23546.5020
    1834.000       23348.6328
    1835.000       23329.0723
    1836.000       23462.6523
    1837.000       23321.1816
    1838.000       23479.1719
    1839.000       23369.6211
    1840.000       23380.7617
    1841.000       23511.6328
    1842.000       23252.7305
    1843.000       23285.1816
    1844.000       23431.1660
    1845.000       23259.6406
    1846.000       23499.1680
    1847.000       23519.1074
    1848.000       23539.7461
    1849.000       23548.8457
    1850.000       23465.5938
    1851.000       23475.3594
    1852.000       23509.8945
    1853.000       23600.2969
    1854.000       23416.2090
    1855.000       23513.5410
    1856.000       23442.7285
    1857.000       23456.7344
    1858.000       23401.6465
    1859.000       23515.1250
    1860.000       23404.5723
    1861.000       23536.0293
    1862.000       23466.7441
    1863.000       23343.8340
    1864.000       23218.7344
    1865.000       23436.9258
    1866.000       23303.7051
    1867.000       23377.6699
    1868.000       23573.8828
    1869.000       23343.6523
    1870.000       23308.8320
    1871.000       23383.7480
    1872.000       23549.8965
    1873.000       23255.7832
    1874.000       23355.1973
    1875.000       23290.2969
    1876.000       23381.2012
    1877.000       23400.4609
    1878.000       23574.7305
    1879.000       23482.4492
    1880.000       23400.9258
    1881.000       23643.4883
    1882.000       23318.0977
    1883.000       23241.9141
    1884.000       23280.9395
    1885.000       23355.8164
    1886.000       23288.5723
    1887.000       23470.8594
    1888.000       23181.7969
    1889.000       23621.7852
    1890.000       23405.5391
    1891.000       23528.9805
    1892.000       23621.2188
    1893.000       23523.3535
    1894.000       23209.3945
    1895.000       23695.4844
    1896.000       23318.8906
    1897.000       23322.7480
    1898.000       23351.4590
    1899.000       23548.9941
    1900.000       23306.2637
    1901.000       23565.6445
    1902.000       23375.4336
    1903.000       23734.8184
    1904.000       23360.1445
    1905.000       23164.9141
    1906.000       23347.0977
    1907.000       23379.9297
    1908.000       23559.1465
    1909.000       23278.1875
    1910.000       23426.5059
    1911.000       23497.5586
    1912.000       23462.6582
    1913.000       23223.8086
    1914.000       23490.9531
    1915.000       23300.3887
    1916.000       23323.3027
    1917.000       23274.8711
    1918.000       23493.6465
    1919.000       23363.4473
    1920.000       23286.4980
    1921.000       23405.6035
    1922.000       23265.0137
    1923.000       23228.8008
    1924.000       23580.2852
    1925.000       23205.0898
    1926.000       23501.2051
    1927.000       23548.4121
    1928.000       23452.4004
    1929.000       23181.3301
    1930.000       23281.4805
    1931.000       23406.4160
    1932.000       23406.0898
    1933.000       23303.2168
    1934.000       23241.8789
    1935.000       23395.3320
    1936.000       23438.3379
    1937.000       23409.6211
    1938.000       23423.1719
    1939.000       23433.0000
    1940.000       23392.2695
    1941.000       23464.6973
    1942.000       23315.7656
    1943.000       23530.9160
    1944.000       23415.6953
    1945.000       23390.5059
    1946.000       23307.4199
    1947.000       23482.1992
    1948.000       23470.6133
    1949.000       23397.9941
    1950.000       23272.2383
    1951.000       23382.2656
    1952.000       23389.3398
    1953.000       23370.6504
    1954.000       23528.7090
    1955.000       23348.9062
    1956.000       23361.7207
    1957.000       23530.7324
    1958.000       23485.3555
    1959.000       23222.2559
    1960.000       23487.5684
    1961.000       23444.4219
    1962.000       23596.1426
    1963.000       23548.8027
    1964.000       23488.0410
    1965.000       23098.7891
    1966.000       23290.2031
    1967.000       23558.7461
    1968.000       23474.3379
    1969.000       23476.7422
    1970.000       23532.4492
    1971.000       23353.3633
    1972.000       23457.0703
    1973.000       23502.5703
    1974.000       23464.1523
    1975.000       23308.0625
    1976.000       23442.5859
    1977.000       23313.4629
    1978.000       23334.8477
    1979.000       23426.8477
    1980.000       23420.8418
    1981.000       23327.0039
    1982.000       23344.2480
    1983.000       23327.8340
    1984.000       23500.2930
    1985.000       23290.3926
    1986.000       23233.8164
    1987.000       23494.6074
    1988.000       23484.4453
    1989.000       23153.4180
    1990.000       23417.8945
    1991.000       23468.1270
    1992.000       23388.1367
    1993.000       23313.8633
    1994.000       23348.3438
    1995.000       23570.0820
    1996.000       23373.0605
    1997.000       23316.0938
    1998.000       23415.2070
    1999.000       23451.0723
    2000.000       23269.6934
    2001.000       23433.0801
    2002.000       23547.4609
    2003.000       23226.5586
    2004.000       23002.5781
    2005.000       23520.5469
    2006.000       23320.6621
    2007.000       23315.4668
    2008.000       23331.9336
    2009.000       23707.9277
    2010.000       23477.6387
    2011.000       23368.1602
    2012.000       23429.2207
    2013.000       23458.1602
    2014.000       23466.8457
    2015.000       23367.6699
    2016.000       23515.7539
    2017.000       23330.2676
    2018.000       23458.8145
    2019.000       23192.8711
    2020.000       23520.4590
    2021.000       23371.5352
    2022.000       23324.0625
    2023.000       23636.3477
    2024.000       23492.0215
    2025.000       23470.4336
    2026.000       23386.1582
    2027.000       23505.9531
    2028.000       23553.3379
    2029.000       23468.3887
    2030.000       23619.2480
    2031.000       23515.2812
    2032.000       23390.7305
    2033.000       23626.8652
    2034.000       23373.5293
    2035.000       23291.9727
    2036.000       23449.0469
    2037.000       23287.8262
    2038.000       23271.0000
    2039.000       23250.1152
    2040.000       23425.6387
    2041.000       23472.0957
    2042.000       23467.6367
    2043.000       23520.1211
    2044.000       23398.5879
    2045.000       23432.5938
    2046.000       23364.4375
    2047.000       23440.7832
    2048.000       23401.0137
    2049.000       23389.6738
    2050.000       23514.5469
    2051.000       23347.2754
    2052.000       23549.4492
    2053.000       23477.6309
    2054.000       23393.3535
    2055.000       23484.5312
    2056.000       23510.8496
    2057.000       23476.3262
    2058.000       23373.6680
    2059.000       23388.6797
    2060.000       23377.1426
    2061.000       23557.2441
    2062.000       23619.4355
    2063.000       23622.6367
    2064.000       23552.2539
    2065.000       23413.6270
    2066.000       23483.1992
    2067.000       23464.9785
    2068.000       23329.1055
    2069.000       23254.2812
    2070.000       23402.7051
    2071.000       23406.8633
    2072.000       23269.8496
    2073.000       23413.2344
    2074.000       23463.0195
    2075.000       23468.7559
    2076.000       23448.4453
    2077.000       23341.7090
    2078.000       23471.2734
    2079.000       23515.7109
    2080.000       23508.2930
    2081.000       23343.7539
    2082.000       23380.0684
    2083.000       23412.3145
    2084.000       23209.4473
    2085.000       23568.2812
    2086.000       23536.7812
    2087.000       23458.7031
    2088.000       23596.2383
    2089.000       23531.4316
    2090.000       23227.1367
    2091.000       23439.6133
    2092.000       23390.2148
    2093.000       23543.5215
    2094.000       23534.6797
    2095.000       23430.2227
    2096.000       23428.7090
    2097.000       23343.6543
    2098.000       23435.1094
    2099.000       23420.1855
    2100.000       23300.2539
    2101.000       23349.4023
    2102.000       23167.1582
    2103.000       23356.8867
    2104.000       23444.4492
    2105.000       23441.5000
    2106.000       23454.6797
    2107.000       23317.6699
    2108.000       23391.6621
    2109.000       23501.3496
    2110.000       23353.3652
    2111.000       23409.3496
    2112.000       23430.1172
    2113.000       23499.2266
    2114.000       23452.0859
    2115.000       23445.1699
    2116.000       23232.1816
    2117.000       23413.4688
    2118.000       23345.8145
    2119.000       23580.5547
    2120.000       23428.2969
    2121.000       23508.5859
    2122.000       23286.7695
    2123.000       23203.7891
    2124.000       23361.0039
    2125.000       23540.1641
    2126.000       23301.0645
    2127.000       23451.6055
    2128.000       23179.6973
    2129.000       23321.8164
    2130.000       23433.4219
    2131.000       23269.3184
    2132.000       23429.0801
    2133.000       23479.0820
    2134.000       23402.6133
    2135.000       23331.9277
    2136.000       23318.2422
    2137.000       23264.1406
    2138.000       23396.8926
    2139.000       23507.7305
    2140.000       23410.3066
    2141.000       23513.6133
    2142.000       23422.9316
    2143.000       23447.8066
    2144.000       23484.1641
    2145.000       23524.8379
    2146.000       23484.2988
    2147.000       23434.3789
    2148.000       23500.8223
    2149.000       23570.0957
    2150.000       23322.0352
    2151.000       23413.9434
    2152.000       23432.5684
    2153.000       23513.6270
    2154.000       23503.0625
    2155.000       23359.1523
    2156.000       23376.0469
    2157.000       23319.8164
    2158.000       23366.3379
    2159.000       23381.2930
    2160.000       23464.7656
    2161.000       23538.7832
    2162.000       23292.7871
    2163.000       23374.2793
    2164.000       23289.0234
    2165.000       23523.3652
    2166.000       23481.0273
    2167.000       23410.7051
    2168.000       23392.6660
    2169.000       23588.7949
    2170.000       23603.3086
    2171.000       23208.1328
    2172.000       23365.8730
    2173.000       23426.0625
    2174.000       23316.8262
    2175.000       23520.2402
    2176.000       23317.0273
    2177.000       23356.2344
    2178.000       23716.8418
    2179.000       23337.9746
    2180.000       23619.5449
    2181.000       23594.3691
    2182.000       23504.0020
    2183.000       23438.4199
    2184.000       23256.3203
    2185.000       23438.7148
    2186.000       23285.1055
    2187.000       23458.9258
    2188.000       23520.7930
    2189.000       23459.6758
    2190.000       23486.2598
    2191.000       23574.2402
    2192.000       23496.3672
    2193.000       23427.0430
    2194.000       23434.8516
    2195.000       23601.4512
    2196.000       23568.8477
    2197.000       23203.0527
    2198.000       23197.4512
    2199.000       23392.3945
    2200.000       23485.2500
    2201.000       23364.4688
    2202.000       23317.4160
    2203.000       23410.4766
    2204.000       23461.9219
    2205.000       23199.9668
    2206.000       23269.6914
    2207.000       23478.3672
    2208.000       23378.6641
    2209.000       23430.0430
    2210.000       23376.5312
    2211.000       23359.0508
    2212.000       23452.3770
    2213.000       23371.9512
    2214.000       23386.4355
    2215.000       23366.0312
    2216.000       23480.5215
    2217.000       23288.5000
    2218.000       23588.9746
    2219.000       23250.1035
    2220.000       23185.8848
    2221.000       23202.7070
    2222.000       23322.3535
    2223.000       23472.9512
    2224.000       23499.1973
    2225.000       23463.4629
    2226.000       23658.6426
    2227.000       23292.9531
    2228.000       23504.7305
    2229.000       23310.7773
    2230.000       23542.8008
    2231.000       23311.5391
    2232.000       23296.8027
    2233.000       23266.1543
    2234.000       23454.4648
    2235.000       23451.2812
    2236.000       23356.1504
    2237.000       23316.3496
    2238.000       23367.4180
    2239.000       23431.9844
    2240.000       23576.1895
    2241.000       23500.6328
    2242.000       23487.1289
    2243.000       23411.6055
    2244.000       23408.8438
    2245.000       23261.4941
    2246.000       23496.4023
    2247.000       23581.0117
    2248.000       23298.4141
    2249.000       23255.0137
    2250.000       23567.2207
    2251.000       23350.3945
    2252.000       23573.0293
    2253.000       23373.6016
    2254.000       23271.6719
    2255.000       23443.5918
    2256.000       23212.0918
    2257.000       23415.3066
    2258.000       23478.1074
    2259.000       23190.6074
    2260.000       23511.4941
    2261.000       23382.9688
    2262.000       23602.5234
    2263.000       23557.6953
    2264.000       23568.5547
    2265.000       23491.3047
    2266.000       23587.4570
    2267.000       23392.0273
    2268.000       23468.7363
    2269.000       23579.3418
    2270.000       23543.3926
    2271.000       23468.4512
    2272.000       23248.0273
    2273.000       23449.9570
    2274.000       23421.0176
    2275.000       23354.6406
    2276.000       23480.2480
    2277.000       23345.7148
    2278.000       23507.1465
    2279.000       23297.8906
    2280.000       23241.5547
    2281.000       23248.1035
    2282.000       23429.7148
    2283.000       23493.9102
    2284.000       23191.2031
    2285.000       23513.1641
    2286.000       23268.5195
    2287.000       23399.7305
    2288.000       23171.6895
    2289.000       23042.9570
    2290.000       23556.1055
    2291.000       23463.0742
    2292.000       23568.8457
    2293.000       23336.7930
    2294.000       23375.9355
    2295.000       23449.9512
    2296.000       23260.2656
    2297.000       23215.2324
    2298.000       23383.9668
    2299.000       23305.0488
    2300.000       23490.0801
    2301.000       23451.6621
    2302.000       23337.9746
    2303.000       23675.5801
    2304.000       23349.2285
    2305.000       23265.9375
    2306.000       23372.0938
    2307.000       23394.2188
    2308.000       23421.3457
    2309.000       23643.4453
    2310.000       23625.7012
    2311.000       23479.2441
    2312.000       23419.0996
    2313.000       23544.0898
    2314.000       23390.3828
    2315.000       23407.8418
    2316.000       23281.1504
    2317.000       23292.0664
    2318.000       23400.6523
    2319.000       23392.8125
    2320.000       23415.0020
    2321.000       23403.0898
    2322.000       23149.3652
    2323.000       23277.7695
    2324.000       23326.6992
    2325.000       23469.1309
    2326.000       23270.9297
    2327.000       23376.4492
    2328.000       23354.3555
    2329.000       23274.7051
    2330.000       23239.0898
    2331.000       23278.5664
    2332.000       23423.1465
    2333.000       23278.1113
    2334.000       23276.3887
    2335.000       23362.0098
    2336.000       23227.0703
    2337.000       23182.3965
    2338.000       23324.1758
    2339.000       23375.8105
    2340.000       23441.0527
    2341.000       23477.3594
    2342.000       23180.0020
    2343.000       23570.0195
    2344.000       23334.0371
    2345.000       23319.7363
    2346.000       23470.6094
    2347.000       23523.7832
    2348.000       23392.9277
    2349.000       23606.1445
    2350.000       23401.5371
    2351.000       23398.4082
    2352.000       23634.9805
    2353.000       23324.9531
    2354.000       23564.3574
    2355.000       23644.2500
    2356.000       23197.1230
    2357.000       23179.6992
    2358.000       23213.4688
    2359.000       23595.8008
    2360.000       23533.2793
    2361.000       23384.2305
    2362.000       23528.2461
    2363.000       23485.6797
    2364.000       23273.0039
    2365.000       23432.3457
    2366.000       23487.0293
    2367.000       23429.4863
    2368.000       23200.7988
    2369.000       23428.1562
    2370.000       23427.4961
    2371.000       23331.6445
    2372.000       23566.0742
    2373.000       23568.5723
    2374.000       23307.8906
    2375.000       23446.4746
    2376.000       23466.5898
    2377.000       23432.8887
    2378.000       23340.1992
    2379.000       23590.4160
    2380.000       23251.6094
    2381.000       23533.8086
    2382.000       23280.4551
    2383.000       23672.3574
    2384.000       23266.5059
    2385.000       23508.6016
    2386.000       23675.7695
    2387.000       23414.4668
    2388.000       23446.2910
    2389.000       23362.2520
    2390.000       23204.3477
    2391.000       23400.1641
    2392.000       23293.6074
    2393.000       23517.8438
    2394.000       23435.8965
    2395.000       23386.6406
    2396.000       23624.7129
    2397.000       23496.5527
    2398.000       23301.7441
    2399.000       23288.7070
    2400.000       23527.4551
    2401.000       23320.9219
    2402.000       23400.5469
    2403.000       23277.3223
    2404.000       23529.3789
    2405.000       23402.8789
    2406.000       23271.2031
    2407.000       23342.8965
    2408.000       23538.4180
    2409.000       23604.3984
    2410.000       23324.7109
    2411.000       23418.4805
    2412.000       23499.3691
    2413.000       23607.2051
    2414.000       23574.2070
    2415.000       23435.4473
    2416.000       23405.0898
    2417.000       23462.9648
    2418.000       23257.9238
    2419.000       23622.4707
    2420.000       23533.6836
    2421.000       23437.6152
    2422.000       23404.1523
    2423.000       23462.3047
    2424.000       23359.3457
    2425.000       23353.8047
    2426.000       23420.9414
    2427.000       23597.8262
    2428.000       23438.1895
    2429.000       23330.9766
    2430.000       23367.0645
    2431.000       23356.2578
    2432.000       23503.8477
    2433.000       23272.7129
    2434.000       23518.7129
    2435.000       23306.1348
    2436.000       23471.9531
    2437.000       23452.4707
    2438.000       23372.7188
    2439.000       23657.7715
    2440.000       23610.4941
    2441.000       23535.0098
    2442.000       23590.0527
    2443.000       23243.7734
    2444.000       23296.2852
    2445.000       23217.0293
    2446.000       23531.4414
    2447.000       23257.5195
    2448.000       23304.7305
    2449.000       23386.9883
    2450.000       23544.7988
    2451.000       23238.9648
    2452.000       23368.8672
    2453.000       23189.1348
    2454.000       23370.7090
    2455.000       23316.1777
    2456.000       23582.7266
    2457.000       23518.4043
    2458.000       23535.0840
    2459.000       23383.8398
    2460.000       23503.9785
    2461.000       23381.2578
    2462.000       23404.7461
    2463.000       23269.8828
    2464.000       23418.8164
    2465.000       23346.1777
    2466.000       23408.4707
    2467.000       23469.8418
    2468.000       23407.5664
    2469.000       23282.6055
    2470.000       23253.9316
    2471.000       23474.5723
    2472.000       23568.1934
    2473.000       23299.1328
    2474.000       23613.0898
    2475.000       23350.6133
    2476.000       23489.3242
    2477.000       23288.9863
    2478.000       23454.2715
    2479.000       23301.8672
    2480.000       23276.7695
    2481.000       23272.7363
    2482.000       23307.5488
    2483.000       23342.9199
    2484.000       23591.1797
    2485.000       23300.6445
    2486.000       23522.1211
    2487.000       23293.5664
    2488.000       23370.6504
    2489.000       23213.6270
    2490.000       23613.6055
    2491.000       23528.5820
    2492.000       23381.9570
    2493.000       23139.8281
    2494.000       23395.5273
    2495.000       23428.9004
    2496.000       23435.4238
    2497.000       23455.5781
    2498.000       23609.3516
    2499.000       23465.7969
    2500.000       23288.0801
    2501.000       23404.2617
    2502.000       23415.3223
    2503.000       23419.3223
    2504.000       23480.2500
    2505.000       23539.2402
    2506.000       23371.4961
    2507.000       23233.0176
    2508.000       23346.7539
    2509.000       23292.8320
    2510.000       23299.9316
    2511.000       23235.3477
    2512.000       23691.6348
    2513.000       23390.6016
    2514.000       23324.6172
    2515.000       23343.4453
    2516.000       23264.9004
    2517.000       23330.0469
    2518.000       23330.7949
    2519.000       23305.5508
    2520.000       23544.8125
    2521.000       23557.6270
    2522.000       23441.3613
    2523.000       23542.4453
    2524.000       23567.3457
    2525.000       23454.5039
    2526.000       23312.0449
    2527.000       23386.2461
    2528.000       23567.1973
    2529.000       23334.9375
    2530.000       23476.8164
    2531.000       23472.9902
    2532.000       23490.5430
    2533.000       23276.7070
    2534.000       23446.8652
    2535.000       23470.6914
    2536.000       23543.6621
    2537.000       23502.4492
    2538.000       23324.5312
    2539.000       23381.8711
    2540.000       23478.9551
    2541.000       23510.9062
    2542.000       23505.0234
    2543.000       23528.1211
    2544.000       23460.1543
    2545.000       23452.5781
    2546.000       23211.7656
    2547.000       23521.5820
    2548.000       23296.9297
    2549.000       23352.2734
    2550.000       23682.0332
    2551.000       23361.2070
    2552.000       23459.5234
    2553.000       23540.6250
    2554.000       23291.5820
    2555.000       23414.1777
    2556.000       23332.4805
    2557.000       23261.1660
    2558.000       23425.6992
    2559.000       23347.9492
    2560.000       23477.6582
    2561.000       23450.0859
    2562.000       23575.4160
    2563.000       23498.0938
    2564.000       23292.0859
    2565.000       23707.4766
    2566.000       23621.1816
    2567.000       23408.2500
    2568.000       23559.6562
    2569.000       23510.5117
    2570.000       23339.5391
    2571.000       23354.6035
    2572.000       23513.1914
    2573.000       23405.2305
    2574.000       23343.0723
    2575.000       23318.7617
    2576.000       23432.8457
    2577.000       23590.6758
    2578.000       23288.6230
    2579.000       23404.0742
    2580.000       23400.5859
    2581.000       23275.5625
    2582.000       23501.7637
    2583.000       23121.6504
    2584.000       23439.5078
    2585.000       23325.0918
    2586.000       23401.3555
    2587.000       23323.4238
    2588.000       23173.2715
    2589.000       23504.0293
    2590.000       23558.3223
    2591.000       23487.0938
    2592.000       23451.0742
    2593.000       23186.4473
    2594.000       23561.0781
    2595.000       23475.6113
    2596.000       23365.4746
    2597.000       23402.0391
    2598.000       23507.6172
    2599.000       23405.0195
    2600.000       23493.2891
    2601.000       23467.7148
    2602.000       23498.3652
    2603.000       23369.9590
    2604.000       23307.1445
    2605.000       23442.1758
    2606.000       23532.4902
    2607.000       23693.5273
    2608.000       23498.2754
    2609.000       23378.1270
    2610.000       23480.3164
    2611.000       23284.2988
    2612.000       23319.5469
    2613.000       23576.2207
    2614.000       23476.4336
    2615.000       23236.4531
    2616.000       23356.9844
    2617.000       23474.7266
    2618.000       23368.3477
    2619.000       23480.6934
    2620.000       23445.7520
    2621.000       23360.5391
    2622.000       23546.7266
    2623.000       23454.2656
    2624.000       23420.1074
    2625.000       23193.2734
    2626.000       23527.6797
    2627.000       23468.4609
    2628.000       23458.8672
    2629.000       23508.6113
    2630.000       23439.0547
    2631.000       23428.6094
    2632.000       23335.3340
    2633.000       23388.3613
    2634.000       23353.0898
    2635.000       23245.4922
    2636.000       23462.1016
    2637.000       23430.3223
    2638.000       23346.4902
    2639.000       23305.4082
    2640.000       23256.6992
    2641.000       23276.7305
    2642.000       23388.5430
    2643.000       23443.5605
    2644.000       23572.8418
    2645.000       23457.6094
    2646.000       23357.3262
    2647.000       23534.5215
    2648.000       23295.0449
    2649.000       23612.4023
    2650.000       23192.8711
    2651.000       23346.1523
    2652.000       23472.0273
    2653.000       23240.6504
    2654.000       23424.1270
    2655.000       23460.6934
    2656.000       23444.5469
    2657.000       23378.2520
    2658.000       23483.2441
    2659.000       23412.3867
    2660.000       23613.4688
    2661.000       23599.8711
    2662.000       23562.4609
    2663.000       23429.6172
    2664.000       23473.8594
    2665.000       23538.0684
    2666.000       23486.9043
    2667.000       23342.0430
    2668.000       23413.7188
    2669.000       23383.7031
    2670.000       23404.3438
    2671.000       23541.2617
    2672.000       23613.4219
    2673.000       23530.5195
    2674.000       23374.5859
    2675.000       23384.4551
    2676.000       23598.1172
    2677.000       23426.0977
    2678.000       23410.0918
    2679.000       23655.8027
    2680.000       23342.5723
    2681.000       23274.4004
    2682.000       23396.1992
    2683.000       23327.3027
    2684.000       23358.8203
    2685.000       23674.1992
    2686.000       23542.6055
    2687.000       23501.2656
    2688.000       23509.1289
    2689.000       23577.1543
    2690.000       23346.2637
    2691.000       23380.4668
    2692.000       23523.4492
    2693.000       23479.3848
    2694.000       23462.8438
    2695.000       23197.1035
    2696.000       23407.7520
    2697.000       23463.1777
    2698.000       23201.5723
    2699.000       23554.8145
    2700.000       23432.3398
    2701.000       23414.8945
    2702.000       23260.7656
    2703.000       23450.4336
    2704.000       23514.4102
    2705.000       23410.0957
    2706.000       23557.9355
    2707.000       23492.0488
    2708.000       23561.0508
    2709.000       23589.5566
    2710.000       23502.0547
    2711.000       23501.1543
    2712.000       23402.3984
    2713.000       23377.3516
    2714.000       23498.4023
    2715.000       23467.5410
    2716.000       23486.4102
    2717.000       23395.5117
    2718.000       23241.0957
    2719.000       23558.8301
    2720.000       23414.8770
    2721.000       23396.2988
    2722.000       23491.0020
    2723.000       23313.3242
    2724.000       23407.0879
    2725.000       23358.8164
    2726.000       23420.4160
    2727.000       23293.7324
    2728.000       23428.2383
    2729.000       23557.1738
    2730.000       23598.4238
    2731.000       23515.4023
    2732.000       23546.8887
    2733.000       23446.4199
    2734.000       23569.2871
    2735.000       23235.0566
    2736.000       23338.1582
    2737.000       23594.2500
    2738.000       23383.5332
    2739.000       23330.2266
    2740.000       23214.9219
    2741.000       23448.7168
    2742.000       23393.5820
    2743.000       23395.3652
    2744.000       23271.3535
    2745.000       23385.5508
    2746.000       23389.1953
    2747.000       23516.2188
    2748.000       23274.8164
    2749.000       23551.2559
    2750.000       23356.6621
    2751.000       23394.9570
    2752.000       23234.4902
    2753.000       23229.5391
    2754.000       23570.3965
    2755.000       23318.3008
    2756.000       23347.0684
    2757.000       23342.4805
    2758.000       23287.8477
    2759.000       23610.9238
    2760.000       23571.0664
    2761.000       23372.9395
    2762.000       23363.9297
    2763.000       23263.9160
    2764.000       23461.1504
    2765.000       23259.7188
    2766.000       23567.8652
    2767.000       23464.8672
    2768.000       23366.7715
    2769.000       23356.4941
    2770.000       23319.6797
    2771.000       23487.0820
    2772.000       23370.8594
    2773.000       23275.3125
    2774.000       23588.3008
    2775.000       23411.5195
    2776.000       23271.1309
    2777.000       23418.9414
    2778.000       23333.0684
    2779.000       23079.8730
    2780.000       23193.4648
    2781.000       23342.8887
    2782.000       23393.0527
    2783.000       23325.3477
    2784.000       23509.1289
    2785.000       23353.1914
    2786.000       23278.0371
    2787.000       23498.6016
    2788.000       23449.3281
    2789.000       23417.4180
    2790.000       23518.6543
    2791.000       23302.4492
    2792.000       23199.8027
    2793.000       23403.9023
    2794.000       23281.3203
    2795.000       23340.7480
    2796.000       23322.7168
    2797.000       23350.3711
    2798.000       23331.3164
    2799.000       23558.3203
    2800.000       23234.0977
    2801.000       23452.5762
    2802.000       23232.4453
    2803.000       23358.9785
    2804.000       23472.6230
    2805.000       23239.3594
    2806.000       23414.4414
    2807.000       23326.9727
    2808.000       23415.4707
    2809.000       23414.4863
    2810.000       23454.4258
    2811.000       23336.3320
    2812.000       23474.7051
    2813.000       23529.9180
    2814.000       23332.8945
    2815.000       23465.0059
    2816.000       23450.0977
    2817.000       23418.3926
    2818.000       23391.4883
    2819.000       23445.5566
    2820.000       23501.9082
    2821.000       23443.6230
    2822.000       23452.3203
    2823.000       23548.8867
    2824.000       23245.6230
    2825.000       23528.1328
    2826.000       23279.8652
    2827.000       23540.3594
    2828.000       23294.0957
    2829.000       23502.1797
    2830.000       23272.2090
    2831.000       23497.0801
    2832.000       23517.8691
    2833.000       23322.3809
    2834.000       23222.6504
    2835.000       23303.9238
    2836.000       23478.1094
    2837.000       23325.1719
    2838.000       23462.3535
    2839.000       23189.7715
    2840.000       23426.7637
    2841.000       23327.1465
    2842.000       23590.0273
    2843.000       23522.1543
    2844.000       23160.0605
    2845.000       23410.5879
    2846.000       23461.3516
    2847.000       23530.3789
    2848.000       23444.7676
    2849.000       23267.3594
    2850.000       23586.7031
    2851.000       23390.6836
    2852.000       23380.9883
    2853.000       23318.3203
    2854.000       23413.4238
    2855.000       23371.1055
    2856.000       23693.3359
    2857.000       23427.0137
    2858.000       23359.2031
    2859.000       23455.5820
    2860.000       23224.1680
    2861.000       23290.2695
    2862.000       23325.5156
    2863.000       23483.5898
    2864.000       23426.9238
    2865.000       23352.9531
    2866.000       23377.9941
    2867.000       23437.6543
    2868.000       23354.2344
    2869.000       23413.5020
    2870.000       23552.0605
    2871.000       23420.7383
    2872.000       23428.8125
    2873.000       23603.5879
    2874.000       23323.4141
    2875.000       23242.4824
    2876.000       23162.8027
    2877.000       23230.7090
    2878.000       23449.6523
    2879.000       23601.1641
    2880.000       23599.5449
    2881.000       23451.6445
    2882.000       23511.2734
    2883.000       23335.4805
    2884.000       23528.0430
    2885.000       23390.1543
    2886.000       23586.7812
    2887.000       23523.9922
    2888.000       23304.8613
    2889.000       23174.8828
    2890.000       23407.9668
    2891.000       23323.8691
    2892.000       23610.1445
    2893.000       23239.3906
    2894.000       23460.5078
    2895.000       23382.7988
    2896.000       23541.0039
    2897.000       23318.6504
    2898.000       23407.9863
    2899.000       23584.6836
    2900.000       23353.1680
    2901.000       23417.5742
    2902.000       23191.3262
    2903.000       23280.9785
    2904.000       23311.4316
    2905.000       23457.1348
    2906.000       23406.9316
    2907.000       23256.9902
    2908.000       23303.6719
    2909.000       23422.3730
    2910.000       23281.6973
    2911.000       23628.2578
    2912.000       23494.5176
    2913.000       23312.7070
    2914.000       23478.8477
    2915.000       23107.9023
    2916.000       23575.3086
    2917.000       23346.3770
    2918.000       23298.8867
    2919.000       23130.8691
    2920.000       23394.6602
    2921.000       23541.9375
    2922.000       23289.6211
    2923.000       23051.1152
    2924.000       23525.8398
    2925.000       23257.5000
    2926.000       23515.0391
    2927.000       23599.2949
    2928.000       23336.7520
    2929.000       23443.8574
    2930.000       23249.3438
    2931.000       23217.6211
    2932.000       23514.6367
    2933.000       23363.8594
    2934.000       23521.9082
    2935.000       23221.3262
    2936.000       23225.9844
    2937.000       23299.7012
    2938.000       23393.2012
    2939.000       23544.9648
    2940.000       23292.0273
    2941.000       23379.6133
    2942.000       23440.1855
    2943.000       23474.6230
    2944.000       23379.3594
    2945.000       23366.4180
    2946.000       23411.4258
    2947.000       23295.2305
    2948.000       23522.1504
    2949.000       23309.3750
    2950.000       23486.3633
    2951.000       23528.9824
    2952.000       23353.0742
    2953.000       23343.7988
    2954.000       23347.1035
    2955.000       23188.1602
    2956.000       23536.1289
    2957.000       23385.2129
    2958.000       23484.0078
    2959.000       23257.9395
    2960.000       23531.6641
    2961.000       23549.8574
    2962.000       23307.6836
    2963.000       23406.2773
    2964.000       23474.2285
    2965.000       23354.1270
    2966.000       23411.3926
    2967.000       23402.5449
    2968.000       23435.9219
    2969.000       23297.0742
    2970.000       23255.8125
    2971.000       23383.5020
    2972.000       23543.0195
    2973.000       23269.9629
    2974.000       23548.6133
    2975.000       23402.1309
    2976.000       23543.9375
    2977.000       23319.6504
    2978.000       23529.1387
    2979.000       23500.3906
    2980.000       23308.6621
    2981.000       23597.4492
    2982.000       23477.7188
    2983.000       23293.6953
    2984.000       23200.0332
    2985.000       23466.5000
    2986.000       23551.5879
    2987.000       23394.5684
    2988.000       23369.0469
    2989.000       23511.6289
    2990.000       23465.1777
    2991.000       23475.8066
    2992.000       23419.2012
    2993.000       23260.0840
    2994.000       23331.3594
    2995.000       23397.1191
    2996.000       23395.6816
    2997.000       23409.4297
    2998.000       23475.5449
    2999.000       23441.8242
    3000.000       23515.0234
    3001.000       23290.0273
    3002.000       23458.4453
    3003.000       23193.2168
    3004.000       23314.4551
    3005.000       23430.7871
    3006.000       23569.4648
    3007.000       23434.8320
    3008.000       23532.6680
    3009.000       23405.4355
    3010.000       23437.0234
    3011.000       23569.6289
    3012.000       23330.8301
    3013.000       23579.6406
    3014.000       23426.5312
    3015.000       23508.9629
    3016.000       23311.3008
    3017.000       23482.2070
    3018.000       23561.4180
    3019.000       23664.4023
    3020.000       23552.8848
    3021.000       23391.6699
    3022.000       23320.4766
    3023.000       23306.8164
    3024.000       23443.5547
    3025.000       23494.4199
    3026.000       23177.3730
    3027.000       23173.9062
    3028.000       23296.9336
    3029.000       23449.7754
    3030.000       23200.0742
    3031.000       23367.9688
    3032.000       23241.6934
    3033.000       23421.7773
    3034.000       23571.6543
    3035.000       23236.8066
    3036.000       23583.3262
    3037.000       23536.6953
    3038.000       23221.6699
    3039.000       23469.5566
    3040.000       23260.4316
