     141.000     -111557.1600
     142.000     -111907.7709
     143.000     -112522.9533
     144.000     -113081.2404
     145.000     -113096.2749
     146.000     -113262.0247
     147.000     -113364.7789
     148.000     -113701.7042
     149.000     -113469.8273
     150.000     -113647.8670
     151.000     -113644.3640
     152.000     -113497.8030
     153.000     -113696.3985
     154.000     -113604.6834
     155.000     -113603.5476
     156.000     -113682.0627
     157.000     -113766.5049
     158.000     -113731.9278
     159.000     -113778.7238
     160.000     -113855.3306
     161.000     -114005.9298
     162.000     -114038.9151
     163.000     -113964.3727
     164.000     -113722.6849
     165.000     -113967.9148
     166.000     -113925.1885
     167.000     -113819.8499
     168.000     -113999.6649
     169.000     -113638.5204
     170.000     -113720.8300
     171.000     -113607.9837
     172.000     -113711.3875
     173.000     -113689.2411
     174.000     -113739.6397
     175.000     -113937.1227
     176.000     -113721.1844
     177.000     -113539.9976
     178.000     -113561.0478
     179.000     -113780.6320
     180.000     -113834.5078
     181.000     -114006.5652
     182.000     -113957.9623
     183.000     -113511.9497
     184.000     -113611.2583
     185.000     -113473.4280
     186.000     -113634.2708
     187.000     -113916.5486
     188.000     -113716.0013
     189.000     -113722.6930
     190.000     -114021.7613
     191.000     -113830.1543
     192.000     -113698.2782
     193.000     -113899.9566
     194.000     -113798.8760
     195.000     -113909.9240
     196.000     -113691.1453
     197.000     -113905.0230
     198.000     -113870.4827
     199.000     -113838.9883
     200.000     -113761.1671
     201.000     -113822.0421
     202.000     -113603.9243
     203.000     -113865.9351
     204.000     -113674.8390
     205.000     -113582.6222
     206.000     -113627.9672
     207.000     -114028.8902
     208.000     -113830.2556
     209.000     -113996.0588
     210.000     -113982.0834
     211.000     -114133.2418
     212.000     -113773.3005
     213.000     -113758.5497
     214.000     -113660.8778
     215.000     -113761.6370
     216.000     -113898.7914
     217.000     -113858.4500
     218.000     -113694.8928
     219.000     -113813.2359
     220.000     -113746.1971
     221.000     -113581.5682
     222.000     -113961.9412
     223.000     -114083.8906
     224.000     -113506.9668
     225.000     -113892.5931
     226.000     -113628.7094
     227.000     -113740.9068
     228.000     -113717.5455
     229.000     -113707.8586
     230.000     -113800.6935
     231.000     -113933.9411
     232.000     -113601.7046
     233.000     -113813.0197
     234.000     -113790.8722
     235.000     -113885.6825
     236.000     -114095.7019
     237.000     -113887.1394
     238.000     -113445.3181
     239.000     -113763.0417
     240.000     -113637.2778
     241.000     -113743.6711
     242.000     -113528.4337
     243.000     -113593.7880
     244.000     -113599.1475
     245.000     -113780.7854
     246.000     -113969.8246
     247.000     -113998.1136
     248.000     -113675.4246
     249.000     -113856.0849
     250.000     -113731.8180
     251.000     -113473.5409
     252.000     -113571.0390
     253.000     -113528.3996
     254.000     -113785.5201
     255.000     -113710.0799
     256.000     -113690.4361
     257.000     -113616.8590
     258.000     -113918.3493
     259.000     -113725.4910
     260.000     -113775.4179
     261.000     -113820.7698
     262.000     -113796.2679
     263.000     -113637.2545
     264.000     -113870.6475
     265.000     -113578.7670
     266.000     -113875.4783
     267.000     -113782.1059
     268.000     -113997.2796
     269.000     -113955.4517
     270.000     -113933.6693
     271.000     -113824.2800
     272.000     -114016.0697
     273.000     -113740.6077
     274.000     -113441.5022
     275.000     -113956.1949
     276.000     -113954.3663
     277.000     -113571.6192
     278.000     -113569.8533
     279.000     -113786.5202
     280.000     -113725.1157
     281.000     -113830.8353
     282.000     -114153.5339
     283.000     -113913.7688
     284.000     -113881.9277
     285.000     -113845.8174
     286.000     -113779.8386
     287.000     -113842.5962
     288.000     -113689.2753
     289.000     -113646.0067
     290.000     -113986.6641
     291.000     -114010.9254
     292.000     -114061.8935
     293.000     -113689.9941
     294.000     -113861.2782
     295.000     -113860.3930
     296.000     -113981.9669
     297.000     -113995.1774
     298.000     -113820.8642
     299.000     -113966.0781
     300.000     -113729.0938
     301.000     -113746.0163
     302.000     -113412.3941
     303.000     -113713.0806
     304.000     -113875.9522
     305.000     -113760.8758
     306.000     -113652.1663
     307.000     -113848.5937
     308.000     -113793.4663
     309.000     -114064.4317
     310.000     -113608.6632
     311.000     -113743.1583
     312.000     -113851.0615
     313.000     -114075.3635
     314.000     -114051.1109
     315.000     -113848.3168
     316.000     -113839.1206
     317.000     -113917.2751
     318.000     -114180.4005
     319.000     -113956.9015
     320.000     -113826.3500
     321.000     -113990.9023
     322.000     -114026.6192
     323.000     -113876.1706
     324.000     -113697.7817
     325.000     -113779.4910
     326.000     -113772.7706
     327.000     -113883.4166
     328.000     -113651.7685
     329.000     -113438.6124
     330.000     -113848.5355
     331.000     -113933.5698
     332.000     -113669.3163
     333.000     -113716.7489
     334.000     -113878.2661
     335.000     -113501.7449
     336.000     -113622.2212
     337.000     -113793.3579
     338.000     -113723.1473
     339.000     -114127.0554
     340.000     -113858.0373
     341.000     -113830.7310
     342.000     -113322.8361
     343.000     -113813.1432
     344.000     -113701.3437
     345.000     -113798.2804
     346.000     -113981.9287
     347.000     -113933.5559
     348.000     -113919.5105
     349.000     -113923.8664
     350.000     -113859.3438
     351.000     -113905.8889
     352.000     -113884.4927
     353.000     -113896.7935
     354.000     -113862.0411
     355.000     -113926.6548
     356.000     -113806.7619
     357.000     -113566.2200
     358.000     -113695.7926
     359.000     -113928.3817
     360.000     -113875.9399
     361.000     -114195.4425
     362.000     -113692.4698
     363.000     -113805.8796
     364.000     -114106.3169
     365.000     -113871.0028
     366.000     -113760.9595
     367.000     -114028.9718
     368.000     -113684.1965
     369.000     -113649.3539
     370.000     -113759.7936
     371.000     -113625.3471
     372.000     -113788.1792
     373.000     -113944.4799
     374.000     -114097.5690
     375.000     -113782.4543
     376.000     -113947.6198
     377.000     -113709.8445
     378.000     -114016.3002
     379.000     -113904.3915
     380.000     -114058.8128
     381.000     -114178.3960
     382.000     -113857.1206
     383.000     -113737.2018
     384.000     -113664.9866
     385.000     -113886.4332
     386.000     -113777.2027
     387.000     -113563.8856
     388.000     -113523.4913
     389.000     -113893.8224
     390.000     -113826.4512
     391.000     -113914.1919
     392.000     -113851.5260
     393.000     -113849.3459
     394.000     -113567.3056
     395.000     -113712.9135
     396.000     -113880.3526
     397.000     -113792.5312
     398.000     -113905.3029
     399.000     -113858.4793
     400.000     -113748.5956
     401.000     -114033.2987
     402.000     -114215.2923
     403.000     -113832.1890
     404.000     -113690.1744
     405.000     -113886.3716
     406.000     -113965.0837
     407.000     -113837.8401
     408.000     -113815.5340
     409.000     -113431.9606
     410.000     -113895.6410
     411.000     -113627.1953
     412.000     -113916.9725
     413.000     -113619.3604
     414.000     -113970.8269
     415.000     -113965.1339
     416.000     -114198.1574
     417.000     -113661.9700
     418.000     -113517.4956
     419.000     -113607.8816
     420.000     -113730.9547
     421.000     -114003.8089
     422.000     -113940.1498
     423.000     -113851.4985
     424.000     -113606.5433
     425.000     -113551.2525
     426.000     -113884.8818
     427.000     -113880.9497
     428.000     -113984.6706
     429.000     -113908.2099
     430.000     -114042.3715
     431.000     -113866.8582
     432.000     -114001.4075
     433.000     -114091.3121
     434.000     -113707.1022
     435.000     -113868.8585
     436.000     -114035.4809
     437.000     -113608.0025
     438.000     -113835.5815
     439.000     -113664.9924
     440.000     -113879.2638
     441.000     -113920.9305
     442.000     -113882.6379
     443.000     -113991.7346
     444.000     -113773.1372
     445.000     -113874.9428
     446.000     -113905.5593
     447.000     -113903.5866
     448.000     -113916.4465
     449.000     -114052.3014
     450.000     -114173.2435
     451.000     -113950.8772
     452.000     -114029.5678
     453.000     -113870.8645
     454.000     -114046.8118
     455.000     -114132.8965
     456.000     -114082.1582
     457.000     -113931.6495
     458.000     -114080.5759
     459.000     -114168.5761
     460.000     -113952.5428
     461.000     -113710.9842
     462.000     -113768.6243
     463.000     -114027.5555
     464.000     -113753.2208
     465.000     -113949.1701
     466.000     -113528.9743
     467.000     -113980.1715
     468.000     -113973.3884
     469.000     -114054.0224
     470.000     -113833.2188
     471.000     -113699.1094
     472.000     -113974.9681
     473.000     -113766.8307
     474.000     -113949.1324
     475.000     -113747.5806
     476.000     -113748.9052
     477.000     -113790.7512
     478.000     -113951.5499
     479.000     -113961.4013
     480.000     -113591.2357
     481.000     -113740.2475
     482.000     -113971.3709
     483.000     -113956.5999
     484.000     -113718.3218
     485.000     -113828.1102
     486.000     -113977.7381
     487.000     -113864.7757
     488.000     -113679.0056
     489.000     -113700.7695
     490.000     -114129.0062
     491.000     -113559.8987
     492.000     -113890.7492
     493.000     -113609.9718
     494.000     -113705.8880
     495.000     -113735.2963
     496.000     -113791.8286
     497.000     -113642.2902
     498.000     -114018.4936
     499.000     -114118.5034
     500.000     -114098.9294
     501.000     -113897.7970
     502.000     -113843.0340
     503.000     -113891.3012
     504.000     -113798.7299
     505.000     -113953.5692
     506.000     -113598.7304
     507.000     -113690.3028
     508.000     -113735.9273
     509.000     -113573.3663
     510.000     -113746.9981
     511.000     -113857.7482
     512.000     -113574.4203
     513.000     -113712.9487
     514.000     -113926.2491
     515.000     -113525.9030
     516.000     -113331.5730
     517.000     -113956.5879
     518.000     -113807.4300
     519.000     -113866.1167
     520.000     -113919.0542
     521.000     -113829.4905
     522.000     -113779.4028
     523.000     -113998.6620
     524.000     -113846.8145
     525.000     -113956.8525
     526.000     -113905.9354
     527.000     -113863.4087
     528.000     -113884.0990
     529.000     -113512.7867
     530.000     -113750.0924
     531.000     -113676.4603
     532.000     -114126.0771
     533.000     -113944.7454
     534.000     -114072.6135
     535.000     -113944.5794
     536.000     -113842.8280
     537.000     -113860.8719
     538.000     -114158.6272
     539.000     -114030.7135
     540.000     -114047.7935
     541.000     -113761.2488
     542.000     -113972.3639
     543.000     -113983.4882
     544.000     -114070.4606
     545.000     -114086.0189
     546.000     -114011.2338
     547.000     -113901.0668
     548.000     -113891.7208
     549.000     -113782.2926
     550.000     -113631.2900
     551.000     -113871.9109
     552.000     -114046.2660
     553.000     -113936.1268
     554.000     -113903.6138
     555.000     -113967.3890
     556.000     -113928.1588
     557.000     -113897.1059
     558.000     -113937.1785
     559.000     -113834.6743
     560.000     -114191.5486
     561.000     -113623.3036
     562.000     -113910.8659
     563.000     -113911.4979
     564.000     -114029.3580
     565.000     -114085.7692
     566.000     -113962.3300
     567.000     -114086.8925
     568.000     -113762.0851
     569.000     -114228.2441
     570.000     -114035.2904
     571.000     -113924.4683
     572.000     -113918.6859
     573.000     -113838.2170
     574.000     -114006.0401
     575.000     -114064.6574
     576.000     -113860.0194
     577.000     -113796.3308
     578.000     -113758.1583
     579.000     -113770.5176
     580.000     -113918.4943
     581.000     -113810.8517
     582.000     -113862.2134
     583.000     -113802.0918
     584.000     -113939.3391
     585.000     -113675.2908
     586.000     -114074.8203
     587.000     -114052.5625
     588.000     -113903.6848
     589.000     -113876.9857
     590.000     -113944.6509
     591.000     -113687.0839
     592.000     -113882.6600
     593.000     -113942.6691
     594.000     -114020.5464
     595.000     -113847.5690
     596.000     -114331.3253
     597.000     -113833.0491
     598.000     -113907.4828
     599.000     -113828.4356
     600.000     -113562.0812
     601.000     -113847.9330
     602.000     -114022.4500
     603.000     -113864.1070
     604.000     -113766.1050
     605.000     -113749.0966
     606.000     -113892.4054
     607.000     -113607.2237
     608.000     -113921.7003
     609.000     -113924.1184
     610.000     -113987.5379
     611.000     -113853.3834
     612.000     -113591.0380
     613.000     -113876.7689
     614.000     -114087.6658
     615.000     -114106.0161
     616.000     -114008.1225
     617.000     -113861.8214
     618.000     -113735.9902
     619.000     -114214.5004
     620.000     -114079.7736
     621.000     -114007.0358
     622.000     -113983.6174
     623.000     -114200.2723
     624.000     -113968.2979
     625.000     -114233.9476
     626.000     -113824.3029
     627.000     -113855.5624
     628.000     -113840.7245
     629.000     -113867.2137
     630.000     -114074.9657
     631.000     -113695.2399
     632.000     -113812.6863
     633.000     -113999.2234
     634.000     -113847.6685
     635.000     -113713.7639
     636.000     -114013.6908
     637.000     -114181.6861
     638.000     -113872.9422
     639.000     -114174.2583
     640.000     -113749.0703
     641.000     -113826.7077
     642.000     -113737.1167
     643.000     -113733.4551
     644.000     -113986.3770
     645.000     -114061.8777
     646.000     -114073.0033
     647.000     -113956.7489
     648.000     -113837.1863
     649.000     -113759.9137
     650.000     -114279.7446
     651.000     -113917.0914
     652.000     -113798.7221
     653.000     -114071.9785
     654.000     -113852.0206
     655.000     -113950.5208
     656.000     -114084.4578
     657.000     -114296.6462
     658.000     -113979.4577
     659.000     -113856.5619
     660.000     -113899.9145
     661.000     -114113.9887
     662.000     -114311.7557
     663.000     -113948.4359
     664.000     -114026.2400
     665.000     -113909.2220
     666.000     -114046.2010
     667.000     -113662.5924
     668.000     -113709.5345
     669.000     -114035.0251
     670.000     -113588.3572
     671.000     -113601.8395
     672.000     -114008.0780
     673.000     -114015.0954
     674.000     -113907.6819
     675.000     -113863.0785
     676.000     -113758.5042
     677.000     -113715.4319
     678.000     -114194.9826
     679.000     -114183.4543
     680.000     -114096.7794
     681.000     -114048.5424
     682.000     -113899.2640
     683.000     -114023.0617
     684.000     -113781.1473
     685.000     -113956.2062
     686.000     -113707.3405
     687.000     -113581.6782
     688.000     -113780.0255
     689.000     -113620.2594
     690.000     -113735.3437
     691.000     -113860.6451
     692.000     -113767.9600
     693.000     -114043.0110
     694.000     -114021.9689
     695.000     -114105.4521
     696.000     -113982.9199
     697.000     -113818.6157
     698.000     -113817.9175
     699.000     -113791.2808
     700.000     -113815.9181
     701.000     -113636.3043
     702.000     -113946.5123
     703.000     -114072.3962
     704.000     -113848.5833
     705.000     -114031.0832
     706.000     -113807.5764
     707.000     -113924.6420
     708.000     -113864.3728
     709.000     -113951.1727
     710.000     -114026.4913
     711.000     -113652.0776
     712.000     -113933.8224
     713.000     -113652.4787
     714.000     -113794.1831
     715.000     -114000.6012
     716.000     -113848.9653
     717.000     -114255.7078
     718.000     -114204.9777
     719.000     -113503.5233
     720.000     -113716.6850
     721.000     -113785.9828
     722.000     -113737.5847
     723.000     -113832.7105
     724.000     -113962.9140
     725.000     -113686.8927
     726.000     -113804.5305
     727.000     -114011.5797
     728.000     -113815.3347
     729.000     -114119.5386
     730.000     -113984.7459
     731.000     -113921.8452
     732.000     -113865.8880
     733.000     -113815.7971
     734.000     -113979.4692
     735.000     -113751.4226
     736.000     -114016.0489
     737.000     -113866.5527
     738.000     -113818.3142
     739.000     -114121.1656
     740.000     -113868.4617
     741.000     -113915.6888
     742.000     -113938.2362
     743.000     -114014.8183
     744.000     -113868.3315
     745.000     -113750.2181
     746.000     -113984.0398
     747.000     -114071.6857
     748.000     -113952.5908
     749.000     -113785.1983
     750.000     -113878.9260
     751.000     -113916.5403
     752.000     -113939.9730
     753.000     -114030.5482
     754.000     -113877.2159
     755.000     -114214.9865
     756.000     -113906.4926
     757.000     -113983.5825
     758.000     -113932.5804
     759.000     -114018.2188
     760.000     -114003.8530
     761.000     -113974.9953
     762.000     -113871.9381
     763.000     -113860.9293
     764.000     -113909.3124
     765.000     -113959.3224
     766.000     -113823.1853
     767.000     -113769.3380
     768.000     -113883.2874
     769.000     -113868.1170
     770.000     -113896.3806
     771.000     -113775.8670
     772.000     -114173.1756
     773.000     -113978.1299
     774.000     -113957.5050
     775.000     -113986.9505
     776.000     -114159.3647
     777.000     -114074.3558
     778.000     -113842.5427
     779.000     -114051.7569
     780.000     -114149.2923
     781.000     -113993.8602
     782.000     -114053.6116
     783.000     -114175.7038
     784.000     -113892.8805
     785.000     -113993.2064
     786.000     -114097.2096
     787.000     -113969.8547
     788.000     -113848.0119
     789.000     -114301.8220
     790.000     -114286.1391
     791.000     -114170.2447
     792.000     -113595.1735
     793.000     -113578.1633
     794.000     -113832.1688
     795.000     -114083.0218
     796.000     -113799.0639
     797.000     -114025.3800
     798.000     -113673.4464
     799.000     -113769.6747
     800.000     -113539.3909
     801.000     -113835.7919
     802.000     -113879.2586
     803.000     -113992.1914
     804.000     -114084.6053
     805.000     -113850.6990
     806.000     -113840.6517
     807.000     -114120.0518
     808.000     -114004.7523
     809.000     -114072.4769
     810.000     -113719.4339
     811.000     -114082.4468
     812.000     -113804.3680
     813.000     -113606.9132
     814.000     -114076.8611
     815.000     -113952.4837
     816.000     -114010.2222
     817.000     -113764.8108
     818.000     -113969.2179
     819.000     -113927.2952
     820.000     -113934.9303
     821.000     -114024.0806
     822.000     -113925.4621
     823.000     -114016.4888
     824.000     -114006.4108
     825.000     -113874.3375
     826.000     -113862.3329
     827.000     -113903.5755
     828.000     -114156.9063
     829.000     -114118.8437
     830.000     -113861.7521
     831.000     -113982.7263
     832.000     -113984.3239
     833.000     -113951.5960
     834.000     -113889.6073
     835.000     -113822.0299
     836.000     -113792.6831
     837.000     -113960.3011
     838.000     -114054.7704
     839.000     -114336.2235
     840.000     -114103.7566
     841.000     -113866.5956
     842.000     -114119.1411
     843.000     -113776.6683
     844.000     -113944.1673
     845.000     -113969.0624
     846.000     -114007.3239
     847.000     -114305.2026
     848.000     -113995.4915
     849.000     -114113.1057
     850.000     -114170.8896
     851.000     -113955.2549
     852.000     -113940.8911
     853.000     -114083.5107
     854.000     -113960.0814
     855.000     -113968.6974
     856.000     -114003.3951
     857.000     -114070.8022
     858.000     -114026.0493
     859.000     -114194.5301
     860.000     -113976.6840
     861.000     -113958.8752
     862.000     -113862.0422
     863.000     -113895.5677
     864.000     -113924.2268
     865.000     -113884.7460
     866.000     -113961.0701
     867.000     -114026.1558
     868.000     -114019.7234
     869.000     -113961.7246
     870.000     -114341.4904
     871.000     -113878.5767
     872.000     -113935.3078
     873.000     -114229.7183
     874.000     -114065.6602
     875.000     -114018.6529
     876.000     -113897.5476
     877.000     -113808.6341
     878.000     -113997.5419
     879.000     -113852.8633
     880.000     -113731.0645
     881.000     -114225.0764
     882.000     -114173.7865
     883.000     -113858.7849
     884.000     -113672.9982
     885.000     -114078.3186
     886.000     -113983.4140
     887.000     -113860.3883
     888.000     -113757.5197
     889.000     -114102.1889
     890.000     -113537.8351
     891.000     -114160.8920
     892.000     -114065.2262
     893.000     -113687.2242
     894.000     -114080.3906
     895.000     -114026.5099
     896.000     -114103.2602
     897.000     -114032.3275
     898.000     -113850.9134
     899.000     -113782.6902
     900.000     -113918.6103
     901.000     -114050.2043
     902.000     -113840.8033
     903.000     -114448.6770
     904.000     -114176.7043
     905.000     -114284.0416
     906.000     -114111.1430
     907.000     -113878.1692
     908.000     -113860.7696
     909.000     -113825.7021
     910.000     -113973.3074
     911.000     -114034.7199
     912.000     -114114.7618
     913.000     -113694.2336
     914.000     -113862.5428
     915.000     -113746.9103
     916.000     -114020.2803
     917.000     -114123.2914
     918.000     -113904.4452
     919.000     -114103.3100
     920.000     -113734.0887
     921.000     -113972.9304
     922.000     -113856.4941
     923.000     -113982.0689
     924.000     -114008.9262
     925.000     -114121.2004
     926.000     -113916.0895
     927.000     -113683.3834
     928.000     -113689.5317
     929.000     -113997.0782
     930.000     -113785.0607
     931.000     -114146.3533
     932.000     -113920.1032
     933.000     -113755.3803
     934.000     -113843.5968
     935.000     -113830.1434
     936.000     -113651.4273
     937.000     -113710.6724
     938.000     -114022.4918
     939.000     -113851.4707
     940.000     -114169.9203
     941.000     -113879.1075
     942.000     -114067.2231
     943.000     -113965.1746
     944.000     -113861.8411
     945.000     -114215.5465
     946.000     -114101.9744
     947.000     -114085.0420
     948.000     -114071.4764
     949.000     -113995.3058
     950.000     -114062.1600
     951.000     -113850.3291
     952.000     -113807.5715
     953.000     -113795.6853
     954.000     -114005.6530
     955.000     -114139.1710
     956.000     -113843.0011
     957.000     -114022.0195
     958.000     -113867.6024
     959.000     -113926.2874
     960.000     -114122.5107
     961.000     -114037.9406
     962.000     -114475.9776
     963.000     -114083.3772
     964.000     -114042.0610
     965.000     -113945.0593
     966.000     -114048.0078
     967.000     -113954.4921
     968.000     -113818.9159
     969.000     -113790.6819
     970.000     -114135.6496
     971.000     -114066.1776
     972.000     -113915.3836
     973.000     -113823.7895
     974.000     -114064.8062
     975.000     -113993.8962
     976.000     -113815.3674
     977.000     -114108.1289
     978.000     -114147.0172
     979.000     -113990.1393
     980.000     -113724.5726
     981.000     -114019.0378
     982.000     -113830.3948
     983.000     -113906.7753
     984.000     -113813.3474
     985.000     -113622.0339
     986.000     -113965.4611
     987.000     -114063.6868
     988.000     -113909.2680
     989.000     -113921.2888
     990.000     -113893.1848
     991.000     -114212.3646
     992.000     -114061.7872
     993.000     -114059.3665
     994.000     -114005.4760
     995.000     -113644.4057
     996.000     -114147.1684
     997.000     -114410.6234
     998.000     -113920.1833
     999.000     -114101.3165
    1000.000     -113927.3151
    1001.000     -114182.8219
    1002.000     -113946.7507
    1003.000     -114157.4667
    1004.000     -114120.4822
    1005.000     -113842.9829
    1006.000     -114032.9458
    1007.000     -114185.0846
    1008.000     -113786.6226
    1009.000     -114085.1994
    1010.000     -113932.8298
    1011.000     -114288.8365
    1012.000     -114109.5869
    1013.000     -113889.2145
    1014.000     -113949.3369
    1015.000     -113641.8241
    1016.000     -113855.6903
    1017.000     -113916.9784
    1018.000     -114315.3834
    1019.000     -113926.3257
    1020.000     -114006.1374
    1021.000     -113786.9120
    1022.000     -114161.9918
    1023.000     -113836.5257
    1024.000     -113741.7789
    1025.000     -114069.6921
    1026.000     -113975.8512
    1027.000     -114158.8986
    1028.000     -113999.7720
    1029.000     -114125.8597
    1030.000     -114091.1361
    1031.000     -113852.8941
    1032.000     -114175.3057
    1033.000     -114182.1279
    1034.000     -114433.1484
    1035.000     -114450.4571
    1036.000     -114193.0021
    1037.000     -113740.0649
    1038.000     -114201.1580
    1039.000     -114024.7545
    1040.000     -114192.9649
    1041.000     -114181.8041
    1042.000     -113925.5645
    1043.000     -113964.5804
    1044.000     -114110.3613
    1045.000     -114126.2524
    1046.000     -113929.8330
    1047.000     -113961.3023
    1048.000     -114357.6020
    1049.000     -114133.0800
    1050.000     -114141.2966
    1051.000     -113757.1944
    1052.000     -113940.8633
    1053.000     -113993.6023
    1054.000     -114122.4208
    1055.000     -113850.9415
    1056.000     -114187.9732
    1057.000     -113890.4939
    1058.000     -114166.5933
    1059.000     -114526.8354
    1060.000     -114015.1228
    1061.000     -113689.6966
    1062.000     -113900.4306
    1063.000     -113999.4252
    1064.000     -114189.6360
    1065.000     -113884.9978
    1066.000     -113862.1763
    1067.000     -114268.6295
    1068.000     -113941.2372
    1069.000     -113951.1785
    1070.000     -113861.1764
    1071.000     -113780.0987
    1072.000     -113992.7683
    1073.000     -113939.1956
    1074.000     -113980.8477
    1075.000     -113950.7727
    1076.000     -113948.4968
    1077.000     -114224.4493
    1078.000     -113935.5835
    1079.000     -114193.2444
    1080.000     -113852.7823
    1081.000     -114010.0943
    1082.000     -114030.7682
    1083.000     -114139.2560
    1084.000     -114243.2601
    1085.000     -113804.0658
    1086.000     -114016.9561
    1087.000     -114087.1796
    1088.000     -114152.8472
    1089.000     -114399.3951
    1090.000     -114124.7005
    1091.000     -114023.0579
    1092.000     -113857.6199
    1093.000     -113902.3122
    1094.000     -113815.3566
    1095.000     -113982.4378
    1096.000     -114026.0156
    1097.000     -113998.7099
    1098.000     -114216.6540
    1099.000     -114130.9518
    1100.000     -114133.3070
    1101.000     -114246.1248
    1102.000     -113988.3663
    1103.000     -113926.6332
    1104.000     -114178.4658
    1105.000     -114243.5066
    1106.000     -114140.4629
    1107.000     -113890.8524
    1108.000     -114001.4312
    1109.000     -114136.4768
    1110.000     -113786.0078
    1111.000     -113777.8855
    1112.000     -113756.5842
    1113.000     -113963.8133
    1114.000     -114114.7721
    1115.000     -114223.4845
    1116.000     -113830.3496
    1117.000     -114105.7581
    1118.000     -114212.4658
    1119.000     -113785.9541
    1120.000     -113771.4903
    1121.000     -113913.5811
    1122.000     -114142.2518
    1123.000     -114060.9754
    1124.000     -113998.0621
    1125.000     -113935.3194
    1126.000     -114085.1718
    1127.000     -114153.2612
    1128.000     -113922.8029
    1129.000     -114138.2108
    1130.000     -113845.7636
    1131.000     -114299.4273
    1132.000     -114228.9092
    1133.000     -114052.9446
    1134.000     -113822.1739
    1135.000     -114001.4401
    1136.000     -113947.6167
    1137.000     -114034.8002
    1138.000     -114071.4983
    1139.000     -114095.9986
    1140.000     -113771.3277
    1141.000     -114041.8563
    1142.000     -114237.7755
    1143.000     -114031.3916
    1144.000     -113596.5423
    1145.000     -113758.2183
    1146.000     -113940.7788
    1147.000     -113842.1115
    1148.000     -113962.3506
    1149.000     -114122.4367
    1150.000     -114106.4211
    1151.000     -113786.1368
    1152.000     -114063.9196
    1153.000     -113997.4237
    1154.000     -113951.2733
    1155.000     -113958.7857
    1156.000     -113981.2839
    1157.000     -114176.6013
    1158.000     -114052.9225
    1159.000     -113892.8919
    1160.000     -114118.6610
    1161.000     -113953.1602
    1162.000     -113813.8620
    1163.000     -113873.5314
    1164.000     -113922.6450
    1165.000     -113841.4211
    1166.000     -113895.7258
    1167.000     -113956.8589
    1168.000     -113763.0149
    1169.000     -113995.2346
    1170.000     -114084.7143
    1171.000     -113931.5269
    1172.000     -113944.1574
    1173.000     -113756.7515
    1174.000     -114055.5994
    1175.000     -113947.6046
    1176.000     -114262.2244
    1177.000     -113771.1061
    1178.000     -113965.8534
    1179.000     -114231.7197
    1180.000     -114053.2815
    1181.000     -114004.0512
    1182.000     -113909.3372
    1183.000     -113901.2838
    1184.000     -113697.1460
    1185.000     -114036.8770
    1186.000     -114109.0094
    1187.000     -113841.2473
    1188.000     -113851.9115
    1189.000     -114148.9270
    1190.000     -114060.9063
    1191.000     -114237.5383
    1192.000     -113976.6823
    1193.000     -114013.2557
    1194.000     -113956.0651
    1195.000     -113956.1935
    1196.000     -113764.6285
    1197.000     -114148.4850
    1198.000     -114161.6795
    1199.000     -114298.7286
    1200.000     -114107.8788
    1201.000     -113912.8967
    1202.000     -114139.9053
    1203.000     -114086.3676
    1204.000     -113907.6373
    1205.000     -114141.3734
    1206.000     -114105.5416
    1207.000     -114088.4644
    1208.000     -114069.0442
    1209.000     -113630.8220
    1210.000     -114042.6596
    1211.000     -113945.4429
    1212.000     -113697.8693
    1213.000     -113871.6477
    1214.000     -114000.5569
    1215.000     -114270.7541
    1216.000     -113810.1090
    1217.000     -114185.1417
    1218.000     -114355.7045
    1219.000     -114016.1802
    1220.000     -113880.6330
    1221.000     -114137.5994
    1222.000     -113857.6709
    1223.000     -114195.6972
    1224.000     -114240.9880
    1225.000     -113793.7146
    1226.000     -114009.1287
    1227.000     -113989.0717
    1228.000     -114053.1321
    1229.000     -113945.7560
    1230.000     -114198.5417
    1231.000     -113927.3886
    1232.000     -114029.9130
    1233.000     -114139.7308
    1234.000     -114088.0780
    1235.000     -113929.4824
    1236.000     -113853.2199
    1237.000     -113833.4328
    1238.000     -114017.2224
    1239.000     -114100.3044
    1240.000     -114053.3716
    1241.000     -113907.6995
    1242.000     -113875.0888
    1243.000     -113913.8602
    1244.000     -114220.5206
    1245.000     -114045.2949
    1246.000     -114036.2595
    1247.000     -113979.1739
    1248.000     -114021.0543
    1249.000     -114266.4929
    1250.000     -114344.8212
    1251.000     -114439.7656
    1252.000     -114065.1189
    1253.000     -114269.9785
    1254.000     -113932.3657
    1255.000     -114081.6210
    1256.000     -113894.1054
    1257.000     -114266.6306
    1258.000     -114135.9833
    1259.000     -114123.7668
    1260.000     -114408.1190
    1261.000     -113972.6857
    1262.000     -114184.8648
    1263.000     -114013.2181
    1264.000     -114058.8338
    1265.000     -114055.3901
    1266.000     -114047.5029
    1267.000     -114175.9081
    1268.000     -114086.3150
    1269.000     -113845.5454
    1270.000     -113980.1759
    1271.000     -113959.8962
    1272.000     -113853.0454
    1273.000     -113771.7586
    1274.000     -114030.8278
    1275.000     -114358.9155
    1276.000     -113907.5475
    1277.000     -114001.0183
    1278.000     -113595.8637
    1279.000     -113959.3331
    1280.000     -113976.7980
    1281.000     -114003.1940
    1282.000     -114499.4498
    1283.000     -114249.4620
    1284.000     -113934.1403
    1285.000     -113977.7042
    1286.000     -114429.6080
    1287.000     -114100.8231
    1288.000     -114046.3231
    1289.000     -114056.2423
    1290.000     -114091.5274
    1291.000     -113928.0176
    1292.000     -113988.6460
    1293.000     -114175.3611
    1294.000     -113978.1872
    1295.000     -114006.5903
    1296.000     -114088.3397
    1297.000     -114141.4853
    1298.000     -114180.3308
    1299.000     -113824.7216
    1300.000     -114116.1776
    1301.000     -114130.7915
    1302.000     -114154.6993
    1303.000     -114245.1145
    1304.000     -113846.5450
    1305.000     -114163.6399
    1306.000     -114257.6518
    1307.000     -113919.6642
    1308.000     -114198.0519
    1309.000     -113941.7244
    1310.000     -113967.5274
    1311.000     -114277.1161
    1312.000     -114148.3992
    1313.000     -114129.4608
    1314.000     -113895.3435
    1315.000     -114106.0200
    1316.000     -113705.6186
    1317.000     -113858.1485
    1318.000     -113611.1387
    1319.000     -113899.9654
    1320.000     -114155.8930
    1321.000     -113951.2734
    1322.000     -114304.7104
    1323.000     -113935.5755
    1324.000     -114087.8030
    1325.000     -113988.6649
    1326.000     -113953.3190
    1327.000     -114031.4161
    1328.000     -114119.8695
    1329.000     -113983.9244
    1330.000     -114093.1126
    1331.000     -113607.4314
    1332.000     -113683.1086
    1333.000     -113964.3775
    1334.000     -113973.6961
    1335.000     -114132.4996
    1336.000     -114094.0531
    1337.000     -114199.8339
    1338.000     -113976.1668
    1339.000     -113876.2591
    1340.000     -113592.8126
    1341.000     -114287.2000
    1342.000     -113901.6548
    1343.000     -113852.8064
    1344.000     -114030.0026
    1345.000     -113878.4709
    1346.000     -113959.1107
    1347.000     -114026.4110
    1348.000     -114085.3202
    1349.000     -114142.7490
    1350.000     -113989.5684
    1351.000     -114110.7546
    1352.000     -114262.2332
    1353.000     -114195.3019
    1354.000     -114062.0601
    1355.000     -114167.4451
    1356.000     -113979.1310
    1357.000     -114116.8640
    1358.000     -114267.6067
    1359.000     -113914.9533
    1360.000     -114309.3712
    1361.000     -114045.5228
    1362.000     -113954.9391
    1363.000     -114229.6487
    1364.000     -113982.7593
    1365.000     -114005.0109
    1366.000     -114069.3878
    1367.000     -114349.8634
    1368.000     -114076.5430
    1369.000     -113848.3418
    1370.000     -114051.0381
    1371.000     -114289.8918
    1372.000     -113858.5482
    1373.000     -114257.0852
    1374.000     -114279.8659
    1375.000     -113842.7482
    1376.000     -113905.4768
    1377.000     -113998.5273
    1378.000     -114241.9177
    1379.000     -114222.4554
    1380.000     -114140.8630
    1381.000     -113920.0735
    1382.000     -114045.1989
    1383.000     -113883.4940
    1384.000     -113746.7559
    1385.000     -113916.4577
    1386.000     -113922.5784
    1387.000     -113827.9446
    1388.000     -114006.2526
    1389.000     -113587.2085
    1390.000     -113873.9179
    1391.000     -113709.9812
    1392.000     -113794.9763
    1393.000     -113801.5335
    1394.000     -113762.1353
    1395.000     -114131.3253
    1396.000     -113848.5453
    1397.000     -114067.4584
    1398.000     -113793.9402
    1399.000     -113810.9064
    1400.000     -113956.7369
    1401.000     -113880.0140
    1402.000     -113707.2569
    1403.000     -113772.8282
    1404.000     -113852.0707
    1405.000     -113894.8954
    1406.000     -113990.1582
    1407.000     -114128.4777
    1408.000     -113720.1628
    1409.000     -113663.1375
    1410.000     -113723.4769
    1411.000     -113981.7770
    1412.000     -114065.0069
    1413.000     -114376.2240
    1414.000     -114032.3579
    1415.000     -114164.5320
    1416.000     -113947.8534
    1417.000     -114132.6089
    1418.000     -114123.9910
    1419.000     -113746.6427
    1420.000     -114142.8195
    1421.000     -113888.7834
    1422.000     -113772.9504
    1423.000     -114016.3422
    1424.000     -114118.0806
    1425.000     -113763.4890
    1426.000     -113858.1466
    1427.000     -113943.2925
    1428.000     -114250.2343
    1429.000     -113936.0625
    1430.000     -114032.4147
    1431.000     -113995.5589
    1432.000     -114044.2182
    1433.000     -114146.3672
    1434.000     -114126.3149
    1435.000     -114119.3986
    1436.000     -114273.7897
    1437.000     -113951.9384
    1438.000     -113907.9523
    1439.000     -114230.8439
    1440.000     -113869.4593
    1441.000     -113924.6444
    1442.000     -113935.8696
    1443.000     -114086.0029
    1444.000     -114052.5063
    1445.000     -114076.3593
    1446.000     -114053.5174
    1447.000     -114202.8007
    1448.000     -113778.7330
    1449.000     -113895.6351
    1450.000     -113879.0092
    1451.000     -114189.0513
    1452.000     -114004.5240
    1453.000     -113841.1833
    1454.000     -114207.2806
    1455.000     -113920.3350
    1456.000     -113881.0308
    1457.000     -113865.6924
    1458.000     -113983.5047
    1459.000     -113863.4692
    1460.000     -114041.9211
    1461.000     -113847.6016
    1462.000     -113917.3961
    1463.000     -114046.0772
    1464.000     -113863.2816
    1465.000     -114029.3342
    1466.000     -114073.9175
    1467.000     -113890.2474
    1468.000     -114220.3012
    1469.000     -114078.2263
    1470.000     -114129.9716
    1471.000     -114167.0491
    1472.000     -114066.6529
    1473.000     -114259.5323
    1474.000     -114031.1102
    1475.000     -114283.8307
    1476.000     -114039.1196
    1477.000     -114107.5499
    1478.000     -113970.8157
    1479.000     -114072.9310
    1480.000     -114001.2268
    1481.000     -113771.6400
    1482.000     -114034.8305
    1483.000     -114006.7535
    1484.000     -114133.3014
    1485.000     -113916.3814
    1486.000     -113969.0031
    1487.000     -113874.6793
    1488.000     -113712.4259
    1489.000     -113877.8160
    1490.000     -114049.8405
    1491.000     -113959.2791
    1492.000     -113708.3308
    1493.000     -113863.2266
    1494.000     -113905.2436
    1495.000     -114197.3891
    1496.000     -113951.2316
    1497.000     -113783.6252
    1498.000     -114203.2366
    1499.000     -113904.8893
    1500.000     -113977.9081
    1501.000     -113909.8638
    1502.000     -114166.7235
    1503.000     -114011.7753
    1504.000     -114331.2108
    1505.000     -114035.4304
    1506.000     -114124.7024
    1507.000     -114088.3735
    1508.000     -113990.0980
    1509.000     -114066.5744
    1510.000     -113857.0577
    1511.000     -114374.9821
    1512.000     -114035.1692
    1513.000     -113899.7327
    1514.000     -113703.6288
    1515.000     -114110.4230
    1516.000     -114131.2345
    1517.000     -113892.7048
    1518.000     -114208.4420
    1519.000     -113927.4366
    1520.000     -114178.3955
    1521.000     -114278.8134
    1522.000     -114098.8065
    1523.000     -114087.0550
    1524.000     -114358.4388
    1525.000     -114239.6452
    1526.000     -114031.1804
    1527.000     -114253.9172
    1528.000     -114231.2629
    1529.000     -114148.8281
    1530.000     -114167.6003
    1531.000     -114036.7424
    1532.000     -113791.3665
    1533.000     -113878.4295
    1534.000     -114169.8097
    1535.000     -114056.5907
    1536.000     -113978.9843
    1537.000     -113852.2757
    1538.000     -114164.7417
    1539.000     -114244.7603
    1540.000     -114031.8010
    1541.000     -113869.9157
    1542.000     -114026.8199
    1543.000     -113976.3317
    1544.000     -114013.7890
    1545.000     -114027.6999
    1546.000     -114230.3047
    1547.000     -114281.3449
    1548.000     -113824.5006
    1549.000     -114098.7546
    1550.000     -114054.1942
    1551.000     -114223.6369
    1552.000     -113950.5893
    1553.000     -113765.0981
    1554.000     -114005.2665
    1555.000     -113981.8728
    1556.000     -113719.0999
    1557.000     -114173.3567
    1558.000     -114209.5620
    1559.000     -113992.6940
    1560.000     -114074.8584
    1561.000     -114102.0516
    1562.000     -113778.9463
    1563.000     -113952.2053
    1564.000     -114167.7051
    1565.000     -114032.5347
    1566.000     -114297.1309
    1567.000     -113585.5735
    1568.000     -113920.8961
    1569.000     -114028.7816
    1570.000     -114014.3162
    1571.000     -114195.3722
    1572.000     -113846.5344
    1573.000     -114224.4564
    1574.000     -113867.7752
    1575.000     -113948.5683
    1576.000     -113976.8622
    1577.000     -114163.3235
    1578.000     -114090.1186
    1579.000     -114071.9260
    1580.000     -114142.6773
    1581.000     -114173.2929
    1582.000     -113920.4840
    1583.000     -114299.6460
    1584.000     -114239.4270
    1585.000     -113970.0141
    1586.000     -113807.9955
    1587.000     -114101.7289
    1588.000     -114079.3568
    1589.000     -114127.2050
    1590.000     -114357.3003
    1591.000     -114250.2271
    1592.000     -114138.8312
    1593.000     -114198.9509
    1594.000     -114197.3253
    1595.000     -114056.9184
    1596.000     -113998.7947
    1597.000     -113899.6933
    1598.000     -114093.2582
    1599.000     -114319.3238
    1600.000     -114359.9305
    1601.000     -113965.3769
    1602.000     -114029.1800
    1603.000     -113860.5468
    1604.000     -114255.2937
    1605.000     -114005.1737
    1606.000     -113699.1484
    1607.000     -113999.9969
    1608.000     -114257.5813
    1609.000     -114191.1201
    1610.000     -114428.0587
    1611.000     -114075.3992
    1612.000     -114038.6240
    1613.000     -113926.4330
    1614.000     -114442.8824
    1615.000     -113824.2366
    1616.000     -114046.3210
    1617.000     -113861.1904
    1618.000     -113770.9123
    1619.000     -114079.8894
    1620.000     -114240.4910
    1621.000     -114154.6461
    1622.000     -114199.7614
    1623.000     -114125.2588
    1624.000     -113944.6257
    1625.000     -114150.6846
    1626.000     -114212.4373
    1627.000     -113810.3744
    1628.000     -113871.9880
    1629.000     -114186.9362
    1630.000     -113706.3715
    1631.000     -114027.8436
    1632.000     -113887.8826
    1633.000     -113794.8852
    1634.000     -114103.7857
    1635.000     -114079.8024
    1636.000     -113921.6425
    1637.000     -114151.7326
    1638.000     -114207.0951
    1639.000     -114197.9783
    1640.000     -113951.0902
    1641.000     -114166.9084
    1642.000     -114266.3499
    1643.000     -113786.0116
    1644.000     -114064.9503
    1645.000     -114366.6271
    1646.000     -113807.5567
    1647.000     -114183.9021
    1648.000     -114048.3991
    1649.000     -114173.9908
    1650.000     -113878.2196
    1651.000     -113911.1295
    1652.000     -113963.1624
    1653.000     -114098.9544
    1654.000     -113767.0119
    1655.000     -114099.1725
    1656.000     -113839.7302
    1657.000     -114108.1296
    1658.000     -114117.1670
    1659.000     -114141.8145
    1660.000     -114188.1048
    1661.000     -114018.8430
    1662.000     -114212.4403
    1663.000     -114413.8605
    1664.000     -114203.3229
    1665.000     -114104.3276
    1666.000     -114220.8388
    1667.000     -113907.9914
    1668.000     -114162.1561
    1669.000     -113883.0761
    1670.000     -114289.5941
    1671.000     -114100.0667
    1672.000     -114559.1819
    1673.000     -114355.7376
    1674.000     -113886.5350
    1675.000     -114214.0156
    1676.000     -114021.0512
    1677.000     -114071.4399
    1678.000     -113913.8727
    1679.000     -114037.0666
    1680.000     -114051.3166
    1681.000     -113915.9597
    1682.000     -114229.1992
    1683.000     -114142.2572
    1684.000     -114410.9208
    1685.000     -114086.3086
    1686.000     -114021.4172
    1687.000     -113942.6319
    1688.000     -113751.1407
    1689.000     -114017.9278
    1690.000     -113963.0294
    1691.000     -114281.1502
    1692.000     -114009.8276
    1693.000     -114154.7435
    1694.000     -114167.8093
    1695.000     -113869.9191
    1696.000     -113899.0482
    1697.000     -113976.4590
    1698.000     -114142.6326
    1699.000     -114295.2038
    1700.000     -114189.5161
    1701.000     -114284.5084
    1702.000     -114190.5069
    1703.000     -114089.7310
    1704.000     -114251.9326
    1705.000     -114109.3071
    1706.000     -113821.1023
    1707.000     -113883.5943
    1708.000     -114429.8376
    1709.000     -114286.8101
    1710.000     -114138.8813
    1711.000     -113855.2327
    1712.000     -114373.1776
    1713.000     -114038.2693
    1714.000     -114273.0032
    1715.000     -113968.6464
    1716.000     -114263.9516
    1717.000     -113771.5527
    1718.000     -113931.9110
    1719.000     -114024.2453
    1720.000     -114341.5204
    1721.000     -114370.6764
    1722.000     -114208.8142
    1723.000     -114167.0449
    1724.000     -114083.8431
    1725.000     -114427.5947
    1726.000     -114165.7767
    1727.000     -113849.8766
    1728.000     -114084.6170
    1729.000     -113875.9516
    1730.000     -113923.5955
    1731.000     -114050.2188
    1732.000     -113938.6803
    1733.000     -113793.3666
    1734.000     -114279.6143
    1735.000     -114178.7139
    1736.000     -113929.4737
    1737.000     -114112.5106
    1738.000     -114010.1716
    1739.000     -114320.1601
    1740.000     -114000.7446
    1741.000     -114065.7074
    1742.000     -114065.3939
    1743.000     -114461.7324
    1744.000     -114174.2900
    1745.000     -114133.2535
    1746.000     -114105.1281
    1747.000     -114340.1804
    1748.000     -114207.7427
    1749.000     -113996.0681
    1750.000     -113856.2496
    1751.000     -114051.3848
    1752.000     -113930.5607
    1753.000     -114182.3276
    1754.000     -114086.9455
    1755.000     -114063.7580
    1756.000     -114267.5016
    1757.000     -114313.4905
    1758.000     -113899.7382
    1759.000     -113700.3807
    1760.000     -114443.0529
    1761.000     -114008.7684
    1762.000     -114270.5837
    1763.000     -113974.6527
    1764.000     -114548.0783
    1765.000     -114126.3500
    1766.000     -114127.5567
    1767.000     -114115.1072
    1768.000     -114163.7948
    1769.000     -114395.6695
    1770.000     -114158.0634
    1771.000     -113819.2514
    1772.000     -113835.6040
    1773.000     -113866.2261
    1774.000     -114194.9594
    1775.000     -114184.5542
    1776.000     -114146.2048
    1777.000     -113955.6251
    1778.000     -114195.6034
    1779.000     -113928.1973
    1780.000     -114018.3074
    1781.000     -114122.2200
    1782.000     -114182.8601
    1783.000     -114066.1508
    1784.000     -113922.0451
    1785.000     -114264.5613
    1786.000     -114124.2776
    1787.000     -114064.5878
    1788.000     -113908.7610
    1789.000     -113847.0296
    1790.000     -114151.3648
    1791.000     -114141.3177
    1792.000     -113997.2370
    1793.000     -114028.8926
    1794.000     -114076.5129
    1795.000     -113927.0507
    1796.000     -114161.9076
    1797.000     -114007.5224
    1798.000     -114231.8418
    1799.000     -114179.3752
    1800.000     -114124.6248
    1801.000     -114173.4635
    1802.000     -114144.5789
    1803.000     -113889.1017
    1804.000     -113950.8011
    1805.000     -113866.1331
    1806.000     -114023.0895
    1807.000     -114303.0112
    1808.000     -114133.3798
    1809.000     -113898.0230
    1810.000     -114220.0376
    1811.000     -114203.9449
    1812.000     -114185.5145
    1813.000     -114065.1778
    1814.000     -114212.6495
    1815.000     -114000.9075
    1816.000     -114116.2953
    1817.000     -114357.1969
    1818.000     -114076.4766
    1819.000     -113965.3490
    1820.000     -114187.1832
    1821.000     -114135.3578
    1822.000     -114211.3917
    1823.000     -114022.1877
    1824.000     -114087.7016
    1825.000     -114003.1142
    1826.000     -114045.5912
    1827.000     -114062.6638
    1828.000     -114088.6270
    1829.000     -114092.5497
    1830.000     -114178.4909
    1831.000     -114055.3692
    1832.000     -114025.1013
    1833.000     -114199.1259
    1834.000     -114056.9645
    1835.000     -113928.5765
    1836.000     -114191.9241
    1837.000     -114162.2229
    1838.000     -113888.2593
    1839.000     -114056.7015
    1840.000     -113811.1216
    1841.000     -114479.3805
    1842.000     -114176.3706
    1843.000     -114315.9943
    1844.000     -114188.1607
    1845.000     -113929.8078
    1846.000     -114134.2502
    1847.000     -114054.5696
    1848.000     -113973.8607
    1849.000     -114139.0618
    1850.000     -113822.6660
    1851.000     -114194.2001
    1852.000     -113938.2174
    1853.000     -113942.2958
    1854.000     -113861.6670
    1855.000     -114099.1755
    1856.000     -113855.9038
    1857.000     -113965.3951
    1858.000     -113786.8511
    1859.000     -114259.7354
    1860.000     -113983.4070
    1861.000     -113882.1115
    1862.000     -113845.8717
    1863.000     -113920.5979
    1864.000     -113854.5772
    1865.000     -114139.9730
    1866.000     -114315.4697
    1867.000     -114189.9135
    1868.000     -114112.0027
    1869.000     -114365.1294
    1870.000     -113942.7019
    1871.000     -114156.9064
    1872.000     -113963.3820
    1873.000     -114091.4921
    1874.000     -114305.7343
    1875.000     -114216.2435
    1876.000     -113792.7998
    1877.000     -114065.7543
    1878.000     -113732.4050
    1879.000     -114027.9505
    1880.000     -114031.7495
    1881.000     -113891.3692
    1882.000     -113784.2099
    1883.000     -113884.1701
    1884.000     -114173.3419
    1885.000     -114145.7357
    1886.000     -114349.2164
    1887.000     -114338.2538
    1888.000     -114233.7963
    1889.000     -113724.4280
    1890.000     -114204.2524
    1891.000     -114196.3969
    1892.000     -114163.9087
    1893.000     -113937.9460
    1894.000     -113793.2861
    1895.000     -114000.2165
    1896.000     -113938.8328
    1897.000     -113889.1040
    1898.000     -113960.6141
    1899.000     -114351.7906
    1900.000     -114064.4709
    1901.000     -114360.5265
    1902.000     -114320.2377
    1903.000     -114454.2172
    1904.000     -114090.0489
    1905.000     -114244.6731
    1906.000     -114235.6560
    1907.000     -113876.0348
    1908.000     -114248.9872
    1909.000     -114341.0890
    1910.000     -114025.2052
    1911.000     -114217.7795
    1912.000     -114229.3152
    1913.000     -114061.6970
    1914.000     -114032.8082
    1915.000     -114007.1968
    1916.000     -114134.7325
    1917.000     -114129.8608
    1918.000     -114061.5290
    1919.000     -113789.7964
    1920.000     -113830.4171
    1921.000     -114161.5535
    1922.000     -113961.3468
    1923.000     -114435.8500
    1924.000     -114053.6432
    1925.000     -114023.4787
    1926.000     -114265.4740
    1927.000     -114223.5254
    1928.000     -114334.5800
    1929.000     -114091.2354
    1930.000     -114177.9976
    1931.000     -114160.6033
    1932.000     -113932.1139
    1933.000     -114079.8181
    1934.000     -114082.4483
    1935.000     -113744.9688
    1936.000     -114066.5234
    1937.000     -114135.3028
    1938.000     -113904.9416
    1939.000     -114361.6302
    1940.000     -114209.6831
    1941.000     -114321.8930
    1942.000     -114066.2673
    1943.000     -114248.1760
    1944.000     -114013.8858
    1945.000     -114141.1860
    1946.000     -114075.3761
    1947.000     -114045.5455
    1948.000     -114130.3119
    1949.000     -114109.3920
    1950.000     -114102.5587
    1951.000     -114103.0195
    1952.000     -114207.4681
    1953.000     -114288.0622
    1954.000     -114131.2669
    1955.000     -113863.3991
    1956.000     -114211.0903
    1957.000     -113942.2906
    1958.000     -114083.7279
    1959.000     -114418.0276
    1960.000     -114009.2984
    1961.000     -114140.2274
    1962.000     -114211.1953
    1963.000     -114027.2721
    1964.000     -114090.3040
    1965.000     -113943.5212
    1966.000     -114076.6169
    1967.000     -114257.6697
    1968.000     -113960.7006
    1969.000     -114178.5008
    1970.000     -114011.8700
    1971.000     -113823.2047
    1972.000     -114151.6382
    1973.000     -113952.0424
    1974.000     -114100.7817
    1975.000     -113903.9951
    1976.000     -114113.6746
    1977.000     -114054.7927
    1978.000     -113846.3120
    1979.000     -114170.1272
    1980.000     -114270.1892
    1981.000     -114035.9045
    1982.000     -113779.7686
    1983.000     -114213.5310
    1984.000     -114262.9980
    1985.000     -113929.2297
    1986.000     -114390.3865
    1987.000     -114158.8973
    1988.000     -113873.7504
    1989.000     -114252.9178
    1990.000     -113950.5530
    1991.000     -114021.4038
    1992.000     -114067.6977
    1993.000     -114155.9826
    1994.000     -114234.5572
    1995.000     -114032.1303
    1996.000     -113856.4791
    1997.000     -113894.0220
    1998.000     -114205.3493
    1999.000     -114244.6741
    2000.000     -114266.6189
    2001.000     -114226.8822
    2002.000     -114080.0444
    2003.000     -114270.3515
    2004.000     -114088.1944
    2005.000     -114273.5406
    2006.000     -114191.5365
    2007.000     -114028.2042
    2008.000     -114304.5741
    2009.000     -114207.5121
    2010.000     -114066.9371
    2011.000     -114023.7033
    2012.000     -113892.7669
    2013.000     -113912.6996
    2014.000     -113840.1128
    2015.000     -113881.3064
    2016.000     -114125.2488
    2017.000     -114055.6956
    2018.000     -114069.9968
    2019.000     -114083.8233
    2020.000     -114201.4376
    2021.000     -114208.2013
    2022.000     -114067.2232
    2023.000     -114185.6149
    2024.000     -114112.5458
    2025.000     -114446.1840
    2026.000     -114296.7343
    2027.000     -114113.2362
    2028.000     -114170.6341
    2029.000     -113970.5344
    2030.000     -113962.4439
    2031.000     -113890.7724
    2032.000     -114210.1734
    2033.000     -113927.3380
    2034.000     -114100.5029
    2035.000     -113976.5420
    2036.000     -114191.5673
    2037.000     -114083.1661
    2038.000     -113926.5196
    2039.000     -114264.0179
    2040.000     -114276.9493
    2041.000     -114013.8629
    2042.000     -114474.5879
    2043.000     -114261.1234
    2044.000     -114067.8087
    2045.000     -113950.0722
    2046.000     -114073.3599
    2047.000     -113883.8315
    2048.000     -113968.7570
    2049.000     -114251.5290
    2050.000     -114060.2738
    2051.000     -114063.5885
    2052.000     -114048.3568
    2053.000     -114102.8205
    2054.000     -114235.4045
    2055.000     -114174.4721
    2056.000     -114313.1202
    2057.000     -114270.5925
    2058.000     -113944.1347
    2059.000     -114079.6106
    2060.000     -113938.3237
    2061.000     -113929.4499
    2062.000     -114255.5590
    2063.000     -114078.0391
    2064.000     -114112.9429
    2065.000     -114195.3618
    2066.000     -113917.1688
    2067.000     -114204.7131
    2068.000     -114125.8434
    2069.000     -114242.9862
    2070.000     -114247.4239
    2071.000     -114033.2792
    2072.000     -113821.1861
    2073.000     -114495.5675
    2074.000     -114321.6546
    2075.000     -114132.3294
    2076.000     -113821.5097
    2077.000     -114352.5234
    2078.000     -113905.2107
    2079.000     -114345.2219
    2080.000     -114430.7645
    2081.000     -114278.7119
    2082.000     -114043.6792
    2083.000     -114166.7801
    2084.000     -113657.8822
    2085.000     -113870.7718
    2086.000     -113966.7652
    2087.000     -114246.3804
    2088.000     -114080.5944
    2089.000     -113858.5205
    2090.000     -113970.7439
    2091.000     -113850.9577
    2092.000     -114144.8317
    2093.000     -114363.5897
    2094.000     -113893.4064
    2095.000     -113978.9720
    2096.000     -113929.6884
    2097.000     -114014.6085
    2098.000     -114134.1990
    2099.000     -113854.0344
    2100.000     -114084.4753
    2101.000     -114264.6734
    2102.000     -114208.4592
    2103.000     -114077.0407
    2104.000     -113888.3204
    2105.000     -113831.5156
    2106.000     -114069.4409
    2107.000     -114356.8287
    2108.000     -114187.7219
    2109.000     -113933.6873
    2110.000     -114175.1884
    2111.000     -113970.4536
    2112.000     -114017.6565
    2113.000     -114191.1972
    2114.000     -113881.0280
    2115.000     -114285.1686
    2116.000     -114033.2422
    2117.000     -113920.8485
    2118.000     -114063.6294
    2119.000     -114032.6936
    2120.000     -114272.8359
    2121.000     -114376.5467
    2122.000     -114562.0057
    2123.000     -114480.4694
    2124.000     -114291.2877
    2125.000     -114144.2020
    2126.000     -114150.8559
    2127.000     -113787.4477
    2128.000     -113929.9592
    2129.000     -114079.8621
    2130.000     -114012.1314
    2131.000     -114016.8947
    2132.000     -114137.8835
    2133.000     -113958.5705
    2134.000     -114318.5275
    2135.000     -114038.4582
    2136.000     -114063.7254
    2137.000     -113992.6992
    2138.000     -114243.2337
    2139.000     -113984.7986
    2140.000     -113956.4883
    2141.000     -114063.9921
    2142.000     -114106.2430
    2143.000     -113960.9878
    2144.000     -114343.2611
    2145.000     -114082.4232
    2146.000     -114273.2243
    2147.000     -113947.7266
    2148.000     -114082.2328
    2149.000     -114334.5131
    2150.000     -114246.8791
    2151.000     -114376.3780
    2152.000     -113933.5717
    2153.000     -114311.4016
    2154.000     -113793.6743
    2155.000     -114061.3995
    2156.000     -113981.5926
    2157.000     -114162.5606
    2158.000     -114158.6411
    2159.000     -114229.6782
    2160.000     -114078.1423
    2161.000     -113707.4171
    2162.000     -114063.3615
    2163.000     -113921.1972
    2164.000     -114301.9786
    2165.000     -114154.6929
    2166.000     -114149.4829
    2167.000     -113765.6835
    2168.000     -114009.5208
    2169.000     -114043.6939
    2170.000     -113921.6359
    2171.000     -113756.3628
    2172.000     -114007.8079
    2173.000     -113932.3927
    2174.000     -114059.3859
    2175.000     -114133.7646
    2176.000     -113973.5902
    2177.000     -114234.7888
    2178.000     -113925.0578
    2179.000     -114143.2494
    2180.000     -113971.1688
    2181.000     -114286.3696
    2182.000     -114216.0523
    2183.000     -114098.6607
    2184.000     -114391.5991
    2185.000     -113996.2112
    2186.000     -114170.9754
    2187.000     -114303.3404
    2188.000     -113657.0571
    2189.000     -113868.7958
    2190.000     -114065.1424
    2191.000     -114159.6393
    2192.000     -114137.1287
    2193.000     -114074.3492
    2194.000     -113963.2487
    2195.000     -114169.3864
    2196.000     -114383.5567
    2197.000     -114184.9715
    2198.000     -114234.6808
    2199.000     -114371.8903
    2200.000     -114216.5557
    2201.000     -113971.9914
    2202.000     -114321.4094
    2203.000     -113864.0605
    2204.000     -114436.9968
    2205.000     -114367.2498
    2206.000     -114217.4841
    2207.000     -114225.7093
    2208.000     -113948.4398
    2209.000     -113960.5567
    2210.000     -114119.7302
    2211.000     -114061.8887
    2212.000     -114486.3766
    2213.000     -113946.0629
    2214.000     -114101.3584
    2215.000     -113936.9278
    2216.000     -113942.7822
    2217.000     -113934.7127
    2218.000     -114199.0062
    2219.000     -114184.7160
    2220.000     -114188.8704
    2221.000     -114160.7957
    2222.000     -114018.2811
    2223.000     -114187.4176
    2224.000     -114340.3963
    2225.000     -113906.8483
    2226.000     -114061.6917
    2227.000     -113849.1637
    2228.000     -114240.9694
    2229.000     -114082.3871
    2230.000     -114397.1216
    2231.000     -114459.1436
    2232.000     -114132.5567
    2233.000     -113987.9935
    2234.000     -113964.0666
    2235.000     -114041.6826
    2236.000     -114011.2141
    2237.000     -114007.4610
    2238.000     -114185.4444
    2239.000     -113795.2466
    2240.000     -114167.7025
    2241.000     -114025.0468
    2242.000     -114234.7331
    2243.000     -113999.3035
    2244.000     -114278.3118
    2245.000     -113762.5901
    2246.000     -114073.9663
    2247.000     -114128.9968
    2248.000     -114291.2291
    2249.000     -114074.2952
    2250.000     -114392.9157
    2251.000     -114355.4463
    2252.000     -114318.2861
    2253.000     -114204.9896
    2254.000     -114291.3109
    2255.000     -114134.2448
    2256.000     -114143.7842
    2257.000     -114251.0886
    2258.000     -114252.2144
    2259.000     -114470.9228
    2260.000     -114002.2328
    2261.000     -114208.5853
    2262.000     -114183.8243
    2263.000     -114274.3192
    2264.000     -114073.4040
    2265.000     -113950.0133
    2266.000     -114045.8167
    2267.000     -114280.8774
    2268.000     -114077.6691
    2269.000     -114179.4636
    2270.000     -114448.8938
    2271.000     -113806.7575
    2272.000     -114160.2461
    2273.000     -113955.8800
    2274.000     -113646.7698
    2275.000     -114030.1703
    2276.000     -114075.2233
    2277.000     -114342.4561
    2278.000     -114134.5136
    2279.000     -114179.9249
    2280.000     -114023.6534
    2281.000     -114213.2076
    2282.000     -114184.5884
    2283.000     -114102.5234
    2284.000     -113755.9034
    2285.000     -114368.8424
    2286.000     -114045.8908
    2287.000     -113918.7644
    2288.000     -114271.4569
    2289.000     -114181.1139
    2290.000     -114083.0584
    2291.000     -114272.9209
    2292.000     -114216.6193
    2293.000     -114234.7439
    2294.000     -114272.0319
    2295.000     -114065.4046
    2296.000     -114505.2185
    2297.000     -114656.7743
    2298.000     -114085.8923
    2299.000     -114098.8180
    2300.000     -114043.1059
    2301.000     -114150.0404
    2302.000     -114162.8448
    2303.000     -114446.2195
    2304.000     -113975.6635
    2305.000     -114279.9162
    2306.000     -114157.0820
    2307.000     -114116.1359
    2308.000     -114013.4743
    2309.000     -114039.6622
    2310.000     -114273.9567
    2311.000     -114253.1898
    2312.000     -114392.5431
    2313.000     -114247.8229
    2314.000     -114335.6400
    2315.000     -114343.5293
    2316.000     -114103.1392
    2317.000     -114138.3085
    2318.000     -114188.9623
    2319.000     -114106.6830
    2320.000     -114023.2650
    2321.000     -114186.5239
    2322.000     -114199.1598
    2323.000     -114158.9004
    2324.000     -114103.5919
    2325.000     -114024.6404
    2326.000     -114253.8961
    2327.000     -114166.2267
    2328.000     -114141.2362
    2329.000     -113811.6321
    2330.000     -114034.2474
    2331.000     -114234.1292
    2332.000     -113913.3755
    2333.000     -113764.2811
    2334.000     -114076.7216
    2335.000     -114118.8070
    2336.000     -114101.7625
    2337.000     -114346.3191
    2338.000     -113899.4199
    2339.000     -114131.0913
    2340.000     -114063.0274
    2341.000     -114201.8619
    2342.000     -113951.7027
    2343.000     -114239.5554
    2344.000     -113916.9801
    2345.000     -114034.9093
    2346.000     -114029.0264
    2347.000     -114077.4569
    2348.000     -114347.9564
    2349.000     -113769.9981
    2350.000     -114086.3405
    2351.000     -114057.0751
    2352.000     -114151.9080
    2353.000     -114369.6437
    2354.000     -114007.0163
    2355.000     -113728.4592
    2356.000     -114249.3739
    2357.000     -114144.5014
    2358.000     -114024.1094
    2359.000     -114075.4071
    2360.000     -114249.3934
    2361.000     -114337.9237
    2362.000     -114294.6260
    2363.000     -114090.9393
    2364.000     -113921.7401
    2365.000     -114143.9046
    2366.000     -114053.3576
    2367.000     -114204.5219
    2368.000     -114288.2651
    2369.000     -113886.1658
    2370.000     -114314.8262
    2371.000     -114016.4118
    2372.000     -114089.5817
    2373.000     -114080.8300
    2374.000     -114235.6624
    2375.000     -114015.0733
    2376.000     -114118.3658
    2377.000     -114206.4317
    2378.000     -114141.4880
    2379.000     -114054.3614
    2380.000     -114056.3717
    2381.000     -114200.1950
    2382.000     -114110.7209
    2383.000     -114114.0987
    2384.000     -114312.2629
    2385.000     -114132.6411
    2386.000     -114166.6583
    2387.000     -114125.1379
    2388.000     -114378.3411
    2389.000     -114343.7002
    2390.000     -114110.2134
    2391.000     -114125.3606
    2392.000     -114606.7087
    2393.000     -114265.3699
    2394.000     -114373.8259
    2395.000     -114200.9121
    2396.000     -114265.6260
    2397.000     -113932.0209
    2398.000     -114149.5270
    2399.000     -114107.1395
    2400.000     -114103.7319
    2401.000     -114223.3658
    2402.000     -113909.5902
    2403.000     -114080.9762
    2404.000     -114371.2772
    2405.000     -114011.1814
    2406.000     -113883.3463
    2407.000     -114302.5993
    2408.000     -113953.6433
    2409.000     -114134.6129
    2410.000     -114197.6044
    2411.000     -113900.1468
    2412.000     -114167.8661
    2413.000     -114305.0810
    2414.000     -114062.8271
    2415.000     -114295.1369
    2416.000     -114053.7743
    2417.000     -114141.9973
    2418.000     -114245.6297
    2419.000     -114064.2242
    2420.000     -114330.0197
    2421.000     -114214.0118
    2422.000     -113991.2594
    2423.000     -114082.6932
    2424.000     -113915.6634
    2425.000     -114095.5721
    2426.000     -114353.1906
    2427.000     -114354.4064
    2428.000     -114260.1897
    2429.000     -114094.5137
    2430.000     -114214.2998
    2431.000     -113930.2468
    2432.000     -114015.9345
    2433.000     -114241.8209
    2434.000     -113962.4919
    2435.000     -114189.3731
    2436.000     -114270.3906
    2437.000     -113971.5528
    2438.000     -114313.1520
    2439.000     -114430.0980
    2440.000     -114245.4596
    2441.000     -114134.5519
    2442.000     -114083.5006
    2443.000     -114184.5438
    2444.000     -113897.6218
    2445.000     -113994.2720
    2446.000     -114114.3009
    2447.000     -113986.8437
    2448.000     -114153.4415
    2449.000     -114002.4200
    2450.000     -114079.9744
    2451.000     -114060.9318
    2452.000     -114034.2500
    2453.000     -114082.4505
    2454.000     -114463.8673
    2455.000     -114282.8562
    2456.000     -114235.2611
    2457.000     -114295.7280
    2458.000     -114336.5311
    2459.000     -114324.4871
    2460.000     -114144.1632
    2461.000     -114076.0545
    2462.000     -114273.2861
    2463.000     -114330.2105
    2464.000     -113875.7420
    2465.000     -114234.2225
    2466.000     -114350.3864
    2467.000     -114432.9365
    2468.000     -114349.9333
    2469.000     -114377.1305
    2470.000     -114218.7677
    2471.000     -114368.4274
    2472.000     -114451.4332
    2473.000     -114379.7630
    2474.000     -114488.2550
    2475.000     -114221.8378
    2476.000     -114136.2760
    2477.000     -114436.2131
    2478.000     -114199.1982
    2479.000     -114223.4350
    2480.000     -114271.5129
    2481.000     -113987.0809
    2482.000     -114152.3909
    2483.000     -113889.2195
    2484.000     -114241.6009
    2485.000     -114270.3424
    2486.000     -114010.4319
    2487.000     -113983.5438
    2488.000     -114199.6342
    2489.000     -113919.1182
    2490.000     -114080.3666
    2491.000     -114043.7204
    2492.000     -113926.2475
    2493.000     -114082.1494
    2494.000     -114117.3395
    2495.000     -114050.0237
    2496.000     -114186.8297
    2497.000     -114331.8233
    2498.000     -114322.7087
    2499.000     -114264.0068
    2500.000     -114478.5939
    2501.000     -114104.5739
    2502.000     -114367.2869
    2503.000     -114101.9142
    2504.000     -113998.7997
    2505.000     -114061.7288
    2506.000     -114245.9715
    2507.000     -114258.8273
    2508.000     -114245.2018
    2509.000     -114130.9225
    2510.000     -114167.1672
    2511.000     -114332.5409
    2512.000     -114286.6545
    2513.000     -114190.3763
    2514.000     -114195.4956
    2515.000     -114007.2475
    2516.000     -114256.6544
    2517.000     -113724.1560
    2518.000     -113980.9117
    2519.000     -114426.6274
    2520.000     -114166.3695
    2521.000     -114205.3205
    2522.000     -114073.2476
    2523.000     -114209.8748
    2524.000     -114050.1996
    2525.000     -114272.1721
    2526.000     -114233.9477
    2527.000     -113872.9037
    2528.000     -114131.9089
    2529.000     -113958.1152
    2530.000     -114136.4573
    2531.000     -113849.4434
    2532.000     -113890.7049
    2533.000     -113837.0783
    2534.000     -114316.7648
    2535.000     -113985.6208
    2536.000     -114127.2215
    2537.000     -114093.0973
    2538.000     -113752.1153
    2539.000     -113829.2259
    2540.000     -114127.7450
    2541.000     -114057.8291
    2542.000     -114260.3173
    2543.000     -114020.6821
    2544.000     -113896.5925
    2545.000     -114090.8950
    2546.000     -114145.1476
    2547.000     -113928.1284
    2548.000     -113946.0554
    2549.000     -113875.7721
    2550.000     -113942.3046
    2551.000     -114045.1278
    2552.000     -114471.7918
    2553.000     -114246.5256
    2554.000     -114288.1742
    2555.000     -114199.7413
    2556.000     -114237.5304
    2557.000     -113999.2714
    2558.000     -114032.4745
    2559.000     -114318.9015
    2560.000     -114420.1865
    2561.000     -114209.5069
    2562.000     -114316.7895
    2563.000     -114097.6571
    2564.000     -114492.9480
    2565.000     -114325.8235
    2566.000     -114248.7960
    2567.000     -114263.3281
    2568.000     -114171.9629
    2569.000     -113983.4000
    2570.000     -114087.4273
    2571.000     -114214.3516
    2572.000     -114225.4506
    2573.000     -114202.4591
    2574.000     -114207.6283
    2575.000     -113873.2148
    2576.000     -113985.9873
    2577.000     -114346.6275
    2578.000     -114284.0720
    2579.000     -114244.4348
    2580.000     -114278.7951
    2581.000     -114173.9417
    2582.000     -113987.8171
    2583.000     -114261.7350
    2584.000     -114109.5986
    2585.000     -114193.9834
    2586.000     -113836.5097
    2587.000     -114110.9003
    2588.000     -113931.0192
    2589.000     -114106.5660
    2590.000     -113932.6662
    2591.000     -113899.6341
    2592.000     -114023.4432
    2593.000     -114243.8879
    2594.000     -114023.4261
    2595.000     -114067.1983
    2596.000     -114047.6662
    2597.000     -114292.4187
    2598.000     -114311.9765
    2599.000     -114168.9089
    2600.000     -114056.3292
    2601.000     -114103.4007
    2602.000     -114267.7693
    2603.000     -114014.7524
    2604.000     -114049.1138
    2605.000     -114080.1770
    2606.000     -114039.7035
    2607.000     -114337.7829
    2608.000     -114342.7965
    2609.000     -114193.3296
    2610.000     -114073.1365
    2611.000     -113918.0524
    2612.000     -114397.7680
    2613.000     -114418.5638
    2614.000     -114383.6802
    2615.000     -114091.5941
    2616.000     -114354.1817
    2617.000     -114348.9741
    2618.000     -114219.5709
    2619.000     -114207.8207
    2620.000     -114024.5739
    2621.000     -114296.2278
    2622.000     -114025.2441
    2623.000     -113937.7845
    2624.000     -114320.9561
    2625.000     -114096.4788
    2626.000     -114374.2637
    2627.000     -114380.3220
    2628.000     -114425.9005
    2629.000     -114273.3930
    2630.000     -114245.2362
    2631.000     -114009.2494
    2632.000     -114304.4903
    2633.000     -114261.1166
    2634.000     -114061.1402
    2635.000     -114279.3775
    2636.000     -114332.2887
    2637.000     -114507.5705
    2638.000     -114154.5320
    2639.000     -114188.4812
    2640.000     -113889.9961
    2641.000     -114176.7397
    2642.000     -114060.0424
    2643.000     -113956.5702
    2644.000     -114086.6799
    2645.000     -114234.4551
    2646.000     -114062.1154
    2647.000     -114210.1982
    2648.000     -114033.2426
    2649.000     -114552.4394
    2650.000     -114413.6432
    2651.000     -114406.4448
    2652.000     -114380.2716
    2653.000     -114053.9915
    2654.000     -114128.7158
    2655.000     -114178.2919
    2656.000     -114210.7224
    2657.000     -114160.9715
    2658.000     -114364.5555
    2659.000     -114213.2176
    2660.000     -114343.1940
    2661.000     -114141.8587
    2662.000     -114341.5667
    2663.000     -114453.7102
    2664.000     -113988.3952
    2665.000     -114135.2583
    2666.000     -114287.8822
    2667.000     -113987.0932
    2668.000     -114382.5831
    2669.000     -114267.2485
    2670.000     -114236.2328
    2671.000     -114002.4231
    2672.000     -114351.6309
    2673.000     -114166.9669
    2674.000     -114049.6151
    2675.000     -113915.7985
    2676.000     -114287.2379
    2677.000     -114175.0621
    2678.000     -114163.4381
    2679.000     -114083.2193
    2680.000     -114319.2169
    2681.000     -113852.7797
    2682.000     -114118.6357
    2683.000     -114132.5658
    2684.000     -114277.5178
    2685.000     -114181.2038
    2686.000     -114177.5035
    2687.000     -114045.9528
    2688.000     -114036.2066
    2689.000     -113930.2070
    2690.000     -113885.8669
    2691.000     -113915.9599
    2692.000     -114132.5960
    2693.000     -114159.9762
    2694.000     -114001.3932
    2695.000     -114203.4915
    2696.000     -114254.9449
    2697.000     -114087.7114
    2698.000     -113786.3773
    2699.000     -114206.2755
    2700.000     -114162.4558
    2701.000     -114417.3597
    2702.000     -114393.0276
    2703.000     -114150.6558
    2704.000     -114093.7772
    2705.000     -114102.7324
    2706.000     -114374.6753
    2707.000     -114332.1043
    2708.000     -114221.9289
    2709.000     -114030.0966
    2710.000     -114312.2065
    2711.000     -113646.4795
    2712.000     -114163.5315
    2713.000     -113927.6149
    2714.000     -113851.7236
    2715.000     -113988.9608
    2716.000     -113818.6918
    2717.000     -114155.2871
    2718.000     -113969.0196
    2719.000     -113975.5396
    2720.000     -114164.0107
    2721.000     -114272.9950
    2722.000     -114057.2388
    2723.000     -114232.9395
    2724.000     -114311.9665
    2725.000     -114119.6446
    2726.000     -114193.0249
    2727.000     -114304.2404
    2728.000     -114135.2151
    2729.000     -114231.9244
    2730.000     -113885.5368
    2731.000     -114186.5262
    2732.000     -114250.9302
    2733.000     -114195.9587
    2734.000     -113774.4205
    2735.000     -114191.2067
    2736.000     -114016.1490
    2737.000     -114038.5414
    2738.000     -114509.7980
    2739.000     -114231.9011
    2740.000     -114313.7206
    2741.000     -114280.0140
    2742.000     -114082.2230
    2743.000     -114088.0578
    2744.000     -114083.0479
    2745.000     -114180.0000
    2746.000     -114425.7087
    2747.000     -114228.2830
    2748.000     -114454.6668
    2749.000     -114307.1616
    2750.000     -114416.2550
    2751.000     -114284.4090
    2752.000     -114120.0933
    2753.000     -114170.7669
    2754.000     -114242.9777
    2755.000     -114170.2926
    2756.000     -114541.0964
    2757.000     -114075.4592
    2758.000     -114151.9915
    2759.000     -114222.0287
    2760.000     -113954.3540
    2761.000     -113975.5073
    2762.000     -114243.9499
    2763.000     -114140.0857
    2764.000     -114145.2707
    2765.000     -114301.3120
    2766.000     -114001.9200
    2767.000     -114180.8931
    2768.000     -114379.3765
    2769.000     -114383.7675
    2770.000     -114352.6272
    2771.000     -114252.2865
    2772.000     -114231.2340
    2773.000     -114097.6927
    2774.000     -114367.6711
    2775.000     -114131.4326
    2776.000     -113965.1850
    2777.000     -114227.9516
    2778.000     -114300.4729
    2779.000     -114198.1331
    2780.000     -114165.0824
    2781.000     -114154.4043
    2782.000     -114196.0375
    2783.000     -114330.6248
    2784.000     -114157.8463
    2785.000     -114217.7856
    2786.000     -114224.4273
    2787.000     -114287.0484
    2788.000     -114127.5728
    2789.000     -114266.4886
    2790.000     -113986.6585
    2791.000     -114014.8762
    2792.000     -113696.2455
    2793.000     -114114.4319
    2794.000     -113935.4778
    2795.000     -113847.1918
    2796.000     -114311.7919
    2797.000     -114105.4691
    2798.000     -114000.2132
    2799.000     -114110.4582
    2800.000     -114208.1483
    2801.000     -114109.1061
    2802.000     -114205.8080
    2803.000     -114273.9754
    2804.000     -114093.5322
    2805.000     -114052.3365
    2806.000     -114163.8551
    2807.000     -114055.0683
    2808.000     -114087.3814
    2809.000     -114113.6929
    2810.000     -113991.1222
    2811.000     -114251.1855
    2812.000     -114225.3707
    2813.000     -114006.9182
    2814.000     -114356.4762
    2815.000     -114297.4966
    2816.000     -114182.7261
    2817.000     -114357.2645
    2818.000     -114238.8025
    2819.000     -114061.7636
    2820.000     -114103.7555
    2821.000     -114172.9893
    2822.000     -114232.2696
    2823.000     -114382.8454
    2824.000     -113920.6078
    2825.000     -114574.9695
    2826.000     -113982.0117
    2827.000     -114135.2338
    2828.000     -114310.1774
    2829.000     -114331.2044
    2830.000     -113898.8667
    2831.000     -113940.5442
    2832.000     -114375.9770
    2833.000     -114368.5875
    2834.000     -114190.8896
    2835.000     -114243.4655
    2836.000     -114125.2197
    2837.000     -114087.9677
    2838.000     -114146.9566
    2839.000     -113826.4720
    2840.000     -114266.2888
    2841.000     -114027.9897
    2842.000     -114262.7125
    2843.000     -113987.1788
    2844.000     -114408.5366
    2845.000     -114070.6252
    2846.000     -113990.0087
    2847.000     -114175.5345
    2848.000     -114441.3431
    2849.000     -114314.9060
    2850.000     -114197.3406
    2851.000     -113733.1478
    2852.000     -114245.7700
    2853.000     -114084.8830
    2854.000     -114113.6960
    2855.000     -114029.4124
    2856.000     -114325.9961
    2857.000     -114367.8412
    2858.000     -114130.6922
    2859.000     -114112.2832
    2860.000     -113832.0147
    2861.000     -114206.0062
    2862.000     -114093.3461
    2863.000     -114558.5413
    2864.000     -114414.8979
    2865.000     -114044.7875
    2866.000     -114123.2618
    2867.000     -114075.9910
    2868.000     -113912.9082
    2869.000     -114090.9739
    2870.000     -114139.7853
    2871.000     -114162.3086
    2872.000     -114065.4912
    2873.000     -114360.9285
    2874.000     -114209.7601
    2875.000     -114338.5099
    2876.000     -114007.8264
    2877.000     -114016.1076
    2878.000     -113923.4367
    2879.000     -114311.3808
    2880.000     -114185.1662
    2881.000     -114095.4497
    2882.000     -114148.2951
    2883.000     -114236.2469
    2884.000     -114114.2109
    2885.000     -114098.5622
    2886.000     -114280.2180
    2887.000     -114278.1284
    2888.000     -114273.1201
    2889.000     -114545.5317
    2890.000     -114128.2967
    2891.000     -114224.6957
    2892.000     -113953.9168
    2893.000     -113911.9653
    2894.000     -114167.0733
    2895.000     -114346.7298
    2896.000     -114044.7804
    2897.000     -114092.8152
    2898.000     -113968.9269
    2899.000     -114338.1026
    2900.000     -114429.6350
    2901.000     -114147.7288
    2902.000     -114359.3129
    2903.000     -114208.3101
    2904.000     -114248.6378
    2905.000     -114118.7965
    2906.000     -114412.6325
    2907.000     -114558.0232
    2908.000     -114302.8891
    2909.000     -114428.1490
    2910.000     -114166.7301
    2911.000     -114223.7049
    2912.000     -114245.7632
    2913.000     -113997.1655
    2914.000     -114154.9809
    2915.000     -114437.4148
    2916.000     -114342.2733
    2917.000     -114189.4115
    2918.000     -114162.5173
    2919.000     -114437.0060
    2920.000     -114181.4840
    2921.000     -113897.7251
    2922.000     -113960.3621
    2923.000     -114226.5057
    2924.000     -114277.3110
    2925.000     -114294.8357
    2926.000     -114216.9942
    2927.000     -113993.4018
    2928.000     -113976.0534
    2929.000     -114122.7310
    2930.000     -114289.1967
    2931.000     -114364.7100
    2932.000     -114329.7160
    2933.000     -114135.5872
    2934.000     -113931.1565
    2935.000     -114136.2550
    2936.000     -114198.8684
    2937.000     -114299.5352
    2938.000     -114057.7483
    2939.000     -114328.4468
    2940.000     -114422.3556
    2941.000     -114496.9487
    2942.000     -114246.8715
    2943.000     -114194.5547
    2944.000     -114356.1430
    2945.000     -114049.8999
    2946.000     -114191.6421
    2947.000     -113997.0009
    2948.000     -114157.4396
    2949.000     -114344.3636
    2950.000     -114158.1513
    2951.000     -114350.0108
    2952.000     -113973.7384
    2953.000     -114180.2469
    2954.000     -114331.9959
    2955.000     -113944.4023
    2956.000     -114121.5620
    2957.000     -114363.8308
    2958.000     -114147.1729
    2959.000     -114630.4178
    2960.000     -114227.3089
    2961.000     -114198.7469
    2962.000     -114162.0088
    2963.000     -114040.6068
    2964.000     -114170.2090
    2965.000     -114386.0761
    2966.000     -114090.1789
    2967.000     -114055.8169
    2968.000     -114250.9954
    2969.000     -114156.6311
    2970.000     -114131.4118
    2971.000     -114102.4065
    2972.000     -114036.4016
    2973.000     -114019.9848
    2974.000     -114542.2452
    2975.000     -114438.5121
    2976.000     -114185.7729
    2977.000     -113986.3589
    2978.000     -114105.2629
    2979.000     -114114.4781
    2980.000     -114204.6479
    2981.000     -114075.6929
    2982.000     -114101.6327
    2983.000     -113846.3619
    2984.000     -114245.8134
    2985.000     -114318.7361
    2986.000     -114321.6544
    2987.000     -113943.9860
    2988.000     -114211.2344
    2989.000     -114104.7569
    2990.000     -114070.9755
    2991.000     -114099.3408
    2992.000     -114387.7729
    2993.000     -114312.9776
    2994.000     -114102.7189
    2995.000     -114456.3366
    2996.000     -114377.5931
    2997.000     -114280.0270
    2998.000     -114343.3822
    2999.000     -114248.9765
    3000.000     -114531.6502
    3001.000     -114225.7059
    3002.000     -114349.7356
    3003.000     -114290.6954
    3004.000     -114396.1071
    3005.000     -114001.5168
    3006.000     -114133.1092
    3007.000     -114396.3880
    3008.000     -114070.4893
    3009.000     -113957.9245
    3010.000     -114074.4655
    3011.000     -114087.8813
    3012.000     -114311.7250
    3013.000     -114203.9168
    3014.000     -114306.7510
    3015.000     -114263.8678
    3016.000     -114173.1915
    3017.000     -114107.5866
    3018.000     -114151.9463
    3019.000     -113596.4026
    3020.000     -114080.7742
    3021.000     -114028.4573
    3022.000     -114118.2259
    3023.000     -114289.9846
    3024.000     -114063.9142
    3025.000     -114177.7946
    3026.000     -114029.4687
    3027.000     -113735.2819
    3028.000     -114373.5938
    3029.000     -114383.6461
    3030.000     -114294.0058
    3031.000     -114233.5656
    3032.000     -114275.8134
    3033.000     -114227.9989
    3034.000     -114263.8417
    3035.000     -114126.1724
    3036.000     -114203.6181
    3037.000     -114073.5669
    3038.000     -114139.0267
    3039.000     -114069.4527
    3040.000     -114262.5240
