     141.000      -88120.2518
     142.000      -88461.2826
     143.000      -89304.4143
     144.000      -89632.3829
     145.000      -89675.2749
     146.000      -89825.7414
     147.000      -90011.2183
     148.000      -90286.0284
     149.000      -90100.4269
     150.000      -90226.7909
     151.000      -90370.5886
     152.000      -90012.8402
     153.000      -90231.5782
     154.000      -90117.9002
     155.000      -90212.1081
     156.000      -90130.9670
     157.000      -90355.5342
     158.000      -90262.1700
     159.000      -90410.4503
     160.000      -90414.0592
     161.000      -90723.0430
     162.000      -90777.6534
     163.000      -90551.7223
     164.000      -90269.7357
     165.000      -90487.8210
     166.000      -90558.1201
     167.000      -90538.1155
     168.000      -90451.7919
     169.000      -90338.8934
     170.000      -90312.2129
     171.000      -90377.6204
     172.000      -90259.0828
     173.000      -90443.7274
     174.000      -90106.0909
     175.000      -90599.5328
     176.000      -90259.4481
     177.000      -90059.6832
     178.000      -90266.4248
     179.000      -90152.2551
     180.000      -90280.5878
     181.000      -90640.9012
     182.000      -90686.2514
     183.000      -89892.8696
     184.000      -90133.9145
     185.000      -90069.5022
     186.000      -90070.0130
     187.000      -90547.9627
     188.000      -90455.9798
     189.000      -90280.3727
     190.000      -90508.3823
     191.000      -90499.6191
     192.000      -90142.4071
     193.000      -90306.5133
     194.000      -90553.5674
     195.000      -90525.6057
     196.000      -90406.1511
     197.000      -90521.6168
     198.000      -90524.5823
     199.000      -90373.2364
     200.000      -90193.0500
     201.000      -90196.1436
     202.000      -90158.4673
     203.000      -90408.2456
     204.000      -90106.0050
     205.000      -90029.7355
     206.000      -90187.6528
     207.000      -90606.4957
     208.000      -90458.2126
     209.000      -90467.1877
     210.000      -90396.7806
     211.000      -90587.5602
     212.000      -90258.9880
     213.000      -90304.4696
     214.000      -90242.3270
     215.000      -90464.9338
     216.000      -90333.5180
     217.000      -90491.1355
     218.000      -90426.1507
     219.000      -90390.4917
     220.000      -90377.2068
     221.000      -90177.6034
     222.000      -90619.8298
     223.000      -90743.9921
     224.000      -90195.5390
     225.000      -90645.0150
     226.000      -90269.4477
     227.000      -90343.5025
     228.000      -90169.7310
     229.000      -90545.5305
     230.000      -90503.0509
     231.000      -90309.0505
     232.000      -90114.8979
     233.000      -90490.1388
     234.000      -90514.9093
     235.000      -90404.1649
     236.000      -90714.3347
     237.000      -90468.4636
     238.000      -90059.5701
     239.000      -90428.2936
     240.000      -90153.2797
     241.000      -90311.4817
     242.000      -89952.3712
     243.000      -90148.6571
     244.000      -90207.8545
     245.000      -90369.1213
     246.000      -90690.8578
     247.000      -90506.3538
     248.000      -90078.3133
     249.000      -90486.5380
     250.000      -90465.7985
     251.000      -90094.2304
     252.000      -89963.2714
     253.000      -89906.4562
     254.000      -90618.6881
     255.000      -90106.0311
     256.000      -90217.8853
     257.000      -90278.5934
     258.000      -90510.3435
     259.000      -90365.3445
     260.000      -90387.8906
     261.000      -90475.0315
     262.000      -90453.6077
     263.000      -90038.6959
     264.000      -90427.4131
     265.000      -89742.0561
     266.000      -90536.5369
     267.000      -90391.2817
     268.000      -90473.3870
     269.000      -90463.8482
     270.000      -90459.4095
     271.000      -90415.5066
     272.000      -90770.8236
     273.000      -90396.2952
     274.000      -89958.0900
     275.000      -90484.6500
     276.000      -90610.6163
     277.000      -90148.7052
     278.000      -90235.6990
     279.000      -90427.1413
     280.000      -90263.7621
     281.000      -90722.7454
     282.000      -90546.5261
     283.000      -90442.6555
     284.000      -90553.8046
     285.000      -90342.3213
     286.000      -90510.6628
     287.000      -90260.1060
     288.000      -90249.3378
     289.000      -90296.6551
     290.000      -90544.8868
     291.000      -90650.0250
     292.000      -90479.3076
     293.000      -90127.3827
     294.000      -90801.8133
     295.000      -90350.5219
     296.000      -90683.7110
     297.000      -90492.4157
     298.000      -90355.0908
     299.000      -90480.7129
     300.000      -90403.6798
     301.000      -90307.0046
     302.000      -89893.9664
     303.000      -90348.0377
     304.000      -90235.9893
     305.000      -90313.2235
     306.000      -90297.3441
     307.000      -90604.8476
     308.000      -90375.3257
     309.000      -90614.2364
     310.000      -89972.8741
     311.000      -90342.1583
     312.000      -90517.6162
     313.000      -90732.8674
     314.000      -90776.9351
     315.000      -90308.0570
     316.000      -90575.6108
     317.000      -90644.8845
     318.000      -90854.6447
     319.000      -90621.3917
     320.000      -90642.0414
     321.000      -90517.8008
     322.000      -90615.9727
     323.000      -90417.8327
     324.000      -90252.4263
     325.000      -90400.5789
     326.000      -90414.9679
     327.000      -90493.8658
     328.000      -90370.9110
     329.000      -90092.6007
     330.000      -90337.1429
     331.000      -90576.1265
     332.000      -90294.3475
     333.000      -90267.8427
     334.000      -90415.2329
     335.000      -90154.0828
     336.000      -90319.4224
     337.000      -90475.0024
     338.000      -90057.8465
     339.000      -90471.3112
     340.000      -90257.2346
     341.000      -90349.0552
     342.000      -89950.6018
     343.000      -90146.9108
     344.000      -90325.1933
     345.000      -90512.9855
     346.000      -90663.5459
     347.000      -90739.6399
     348.000      -90482.4948
     349.000      -90500.2707
     350.000      -90494.4961
     351.000      -90235.0588
     352.000      -90559.0278
     353.000      -90171.6177
     354.000      -90499.0001
     355.000      -90506.7173
     356.000      -90320.9025
     357.000      -90271.5012
     358.000      -90108.9078
     359.000      -90476.2235
     360.000      -90352.9789
     361.000      -90828.1593
     362.000      -90183.6534
     363.000      -90572.6120
     364.000      -90605.3931
     365.000      -90287.6649
     366.000      -90062.9927
     367.000      -90629.2081
     368.000      -90091.7044
     369.000      -90233.4926
     370.000      -90285.3561
     371.000      -90318.1674
     372.000      -90292.6187
     373.000      -90762.9370
     374.000      -90752.5514
     375.000      -90437.8000
     376.000      -90621.5299
     377.000      -90413.0027
     378.000      -90745.9604
     379.000      -90492.8993
     380.000      -90809.6097
     381.000      -90760.9273
     382.000      -90398.6011
     383.000      -90236.1764
     384.000      -90099.6838
     385.000      -90601.8121
     386.000      -90275.7124
     387.000      -90323.8934
     388.000      -90252.7569
     389.000      -90683.1408
     390.000      -90325.5215
     391.000      -90662.2309
     392.000      -90555.5846
     393.000      -90279.8107
     394.000      -90077.7841
     395.000      -90493.1889
     396.000      -90418.8819
     397.000      -90209.4062
     398.000      -90462.8517
     399.000      -90277.8386
     400.000      -90296.9667
     401.000      -90717.5800
     402.000      -90679.8938
     403.000      -90626.0659
     404.000      -90165.3346
     405.000      -90503.1880
     406.000      -90785.8474
     407.000      -90489.8420
     408.000      -90340.4519
     409.000      -90019.7633
     410.000      -90585.4614
     411.000      -90048.4805
     412.000      -90483.9022
     413.000      -90202.4815
     414.000      -90588.5964
     415.000      -90691.1476
     416.000      -90806.7003
     417.000      -90301.2004
     418.000      -90049.2222
     419.000      -90175.5418
     420.000      -90375.9566
     421.000      -90813.9124
     422.000      -90598.0619
     423.000      -90602.6782
     424.000      -90193.5511
     425.000      -90036.2486
     426.000      -90685.2216
     427.000      -90623.1606
     428.000      -90582.4909
     429.000      -90554.2353
     430.000      -90581.4945
     431.000      -90436.1980
     432.000      -90663.6400
     433.000      -90463.7554
     434.000      -90273.3873
     435.000      -90555.2335
     436.000      -90593.0707
     437.000      -90331.4283
     438.000      -90574.5874
     439.000      -90191.4885
     440.000      -90387.5392
     441.000      -90807.9423
     442.000      -90508.5032
     443.000      -90615.0686
     444.000      -90368.5786
     445.000      -90628.6772
     446.000      -90294.5046
     447.000      -90590.2155
     448.000      -90453.3040
     449.000      -90654.6998
     450.000      -90757.6087
     451.000      -90572.6116
     452.000      -90424.1128
     453.000      -90265.6477
     454.000      -90762.5989
     455.000      -90677.8301
     456.000      -90706.6953
     457.000      -90746.2354
     458.000      -90692.2048
     459.000      -90711.9784
     460.000      -90402.3905
     461.000      -90255.5994
     462.000      -90468.9934
     463.000      -90619.5204
     464.000      -90088.1310
     465.000      -90493.5100
     466.000      -90127.7633
     467.000      -90405.0211
     468.000      -90572.7166
     469.000      -90795.2763
     470.000      -90371.9590
     471.000      -90354.3067
     472.000      -90710.1224
     473.000      -90425.8932
     474.000      -90592.3531
     475.000      -90482.8501
     476.000      -90391.4345
     477.000      -90409.5715
     478.000      -90758.0148
     479.000      -90392.7881
     480.000      -90279.3880
     481.000      -90319.4154
     482.000      -90948.6717
     483.000      -90636.4007
     484.000      -90439.5190
     485.000      -90349.3446
     486.000      -90555.3885
     487.000      -90375.7620
     488.000      -90468.0173
     489.000      -90343.4902
     490.000      -90667.2562
     491.000      -90331.6467
     492.000      -90503.2101
     493.000      -90088.6398
     494.000      -90292.4915
     495.000      -90520.8432
     496.000      -90286.7075
     497.000      -90270.9894
     498.000      -90757.2377
     499.000      -90738.1381
     500.000      -90734.9196
     501.000      -90452.9181
     502.000      -90360.0672
     503.000      -90532.9633
     504.000      -90232.8920
     505.000      -90461.0868
     506.000      -90194.3105
     507.000      -90404.4747
     508.000      -90281.6090
     509.000      -89938.8683
     510.000      -90369.7129
     511.000      -90772.5607
     512.000      -90336.7387
     513.000      -90074.8471
     514.000      -90659.9112
     515.000      -90238.8347
     516.000      -89991.9734
     517.000      -90551.6485
     518.000      -90257.9418
     519.000      -90461.8979
     520.000      -90509.5659
     521.000      -90245.9436
     522.000      -90482.6782
     523.000      -90705.1014
     524.000      -90352.1934
     525.000      -90355.8408
     526.000      -90651.1912
     527.000      -90449.3033
     528.000      -90600.1537
     529.000      -89986.2809
     530.000      -90369.8795
     531.000      -90073.6732
     532.000      -90736.9443
     533.000      -90526.0793
     534.000      -90598.0550
     535.000      -90810.6946
     536.000      -90416.0272
     537.000      -90280.0008
     538.000      -90795.4924
     539.000      -90862.0221
     540.000      -90591.5904
     541.000      -90412.3738
     542.000      -90446.0241
     543.000      -90555.7480
     544.000      -90843.1032
     545.000      -90480.8665
     546.000      -90476.8900
     547.000      -90452.6645
     548.000      -90375.9142
     549.000      -90271.7106
     550.000      -90228.1670
     551.000      -90402.0046
     552.000      -90643.2445
     553.000      -90775.4881
     554.000      -90645.7095
     555.000      -90435.3617
     556.000      -90292.6588
     557.000      -90600.4926
     558.000      -90478.4032
     559.000      -90644.8129
     560.000      -90971.6307
     561.000      -90130.0770
     562.000      -90575.0026
     563.000      -90410.0546
     564.000      -90778.3502
     565.000      -90724.5056
     566.000      -90636.4550
     567.000      -90582.4726
     568.000      -90414.1183
     569.000      -90839.7910
     570.000      -90640.3353
     571.000      -90521.6812
     572.000      -90467.7972
     573.000      -90337.0022
     574.000      -90506.3546
     575.000      -90571.0070
     576.000      -90278.6483
     577.000      -90358.0906
     578.000      -90538.7676
     579.000      -90275.9121
     580.000      -90440.9825
     581.000      -90344.0431
     582.000      -90631.4400
     583.000      -90502.8184
     584.000      -90456.9446
     585.000      -90328.2830
     586.000      -90836.6504
     587.000      -90642.7187
     588.000      -90522.3391
     589.000      -90472.4681
     590.000      -90687.4790
     591.000      -90322.7109
     592.000      -90296.7908
     593.000      -90404.2043
     594.000      -90503.7788
     595.000      -90506.3796
     596.000      -90909.1593
     597.000      -90436.6487
     598.000      -90669.9848
     599.000      -90541.0684
     600.000      -90129.1769
     601.000      -90586.9076
     602.000      -90515.0164
     603.000      -90538.3590
     604.000      -90437.5171
     605.000      -90320.2119
     606.000      -90441.9738
     607.000      -90126.4287
     608.000      -90837.1652
     609.000      -90484.7786
     610.000      -90795.4676
     611.000      -90576.0436
     612.000      -90170.8427
     613.000      -90399.8373
     614.000      -90624.5994
     615.000      -90724.9673
     616.000      -90565.9917
     617.000      -90493.3527
     618.000      -90393.2520
     619.000      -90732.0551
     620.000      -90605.0373
     621.000      -90698.1647
     622.000      -90447.0276
     623.000      -90928.6199
     624.000      -90584.1104
     625.000      -90598.0863
     626.000      -90329.0783
     627.000      -90490.8182
     628.000      -90326.6776
     629.000      -90482.6063
     630.000      -90829.0204
     631.000      -90370.2653
     632.000      -90490.9129
     633.000      -90574.9753
     634.000      -90457.2467
     635.000      -90443.7541
     636.000      -90638.3939
     637.000      -90649.8326
     638.000      -90488.0243
     639.000      -90784.6489
     640.000      -90365.0508
     641.000      -90473.5085
     642.000      -90447.6050
     643.000      -90199.1055
     644.000      -90638.4883
     645.000      -90496.1335
     646.000      -90700.9818
     647.000      -90585.2802
     648.000      -90452.1629
     649.000      -90325.4918
     650.000      -90862.0161
     651.000      -90510.0445
     652.000      -90401.5425
     653.000      -90606.7383
     654.000      -90600.8253
     655.000      -90789.3372
     656.000      -90622.8367
     657.000      -91040.4196
     658.000      -90423.2585
     659.000      -90588.0736
     660.000      -90475.0142
     661.000      -90592.9653
     662.000      -91080.8573
     663.000      -90635.1175
     664.000      -90656.6931
     665.000      -90417.1654
     666.000      -90801.1776
     667.000      -90138.0533
     668.000      -90286.4153
     669.000      -90631.1598
     670.000      -90229.2010
     671.000      -90044.2868
     672.000      -90533.2109
     673.000      -90639.0701
     674.000      -90430.9866
     675.000      -90443.6820
     676.000      -90406.5901
     677.000      -90303.6936
     678.000      -90712.4005
     679.000      -90743.5773
     680.000      -90795.6837
     681.000      -90682.5072
     682.000      -90547.8187
     683.000      -90539.0246
     684.000      -90449.5144
     685.000      -90738.8390
     686.000      -90416.9499
     687.000      -90100.6138
     688.000      -90276.3810
     689.000      -90013.5934
     690.000      -90178.5565
     691.000      -90445.1334
     692.000      -90390.3838
     693.000      -90709.1829
     694.000      -90660.6349
     695.000      -90731.9072
     696.000      -90491.9121
     697.000      -90215.2250
     698.000      -90442.8472
     699.000      -90399.7183
     700.000      -90401.0196
     701.000      -90111.5387
     702.000      -90499.3189
     703.000      -90727.0993
     704.000      -90518.1360
     705.000      -90837.6262
     706.000      -90376.5764
     707.000      -90561.3061
     708.000      -90361.6755
     709.000      -90408.3817
     710.000      -90416.6553
     711.000      -90206.1205
     712.000      -90550.6271
     713.000      -90335.8244
     714.000      -90324.9760
     715.000      -90567.8337
     716.000      -90426.3013
     717.000      -90674.9442
     718.000      -90741.2531
     719.000      -90090.1776
     720.000      -90312.1479
     721.000      -90436.6253
     722.000      -90284.4538
     723.000      -90321.1812
     724.000      -90619.6152
     725.000      -90239.7189
     726.000      -90392.8000
     727.000      -90529.1617
     728.000      -90439.2390
     729.000      -90555.4683
     730.000      -90591.9041
     731.000      -90544.5112
     732.000      -90421.4505
     733.000      -90503.0315
     734.000      -90570.9809
     735.000      -90284.8562
     736.000      -90574.0431
     737.000      -90625.2129
     738.000      -90473.0310
     739.000      -90844.8707
     740.000      -90495.0945
     741.000      -90326.4856
     742.000      -90418.8416
     743.000      -90449.3241
     744.000      -90497.0483
     745.000      -90435.9798
     746.000      -90563.2644
     747.000      -90564.3205
     748.000      -90537.8076
     749.000      -90566.7295
     750.000      -90450.3361
     751.000      -90462.1711
     752.000      -90569.4496
     753.000      -90735.4955
     754.000      -90475.5030
     755.000      -90783.0197
     756.000      -90442.8031
     757.000      -90589.2622
     758.000      -90395.6761
     759.000      -90665.4337
     760.000      -90709.6831
     761.000      -90546.3234
     762.000      -90660.9108
     763.000      -90640.7789
     764.000      -90583.7167
     765.000      -90487.1798
     766.000      -90594.3864
     767.000      -90675.4396
     768.000      -90447.8284
     769.000      -90466.9198
     770.000      -90434.9509
     771.000      -90415.9432
     772.000      -90592.9276
     773.000      -90690.4541
     774.000      -90404.2569
     775.000      -90503.6380
     776.000      -90693.3471
     777.000      -91000.1195
     778.000      -90248.1794
     779.000      -90703.2139
     780.000      -90478.9349
     781.000      -90474.0575
     782.000      -90767.3127
     783.000      -90877.8444
     784.000      -90466.9313
     785.000      -90344.7904
     786.000      -90848.9127
     787.000      -90597.5735
     788.000      -90518.1174
     789.000      -90684.7204
     790.000      -90677.6469
     791.000      -90692.5318
     792.000      -90274.4664
     793.000      -90164.1126
     794.000      -90425.8778
     795.000      -90585.3265
     796.000      -90390.8921
     797.000      -90628.5304
     798.000      -90376.9503
     799.000      -90436.0848
     800.000      -90147.3186
     801.000      -90368.2861
     802.000      -90344.7039
     803.000      -90468.2461
     804.000      -90698.5994
     805.000      -90434.5799
     806.000      -90141.0228
     807.000      -90772.1436
     808.000      -90448.8792
     809.000      -90444.4007
     810.000      -90415.6996
     811.000      -90417.8804
     812.000      -90540.2645
     813.000      -90045.2003
     814.000      -90531.6326
     815.000      -90568.5852
     816.000      -90638.7397
     817.000      -90193.0139
     818.000      -90523.5871
     819.000      -90511.3010
     820.000      -90349.1881
     821.000      -90610.1119
     822.000      -90414.3742
     823.000      -90544.9966
     824.000      -90775.8230
     825.000      -90463.3629
     826.000      -90479.4423
     827.000      -90404.6732
     828.000      -90716.5938
     829.000      -90630.4726
     830.000      -90610.6720
     831.000      -90505.3943
     832.000      -90697.0328
     833.000      -90702.4925
     834.000      -90377.1463
     835.000      -90418.6861
     836.000      -90440.6948
     837.000      -90762.0022
     838.000      -90670.5810
     839.000      -90972.8251
     840.000      -90847.4089
     841.000      -90444.5546
     842.000      -90494.0962
     843.000      -90380.3050
     844.000      -90551.3880
     845.000      -90492.7890
     846.000      -90689.5192
     847.000      -90799.7476
     848.000      -90529.0852
     849.000      -90805.7249
     850.000      -90873.0576
     851.000      -90524.0811
     852.000      -90666.2095
     853.000      -90593.7002
     854.000      -90797.8177
     855.000      -90760.5118
     856.000      -90677.8600
     857.000      -90622.4721
     858.000      -90421.1997
     859.000      -90822.8719
     860.000      -90562.4730
     861.000      -90442.2150
     862.000      -90353.6223
     863.000      -90537.5423
     864.000      -90574.5041
     865.000      -90404.1406
     866.000      -90513.7967
     867.000      -90574.7222
     868.000      -90495.8953
     869.000      -90695.8398
     870.000      -91010.1290
     871.000      -90374.4244
     872.000      -90544.8469
     873.000      -90679.7300
     874.000      -90582.2070
     875.000      -90628.0494
     876.000      -90380.1922
     877.000      -90485.3197
     878.000      -90442.5204
     879.000      -90500.6992
     880.000      -90468.1876
     881.000      -90832.0530
     882.000      -91003.2943
     883.000      -90403.9040
     884.000      -90074.9767
     885.000      -90612.3538
     886.000      -90513.4707
     887.000      -90356.1266
     888.000      -90340.2912
     889.000      -90682.1889
     890.000      -90042.5167
     891.000      -90710.1752
     892.000      -90679.6735
     893.000      -90287.6734
     894.000      -90672.0176
     895.000      -90675.4005
     896.000      -90686.2622
     897.000      -90751.2611
     898.000      -90393.3021
     899.000      -90341.3601
     900.000      -90354.3603
     901.000      -90625.2434
     902.000      -90331.0513
     903.000      -91187.4309
     904.000      -90966.6457
     905.000      -90836.9088
     906.000      -90628.6489
     907.000      -90506.9465
     908.000      -90555.0079
     909.000      -90344.0693
     910.000      -90611.1942
     911.000      -90770.9289
     912.000      -90590.4512
     913.000      -90358.4817
     914.000      -90418.6053
     915.000      -90267.1056
     916.000      -90673.7393
     917.000      -90711.4828
     918.000      -90495.1756
     919.000      -90553.5327
     920.000      -90285.1356
     921.000      -90464.7840
     922.000      -90428.5488
     923.000      -90507.3111
     924.000      -90556.8754
     925.000      -90850.3137
     926.000      -90667.7731
     927.000      -90330.9322
     928.000      -90335.0161
     929.000      -90640.2461
     930.000      -90319.1389
     931.000      -90411.7850
     932.000      -90483.2458
     933.000      -90211.1557
     934.000      -90389.9581
     935.000      -90333.1668
     936.000      -90276.5484
     937.000      -90325.4674
     938.000      -90644.7203
     939.000      -90618.2227
     940.000      -90842.7972
     941.000      -90504.8340
     942.000      -90502.6118
     943.000      -90674.1570
     944.000      -90302.7552
     945.000      -90953.4176
     946.000      -90884.6833
     947.000      -90617.4229
     948.000      -90750.0936
     949.000      -90493.8097
     950.000      -90737.5487
     951.000      -90268.4463
     952.000      -90227.7922
     953.000      -90235.0974
     954.000      -90578.8913
     955.000      -90712.7471
     956.000      -90440.6964
     957.000      -90637.3085
     958.000      -90515.7235
     959.000      -90506.7620
     960.000      -90708.5419
     961.000      -90571.0578
     962.000      -91163.4523
     963.000      -90654.8968
     964.000      -90831.5258
     965.000      -90454.0105
     966.000      -90801.4043
     967.000      -90572.7968
     968.000      -90498.0526
     969.000      -90695.5843
     970.000      -90672.0344
     971.000      -90573.6679
     972.000      -90669.3367
     973.000      -90679.7993
     974.000      -90802.4546
     975.000      -90552.8806
     976.000      -90291.6858
     977.000      -90532.7735
     978.000      -90747.9390
     979.000      -90610.7799
     980.000      -90420.2015
     981.000      -90743.2643
     982.000      -90474.6565
     983.000      -90244.4452
     984.000      -90168.1501
     985.000      -90028.3171
     986.000      -90626.3986
     987.000      -90668.0755
     988.000      -90540.8383
     989.000      -90280.8943
     990.000      -90465.1809
     991.000      -90961.6224
     992.000      -90364.4630
     993.000      -90600.6302
     994.000      -90674.1908
     995.000      -90236.8979
     996.000      -90894.9048
     997.000      -91102.2836
     998.000      -90437.2145
     999.000      -90907.8106
    1000.000      -90761.5592
    1001.000      -90953.2477
    1002.000      -90492.8445
    1003.000      -90624.8690
    1004.000      -90769.8611
    1005.000      -90486.5024
    1006.000      -90695.7368
    1007.000      -90806.9986
    1008.000      -90401.7319
    1009.000      -90765.0275
    1010.000      -90378.0368
    1011.000      -90912.5143
    1012.000      -90579.9346
    1013.000      -90405.5036
    1014.000      -90616.2470
    1015.000      -90278.3944
    1016.000      -90428.7411
    1017.000      -90472.5174
    1018.000      -91124.5631
    1019.000      -90551.4429
    1020.000      -90565.8600
    1021.000      -90294.2558
    1022.000      -90831.2516
    1023.000      -90285.8304
    1024.000      -90429.2125
    1025.000      -90484.2292
    1026.000      -90344.1989
    1027.000      -90802.1955
    1028.000      -90638.1079
    1029.000      -90687.8792
    1030.000      -90725.1107
    1031.000      -90515.3258
    1032.000      -90790.0557
    1033.000      -90556.5927
    1034.000      -91020.3632
    1035.000      -91028.7325
    1036.000      -90916.9807
    1037.000      -90451.7524
    1038.000      -90644.2400
    1039.000      -90655.0495
    1040.000      -90623.5684
    1041.000      -90907.2475
    1042.000      -90689.2755
    1043.000      -90375.9124
    1044.000      -90369.3886
    1045.000      -90677.3384
    1046.000      -90077.1416
    1047.000      -90606.8004
    1048.000      -90954.4243
    1049.000      -90620.8320
    1050.000      -90794.9196
    1051.000      -90493.7217
    1052.000      -90666.4980
    1053.000      -90661.4304
    1054.000      -90625.1103
    1055.000      -90295.5391
    1056.000      -90639.0747
    1057.000      -90605.0056
    1058.000      -90964.9410
    1059.000      -91075.3588
    1060.000      -90464.6599
    1061.000      -90420.1536
    1062.000      -90476.3583
    1063.000      -90693.2533
    1064.000      -90757.4329
    1065.000      -90590.0935
    1066.000      -90664.1529
    1067.000      -90982.3014
    1068.000      -90522.6376
    1069.000      -90647.0926
    1070.000      -90339.5339
    1071.000      -90304.8741
    1072.000      -90803.1882
    1073.000      -90514.8245
    1074.000      -90507.5996
    1075.000      -90509.9504
    1076.000      -90633.6882
    1077.000      -90922.5900
    1078.000      -90423.8785
    1079.000      -90752.9671
    1080.000      -90423.5558
    1081.000      -90777.9869
    1082.000      -90597.4166
    1083.000      -90739.2541
    1084.000      -90822.5570
    1085.000      -90378.0287
    1086.000      -90567.2881
    1087.000      -90713.5858
    1088.000      -90914.1538
    1089.000      -90952.5631
    1090.000      -90848.4056
    1091.000      -90537.9466
    1092.000      -90102.0085
    1093.000      -90732.7829
    1094.000      -90426.3722
    1095.000      -90605.9358
    1096.000      -90477.7500
    1097.000      -90391.6572
    1098.000      -90789.0875
    1099.000      -90735.2780
    1100.000      -90728.7778
    1101.000      -90821.2341
    1102.000      -90621.0069
    1103.000      -90557.8207
    1104.000      -90839.4423
    1105.000      -90841.3621
    1106.000      -90671.0743
    1107.000      -90656.1375
    1108.000      -90515.8687
    1109.000      -90988.0276
    1110.000      -90490.1796
    1111.000      -90151.4323
    1112.000      -90406.9417
    1113.000      -90551.0184
    1114.000      -90738.4889
    1115.000      -90729.2013
    1116.000      -90454.3028
    1117.000      -90680.5374
    1118.000      -90989.6201
    1119.000      -90508.2217
    1120.000      -90428.4181
    1121.000      -90358.5654
    1122.000      -90757.6561
    1123.000      -90739.8133
    1124.000      -90334.6305
    1125.000      -90473.0850
    1126.000      -90813.3827
    1127.000      -90701.7476
    1128.000      -90511.6818
    1129.000      -90508.8397
    1130.000      -90437.6054
    1131.000      -90766.9664
    1132.000      -90884.1788
    1133.000      -90751.4192
    1134.000      -90437.0489
    1135.000      -90505.0280
    1136.000      -90576.1870
    1137.000      -90684.0658
    1138.000      -90573.7913
    1139.000      -90749.6568
    1140.000      -90409.0562
    1141.000      -90628.0536
    1142.000      -90838.9669
    1143.000      -90648.4053
    1144.000      -90167.8334
    1145.000      -90420.3433
    1146.000      -90401.3413
    1147.000      -90339.1642
    1148.000      -90518.9581
    1149.000      -90708.3859
    1150.000      -90546.2004
    1151.000      -90254.0763
    1152.000      -90858.0095
    1153.000      -90864.1541
    1154.000      -90446.0897
    1155.000      -90595.3521
    1156.000      -90429.8484
    1157.000      -90769.5778
    1158.000      -90774.9167
    1159.000      -90721.8568
    1160.000      -90810.5633
    1161.000      -90762.6563
    1162.000      -90412.9753
    1163.000      -90345.9943
    1164.000      -90416.2836
    1165.000      -90482.3606
    1166.000      -90409.2922
    1167.000      -90487.7241
    1168.000      -90441.3176
    1169.000      -90586.9006
    1170.000      -90640.3491
    1171.000      -90332.4078
    1172.000      -90420.1164
    1173.000      -90430.3199
    1174.000      -90529.4568
    1175.000      -90639.2022
    1176.000      -90748.3026
    1177.000      -90321.6296
    1178.000      -90654.2381
    1179.000      -90888.4326
    1180.000      -90529.6311
    1181.000      -90471.9437
    1182.000      -90375.3509
    1183.000      -90483.7740
    1184.000      -90197.4585
    1185.000      -90601.6348
    1186.000      -90637.9371
    1187.000      -90487.7415
    1188.000      -90497.1967
    1189.000      -90736.4798
    1190.000      -90594.1836
    1191.000      -90665.5071
    1192.000      -90620.8288
    1193.000      -90596.0526
    1194.000      -90444.6862
    1195.000      -90618.1115
    1196.000      -90205.1461
    1197.000      -90776.3717
    1198.000      -90707.3807
    1199.000      -90875.9610
    1200.000      -90523.4315
    1201.000      -90507.9514
    1202.000      -90564.6182
    1203.000      -90624.6039
    1204.000      -90399.2467
    1205.000      -90690.5570
    1206.000      -90348.1900
    1207.000      -90592.7925
    1208.000      -90522.2102
    1209.000      -90291.4743
    1210.000      -90641.8803
    1211.000      -90592.8687
    1212.000      -90345.5510
    1213.000      -90405.0618
    1214.000      -90674.1917
    1215.000      -91078.7346
    1216.000      -90405.6812
    1217.000      -90734.0909
    1218.000      -90833.3745
    1219.000      -90660.4907
    1220.000      -90523.6506
    1221.000      -90749.4256
    1222.000      -90607.6104
    1223.000      -90769.2890
    1224.000      -91011.3786
    1225.000      -90466.9256
    1226.000      -90714.5584
    1227.000      -90512.5346
    1228.000      -90662.6125
    1229.000      -90363.7150
    1230.000      -90839.6393
    1231.000      -90536.4803
    1232.000      -90695.8173
    1233.000      -90762.7992
    1234.000      -90753.2694
    1235.000      -90570.0683
    1236.000      -90466.3410
    1237.000      -90414.4328
    1238.000      -90694.0310
    1239.000      -90809.0544
    1240.000      -90569.6606
    1241.000      -90488.5355
    1242.000      -90532.7060
    1243.000      -90640.6961
    1244.000      -90875.5753
    1245.000      -90469.2480
    1246.000      -90599.7322
    1247.000      -90781.0137
    1248.000      -90556.7613
    1249.000      -90844.0124
    1250.000      -90656.7665
    1251.000      -90962.4258
    1252.000      -90786.6834
    1253.000      -90898.4472
    1254.000      -90449.1215
    1255.000      -90716.0937
    1256.000      -90312.2226
    1257.000      -90827.1404
    1258.000      -90902.7411
    1259.000      -90534.0969
    1260.000      -90923.0916
    1261.000      -90665.0666
    1262.000      -90768.2222
    1263.000      -90564.1907
    1264.000      -90717.5018
    1265.000      -90761.0151
    1266.000      -90584.0517
    1267.000      -90679.7401
    1268.000      -90772.4810
    1269.000      -90400.3325
    1270.000      -90616.3517
    1271.000      -90383.2751
    1272.000      -90390.9009
    1273.000      -90498.1707
    1274.000      -90764.1794
    1275.000      -90983.8510
    1276.000      -90618.0162
    1277.000      -90460.2448
    1278.000      -90140.2426
    1279.000      -90543.6769
    1280.000      -90429.4347
    1281.000      -90723.2701
    1282.000      -91238.6803
    1283.000      -90917.4248
    1284.000      -90530.8200
    1285.000      -90344.1320
    1286.000      -90804.9322
    1287.000      -90616.2704
    1288.000      -90630.5790
    1289.000      -90444.5568
    1290.000      -90682.3927
    1291.000      -90543.7520
    1292.000      -90626.8764
    1293.000      -90746.7654
    1294.000      -90432.2009
    1295.000      -90854.9145
    1296.000      -90799.9744
    1297.000      -90626.9247
    1298.000      -90882.8171
    1299.000      -90346.9657
    1300.000      -90704.0682
    1301.000      -90618.6177
    1302.000      -90875.5782
    1303.000      -90838.1457
    1304.000      -90467.9572
    1305.000      -91036.0677
    1306.000      -90915.7358
    1307.000      -90444.9514
    1308.000      -90754.9054
    1309.000      -90491.7693
    1310.000      -90551.3165
    1311.000      -90734.1395
    1312.000      -90646.1296
    1313.000      -90616.6972
    1314.000      -90476.6032
    1315.000      -90623.5493
    1316.000      -90184.6069
    1317.000      -90348.3067
    1318.000      -90148.0078
    1319.000      -90497.8540
    1320.000      -90804.3735
    1321.000      -90517.4374
    1322.000      -90892.3608
    1323.000      -90444.3470
    1324.000      -90750.9359
    1325.000      -90303.3680
    1326.000      -90485.9323
    1327.000      -90547.6095
    1328.000      -90624.4672
    1329.000      -90674.6744
    1330.000      -90532.0012
    1331.000      -90411.6541
    1332.000      -90300.9504
    1333.000      -90634.7486
    1334.000      -90418.2294
    1335.000      -90886.5074
    1336.000      -90518.0492
    1337.000      -90854.9804
    1338.000      -90517.8172
    1339.000      -90544.8822
    1340.000      -90171.6896
    1341.000      -90879.9110
    1342.000      -90352.6977
    1343.000      -90634.8064
    1344.000      -90584.8229
    1345.000      -90581.4064
    1346.000      -90498.1263
    1347.000      -90797.8836
    1348.000      -90660.6444
    1349.000      -90619.9209
    1350.000      -90569.7461
    1351.000      -90821.5574
    1352.000      -90901.6746
    1353.000      -90817.4992
    1354.000      -90735.8296
    1355.000      -90558.8005
    1356.000      -90446.2716
    1357.000      -90826.6140
    1358.000      -90793.0579
    1359.000      -90406.2131
    1360.000      -90693.2912
    1361.000      -90641.1126
    1362.000      -90702.5094
    1363.000      -90724.7112
    1364.000      -90553.1929
    1365.000      -90544.2316
    1366.000      -90810.4816
    1367.000      -90986.4259
    1368.000      -90538.0391
    1369.000      -90322.0176
    1370.000      -90717.4444
    1371.000      -90932.0833
    1372.000      -90326.6537
    1373.000      -90737.0325
    1374.000      -90850.0105
    1375.000      -90468.4396
    1376.000      -90568.5295
    1377.000      -90538.2714
    1378.000      -90660.1208
    1379.000      -90964.3030
    1380.000      -91038.6833
    1381.000      -90425.4192
    1382.000      -90506.3454
    1383.000      -90557.8651
    1384.000      -90368.9903
    1385.000      -90585.3308
    1386.000      -90629.7268
    1387.000      -90669.0735
    1388.000      -90731.8073
    1389.000      -90146.1909
    1390.000      -90364.9511
    1391.000      -90255.6473
    1392.000      -90338.1110
    1393.000      -90460.5296
    1394.000      -90428.0650
    1395.000      -90826.0519
    1396.000      -90371.8168
    1397.000      -90715.6400
    1398.000      -90185.9187
    1399.000      -90521.9963
    1400.000      -90615.5475
    1401.000      -90254.5843
    1402.000      -90358.8311
    1403.000      -90222.1465
    1404.000      -90285.0473
    1405.000      -90536.3017
    1406.000      -90503.5918
    1407.000      -90749.6554
    1408.000      -90090.8230
    1409.000      -90379.8602
    1410.000      -90444.0784
    1411.000      -90436.6168
    1412.000      -90512.6710
    1413.000      -90866.7513
    1414.000      -90598.0298
    1415.000      -90716.4304
    1416.000      -90583.6542
    1417.000      -90805.8843
    1418.000      -90806.1941
    1419.000      -90351.9005
    1420.000      -90669.1984
    1421.000      -90281.1388
    1422.000      -90367.6516
    1423.000      -90739.6664
    1424.000      -90753.4692
    1425.000      -90401.9187
    1426.000      -90477.4298
    1427.000      -90640.0406
    1428.000      -90841.4062
    1429.000      -90620.3750
    1430.000      -90786.3600
    1431.000      -90548.6839
    1432.000      -90205.3276
    1433.000      -90634.2774
    1434.000      -90806.4477
    1435.000      -90643.8225
    1436.000      -90769.5163
    1437.000      -90744.5478
    1438.000      -90379.2492
    1439.000      -90953.2131
    1440.000      -90318.3030
    1441.000      -90837.3261
    1442.000      -90383.5024
    1443.000      -90793.5967
    1444.000      -90609.2896
    1445.000      -90449.6523
    1446.000      -90767.6932
    1447.000      -90881.7069
    1448.000      -90489.3932
    1449.000      -90453.7093
    1450.000      -90431.1557
    1451.000      -90636.1646
    1452.000      -90675.4596
    1453.000      -90301.9333
    1454.000      -90946.3431
    1455.000      -90560.2373
    1456.000      -90432.5112
    1457.000      -90462.3681
    1458.000      -90268.7664
    1459.000      -90447.4535
    1460.000      -90718.2531
    1461.000      -90390.3105
    1462.000      -90516.2594
    1463.000      -90585.9991
    1464.000      -90443.5199
    1465.000      -90744.2678
    1466.000      -90678.6167
    1467.000      -90578.8080
    1468.000      -90833.6645
    1469.000      -90774.2712
    1470.000      -90827.5263
    1471.000      -90747.3499
    1472.000      -90644.1861
    1473.000      -90900.0772
    1474.000      -90539.9461
    1475.000      -90907.6158
    1476.000      -90557.9828
    1477.000      -90659.2550
    1478.000      -90589.3275
    1479.000      -90662.1946
    1480.000      -90747.6447
    1481.000      -90339.6185
    1482.000      -90423.8286
    1483.000      -90463.7379
    1484.000      -90741.5651
    1485.000      -90345.0533
    1486.000      -90378.4054
    1487.000      -90561.6012
    1488.000      -90227.1349
    1489.000      -90491.1500
    1490.000      -90478.2370
    1491.000      -90547.4724
    1492.000      -90335.8093
    1493.000      -90181.8790
    1494.000      -90317.5503
    1495.000      -90888.0434
    1496.000      -90652.5031
    1497.000      -90494.9651
    1498.000      -90812.1527
    1499.000      -90548.9537
    1500.000      -90729.3417
    1501.000      -90580.0064
    1502.000      -90767.0790
    1503.000      -90692.6327
    1504.000      -90977.3358
    1505.000      -90627.6355
    1506.000      -90812.4974
    1507.000      -90722.7407
    1508.000      -90558.7288
    1509.000      -90686.9514
    1510.000      -90584.5479
    1511.000      -90777.8922
    1512.000      -90955.7512
    1513.000      -90592.8460
    1514.000      -90343.7128
    1515.000      -90830.1632
    1516.000      -90775.0431
    1517.000      -90566.7673
    1518.000      -90858.0494
    1519.000      -90452.8292
    1520.000      -90721.0459
    1521.000      -90734.3349
    1522.000      -90531.3006
    1523.000      -90564.2972
    1524.000      -91000.8275
    1525.000      -90790.5632
    1526.000      -90773.8640
    1527.000      -90880.7473
    1528.000      -90884.3996
    1529.000      -90771.2304
    1530.000      -90792.3815
    1531.000      -90604.7365
    1532.000      -90276.6028
    1533.000      -90358.1600
    1534.000      -90731.5968
    1535.000      -90660.9384
    1536.000      -90565.5078
    1537.000      -90400.9182
    1538.000      -90663.5269
    1539.000      -90685.4185
    1540.000      -90674.1194
    1541.000      -90324.3923
    1542.000      -90909.8199
    1543.000      -90640.7185
    1544.000      -90756.7890
    1545.000      -90707.1960
    1546.000      -90689.9278
    1547.000      -91124.3429
    1548.000      -90590.4811
    1549.000      -90693.3855
    1550.000      -90723.5028
    1551.000      -90850.3186
    1552.000      -90567.9291
    1553.000      -90276.5942
    1554.000      -90663.1689
    1555.000      -90515.5271
    1556.000      -90096.3655
    1557.000      -90768.2141
    1558.000      -90728.0815
    1559.000      -90547.0357
    1560.000      -90643.7236
    1561.000      -90630.4344
    1562.000      -90126.4365
    1563.000      -90290.4904
    1564.000      -90753.1251
    1565.000      -90776.1206
    1566.000      -90894.4415
    1567.000      -90102.8938
    1568.000      -90202.6304
    1569.000      -90494.3108
    1570.000      -90642.8044
    1571.000      -90545.0460
    1572.000      -90555.6223
    1573.000      -90797.9506
    1574.000      -90438.6776
    1575.000      -90590.3066
    1576.000      -90637.1688
    1577.000      -90654.4485
    1578.000      -90675.9370
    1579.000      -90644.1486
    1580.000      -90687.9214
    1581.000      -90796.1640
    1582.000      -90603.9313
    1583.000      -90742.5854
    1584.000      -90837.2903
    1585.000      -90394.1703
    1586.000      -90526.1283
    1587.000      -90600.3969
    1588.000      -90311.9525
    1589.000      -90675.2870
    1590.000      -90969.8413
    1591.000      -90896.6197
    1592.000      -90673.5128
    1593.000      -90848.1755
    1594.000      -90634.6710
    1595.000      -90650.5786
    1596.000      -90584.4080
    1597.000      -90805.0957
    1598.000      -90631.1937
    1599.000      -91330.4781
    1600.000      -91095.8544
    1601.000      -90276.4823
    1602.000      -90577.5452
    1603.000      -90640.1679
    1604.000      -90822.1726
    1605.000      -90667.6796
    1606.000      -90169.3750
    1607.000      -90553.1785
    1608.000      -91056.0930
    1609.000      -90623.2569
    1610.000      -90919.3283
    1611.000      -90686.0828
    1612.000      -90615.9170
    1613.000      -90236.8920
    1614.000      -90899.8023
    1615.000      -90425.8108
    1616.000      -90644.5358
    1617.000      -90621.9267
    1618.000      -90318.8811
    1619.000      -90696.4304
    1620.000      -90800.5632
    1621.000      -90888.6715
    1622.000      -90619.0661
    1623.000      -90697.7236
    1624.000      -90419.9187
    1625.000      -90679.6749
    1626.000      -90760.2342
    1627.000      -90312.9330
    1628.000      -90311.3493
    1629.000      -90699.7038
    1630.000      -90195.3148
    1631.000      -90559.9627
    1632.000      -90551.9412
    1633.000      -90306.1176
    1634.000      -90633.1744
    1635.000      -90466.4528
    1636.000      -90561.5233
    1637.000      -90778.9240
    1638.000      -90695.9583
    1639.000      -90861.8689
    1640.000      -90550.5745
    1641.000      -90660.0197
    1642.000      -90758.7717
    1643.000      -90355.3436
    1644.000      -90791.3468
    1645.000      -91039.7756
    1646.000      -90445.6446
    1647.000      -90850.9997
    1648.000      -90515.3717
    1649.000      -90613.6646
    1650.000      -90326.6884
    1651.000      -90465.8443
    1652.000      -90730.3479
    1653.000      -90594.8802
    1654.000      -90311.1994
    1655.000      -90804.3405
    1656.000      -90270.4861
    1657.000      -90650.4655
    1658.000      -90584.4873
    1659.000      -90749.4512
    1660.000      -90642.6146
    1661.000      -90444.4895
    1662.000      -90974.1767
    1663.000      -91048.2433
    1664.000      -90717.0807
    1665.000      -90674.4213
    1666.000      -90762.9384
    1667.000      -90565.8312
    1668.000      -90708.8807
    1669.000      -90716.5175
    1670.000      -90930.5336
    1671.000      -90774.7191
    1672.000      -91025.2093
    1673.000      -90996.1731
    1674.000      -90406.9022
    1675.000      -90864.9882
    1676.000      -90515.7798
    1677.000      -90800.8071
    1678.000      -90638.2418
    1679.000      -90683.5178
    1680.000      -90567.1311
    1681.000      -90337.5808
    1682.000      -90912.4101
    1683.000      -90813.7768
    1684.000      -90878.3681
    1685.000      -90563.5703
    1686.000      -90512.7024
    1687.000      -90316.7569
    1688.000      -90215.3731
    1689.000      -90531.4200
    1690.000      -90495.5919
    1691.000      -90938.9197
    1692.000      -90747.8706
    1693.000      -90682.6575
    1694.000      -90708.9128
    1695.000      -90590.1320
    1696.000      -90677.9330
    1697.000      -90206.2872
    1698.000      -90742.3260
    1699.000      -90908.5104
    1700.000      -90786.2427
    1701.000      -90705.0982
    1702.000      -90774.2237
    1703.000      -90695.2056
    1704.000      -90865.3701
    1705.000      -90535.4379
    1706.000      -90616.6238
    1707.000      -90481.7311
    1708.000      -91206.0465
    1709.000      -90793.3784
    1710.000      -90551.1352
    1711.000      -90430.6350
    1712.000      -90990.9706
    1713.000      -90565.2439
    1714.000      -90932.9505
    1715.000      -90594.9296
    1716.000      -90887.1899
    1717.000      -90147.5117
    1718.000      -90565.1649
    1719.000      -90742.3722
    1720.000      -91011.2489
    1721.000      -90946.4011
    1722.000      -90860.2243
    1723.000      -90930.9805
    1724.000      -90709.2885
    1725.000      -91015.5146
    1726.000      -90616.1653
    1727.000      -90461.3981
    1728.000      -90828.7694
    1729.000      -90332.6469
    1730.000      -90650.5975
    1731.000      -90638.0782
    1732.000      -90543.1744
    1733.000      -90517.0541
    1734.000      -90762.2276
    1735.000      -90742.7100
    1736.000      -90707.5889
    1737.000      -90647.5829
    1738.000      -90924.8064
    1739.000      -90786.5429
    1740.000      -90470.3696
    1741.000      -90648.1332
    1742.000      -90655.6986
    1743.000      -91154.5371
    1744.000      -90685.6670
    1745.000      -90701.0582
    1746.000      -90672.3644
    1747.000      -91052.1804
    1748.000      -90677.3872
    1749.000      -90725.4548
    1750.000      -90288.5875
    1751.000      -90596.4083
    1752.000      -90855.3537
    1753.000      -90637.0874
    1754.000      -90581.7716
    1755.000      -90607.7034
    1756.000      -90897.5094
    1757.000      -90793.9007
    1758.000      -90476.9218
    1759.000      -90270.9901
    1760.000      -90857.4084
    1761.000      -90774.3504
    1762.000      -90943.2595
    1763.000      -90586.1937
    1764.000      -91211.0802
    1765.000      -90603.5004
    1766.000      -90621.9805
    1767.000      -90695.9822
    1768.000      -90898.1366
    1769.000      -90946.4781
    1770.000      -90712.4072
    1771.000      -90218.8901
    1772.000      -90287.5181
    1773.000      -90529.0288
    1774.000      -90682.7192
    1775.000      -90893.6675
    1776.000      -90923.7400
    1777.000      -90498.4552
    1778.000      -90856.9100
    1779.000      -90733.5762
    1780.000      -90717.2937
    1781.000      -90790.9896
    1782.000      -90878.6902
    1783.000      -90480.4419
    1784.000      -90518.0978
    1785.000      -90944.3426
    1786.000      -90568.4944
    1787.000      -90562.1347
    1788.000      -90513.9426
    1789.000      -90377.0765
    1790.000      -90648.5738
    1791.000      -90642.4974
    1792.000      -90547.0632
    1793.000      -90579.2441
    1794.000      -90665.5774
    1795.000      -90507.1035
    1796.000      -90685.1927
    1797.000      -90771.7021
    1798.000      -90920.0528
    1799.000      -90793.8517
    1800.000      -90470.5252
    1801.000      -90781.0865
    1802.000      -90689.4989
    1803.000      -90340.1935
    1804.000      -90656.1566
    1805.000      -90547.8479
    1806.000      -90851.7262
    1807.000      -90855.8999
    1808.000      -91048.7958
    1809.000      -90487.3355
    1810.000      -90762.4399
    1811.000      -90717.2418
    1812.000      -90679.0789
    1813.000      -90747.3321
    1814.000      -90708.5049
    1815.000      -90473.6711
    1816.000      -90703.9516
    1817.000      -90795.8297
    1818.000      -90764.5391
    1819.000      -90466.8783
    1820.000      -91030.1519
    1821.000      -90722.9672
    1822.000      -90799.1124
    1823.000      -90371.7756
    1824.000      -90786.1469
    1825.000      -90513.5634
    1826.000      -90580.8256
    1827.000      -90631.5056
    1828.000      -90738.2950
    1829.000      -90739.2372
    1830.000      -90687.3542
    1831.000      -90529.5958
    1832.000      -90518.1951
    1833.000      -90652.6239
    1834.000      -90708.3317
    1835.000      -90599.5042
    1836.000      -90729.2717
    1837.000      -90841.0412
    1838.000      -90409.0875
    1839.000      -90687.0804
    1840.000      -90430.3599
    1841.000      -90967.7477
    1842.000      -90923.6401
    1843.000      -91030.8126
    1844.000      -90756.9947
    1845.000      -90670.1672
    1846.000      -90635.0822
    1847.000      -90535.4622
    1848.000      -90434.1147
    1849.000      -90590.2161
    1850.000      -90357.0723
    1851.000      -90718.8407
    1852.000      -90428.3229
    1853.000      -90341.9989
    1854.000      -90445.4580
    1855.000      -90585.6345
    1856.000      -90413.1753
    1857.000      -90508.6608
    1858.000      -90385.2046
    1859.000      -90744.6104
    1860.000      -90578.8347
    1861.000      -90346.0822
    1862.000      -90379.1276
    1863.000      -90576.7640
    1864.000      -90635.8428
    1865.000      -90703.0472
    1866.000      -91011.7646
    1867.000      -90812.2436
    1868.000      -90538.1199
    1869.000      -91021.4771
    1870.000      -90633.8699
    1871.000      -90773.1583
    1872.000      -90413.4855
    1873.000      -90835.7089
    1874.000      -90950.5371
    1875.000      -90925.9466
    1876.000      -90411.5986
    1877.000      -90665.2934
    1878.000      -90157.6745
    1879.000      -90545.5013
    1880.000      -90630.8237
    1881.000      -90247.8809
    1882.000      -90466.1123
    1883.000      -90642.2560
    1884.000      -90892.4024
    1885.000      -90789.9193
    1886.000      -91060.6442
    1887.000      -90867.3944
    1888.000      -91051.9995
    1889.000      -90102.6429
    1890.000      -90798.7133
    1891.000      -90667.4164
    1892.000      -90542.6899
    1893.000      -90414.5925
    1894.000      -90583.8915
    1895.000      -90304.7321
    1896.000      -90619.9421
    1897.000      -90566.3559
    1898.000      -90609.1551
    1899.000      -90802.7965
    1900.000      -90758.2073
    1901.000      -90794.8820
    1902.000      -90944.8041
    1903.000      -90719.3989
    1904.000      -90729.9043
    1905.000      -91079.7590
    1906.000      -90888.5583
    1907.000      -90496.1051
    1908.000      -90689.8407
    1909.000      -91062.9015
    1910.000      -90598.6994
    1911.000      -90720.2209
    1912.000      -90766.6570
    1913.000      -90837.8884
    1914.000      -90541.8551
    1915.000      -90706.8082
    1916.000      -90811.4297
    1917.000      -90854.9897
    1918.000      -90567.8825
    1919.000      -90426.3491
    1920.000      -90543.9191
    1921.000      -90755.9500
    1922.000      -90696.3331
    1923.000      -91207.0492
    1924.000      -90473.3581
    1925.000      -90818.3889
    1926.000      -90764.2690
    1927.000      -90675.1132
    1928.000      -90882.1796
    1929.000      -90909.9053
    1930.000      -90896.5172
    1931.000      -90754.1873
    1932.000      -90526.0241
    1933.000      -90776.6013
    1934.000      -90840.5694
    1935.000      -90349.6368
    1936.000      -90628.1855
    1937.000      -90725.6817
    1938.000      -90481.7697
    1939.000      -90928.6302
    1940.000      -90817.4136
    1941.000      -90857.1957
    1942.000      -90750.5017
    1943.000      -90717.2600
    1944.000      -90598.1905
    1945.000      -90750.6801
    1946.000      -90767.9561
    1947.000      -90563.3462
    1948.000      -90659.6986
    1949.000      -90711.3979
    1950.000      -90830.3204
    1951.000      -90720.7539
    1952.000      -90818.1283
    1953.000      -90917.4118
    1954.000      -90602.5579
    1955.000      -90514.4928
    1956.000      -90849.3696
    1957.000      -90411.5581
    1958.000      -90598.3724
    1959.000      -91195.7717
    1960.000      -90521.7301
    1961.000      -90695.8055
    1962.000      -90615.0527
    1963.000      -90478.4693
    1964.000      -90602.2630
    1965.000      -90844.7322
    1966.000      -90786.4137
    1967.000      -90698.9236
    1968.000      -90486.3627
    1969.000      -90701.7586
    1970.000      -90479.4208
    1971.000      -90469.8414
    1972.000      -90694.5679
    1973.000      -90449.4721
    1974.000      -90636.6293
    1975.000      -90595.9326
    1976.000      -90671.0886
    1977.000      -90741.3298
    1978.000      -90511.4643
    1979.000      -90743.2795
    1980.000      -90849.3474
    1981.000      -90708.9006
    1982.000      -90435.5205
    1983.000      -90885.6970
    1984.000      -90762.7051
    1985.000      -90638.8371
    1986.000      -91156.5701
    1987.000      -90664.2899
    1988.000      -90389.3050
    1989.000      -91099.4999
    1990.000      -90532.6585
    1991.000      -90553.2769
    1992.000      -90679.5609
    1993.000      -90842.1193
    1994.000      -90886.2134
    1995.000      -90462.0482
    1996.000      -90483.4186
    1997.000      -90577.9282
    1998.000      -90790.1423
    1999.000      -90793.6019
    2000.000      -90996.9255
    2001.000      -90793.8021
    2002.000      -90532.5834
    2003.000      -91043.7929
    2004.000      -91085.6162
    2005.000      -90752.9938
    2006.000      -90870.8743
    2007.000      -90712.7374
    2008.000      -90972.6405
    2009.000      -90499.5844
    2010.000      -90589.2984
    2011.000      -90655.5431
    2012.000      -90463.5462
    2013.000      -90454.5395
    2014.000      -90373.2671
    2015.000      -90513.6365
    2016.000      -90609.4949
    2017.000      -90725.4281
    2018.000      -90611.1823
    2019.000      -90890.9523
    2020.000      -90680.9786
    2021.000      -90836.6661
    2022.000      -90743.1607
    2023.000      -90549.2672
    2024.000      -90620.5243
    2025.000      -90975.7504
    2026.000      -90910.5761
    2027.000      -90607.2831
    2028.000      -90617.2962
    2029.000      -90502.1458
    2030.000      -90343.1958
    2031.000      -90375.4912
    2032.000      -90819.4429
    2033.000      -90300.4727
    2034.000      -90726.9736
    2035.000      -90684.5693
    2036.000      -90742.5205
    2037.000      -90795.3400
    2038.000      -90655.5196
    2039.000      -91013.9026
    2040.000      -90851.3106
    2041.000      -90541.7672
    2042.000      -91006.9511
    2043.000      -90741.0023
    2044.000      -90669.2208
    2045.000      -90517.4784
    2046.000      -90708.9224
    2047.000      -90443.0483
    2048.000      -90567.7433
    2049.000      -90861.8552
    2050.000      -90545.7270
    2051.000      -90716.3131
    2052.000      -90498.9076
    2053.000      -90625.1897
    2054.000      -90842.0510
    2055.000      -90689.9409
    2056.000      -90802.2706
    2057.000      -90794.2663
    2058.000      -90570.4667
    2059.000      -90690.9309
    2060.000      -90561.1811
    2061.000      -90372.2058
    2062.000      -90636.1235
    2063.000      -90455.4024
    2064.000      -90560.6890
    2065.000      -90781.7348
    2066.000      -90433.9696
    2067.000      -90739.7346
    2068.000      -90796.7379
    2069.000      -90988.7050
    2070.000      -90844.7188
    2071.000      -90626.4159
    2072.000      -90551.3364
    2073.000      -91082.3331
    2074.000      -90858.6351
    2075.000      -90663.5735
    2076.000      -90373.0644
    2077.000      -91010.8145
    2078.000      -90433.9373
    2079.000      -90829.5110
    2080.000      -90922.4716
    2081.000      -90934.9580
    2082.000      -90663.6109
    2083.000      -90754.4656
    2084.000      -90448.4349
    2085.000      -90302.4905
    2086.000      -90429.9839
    2087.000      -90787.6773
    2088.000      -90484.3561
    2089.000      -90327.0889
    2090.000      -90743.6072
    2091.000      -90411.3445
    2092.000      -90754.6168
    2093.000      -90820.0682
    2094.000      -90358.7267
    2095.000      -90548.7494
    2096.000      -90500.9794
    2097.000      -90670.9542
    2098.000      -90699.0897
    2099.000      -90433.8489
    2100.000      -90784.2214
    2101.000      -90915.2711
    2102.000      -91041.3010
    2103.000      -90720.1540
    2104.000      -90443.8711
    2105.000      -90390.0156
    2106.000      -90614.7612
    2107.000      -91039.1588
    2108.000      -90796.0598
    2109.000      -90432.3377
    2110.000      -90821.8231
    2111.000      -90561.1040
    2112.000      -90587.5393
    2113.000      -90691.9707
    2114.000      -90428.9421
    2115.000      -90839.9986
    2116.000      -90801.0605
    2117.000      -90507.3797
    2118.000      -90717.8150
    2119.000      -90452.1389
    2120.000      -90844.5390
    2121.000      -90867.9608
    2122.000      -91275.2361
    2123.000      -91276.6804
    2124.000      -90930.2838
    2125.000      -90604.0379
    2126.000      -90849.7914
    2127.000      -90335.8423
    2128.000      -90750.2619
    2129.000      -90758.0457
    2130.000      -90578.7096
    2131.000      -90747.5763
    2132.000      -90708.8035
    2133.000      -90479.4885
    2134.000      -90915.9142
    2135.000      -90706.5305
    2136.000      -90745.4832
    2137.000      -90728.5585
    2138.000      -90846.3411
    2139.000      -90477.0682
    2140.000      -90546.1816
    2141.000      -90550.3788
    2142.000      -90683.3114
    2143.000      -90513.1811
    2144.000      -90859.0970
    2145.000      -90557.5853
    2146.000      -90788.9255
    2147.000      -90513.3476
    2148.000      -90581.4105
    2149.000      -90764.4174
    2150.000      -90924.8439
    2151.000      -90962.4346
    2152.000      -90501.0034
    2153.000      -90797.7747
    2154.000      -90290.6118
    2155.000      -90702.2472
    2156.000      -90605.5458
    2157.000      -90842.7442
    2158.000      -90792.3033
    2159.000      -90848.3853
    2160.000      -90613.3766
    2161.000      -90168.6339
    2162.000      -90770.5744
    2163.000      -90546.9179
    2164.000      -91012.9552
    2165.000      -90631.3277
    2166.000      -90668.4555
    2167.000      -90354.9784
    2168.000      -90616.8548
    2169.000      -90454.8990
    2170.000      -90318.3273
    2171.000      -90548.2300
    2172.000      -90641.9348
    2173.000      -90506.3302
    2174.000      -90742.5597
    2175.000      -90613.5244
    2176.000      -90656.5629
    2177.000      -90878.5544
    2178.000      -90208.2160
    2179.000      -90805.2748
    2180.000      -90351.6239
    2181.000      -90692.0005
    2182.000      -90712.0504
    2183.000      -90660.2407
    2184.000      -91135.2788
    2185.000      -90557.4963
    2186.000      -90885.8699
    2187.000      -90844.4146
    2188.000      -90136.2641
    2189.000      -90409.1200
    2190.000      -90578.8826
    2191.000      -90585.3991
    2192.000      -90640.7615
    2193.000      -90647.3062
    2194.000      -90528.3972
    2195.000      -90567.9353
    2196.000      -90814.7090
    2197.000      -90981.9188
    2198.000      -91037.2297
    2199.000      -90979.4958
    2200.000      -90731.3057
    2201.000      -90607.5227
    2202.000      -91003.9933
    2203.000      -90453.5839
    2204.000      -90975.0750
    2205.000      -91167.2830
    2206.000      -90947.7927
    2207.000      -90747.3421
    2208.000      -90569.7757
    2209.000      -90530.5137
    2210.000      -90743.1990
    2211.000      -90702.8379
    2212.000      -91033.9996
    2213.000      -90574.1117
    2214.000      -90714.9229
    2215.000      -90570.8965
    2216.000      -90462.2607
    2217.000      -90646.2127
    2218.000      -90610.0316
    2219.000      -90934.6125
    2220.000      -91002.9857
    2221.000      -90958.0887
    2222.000      -90695.9276
    2223.000      -90714.4664
    2224.000      -90841.1991
    2225.000      -90443.3854
    2226.000      -90403.0491
    2227.000      -90556.2105
    2228.000      -90736.2389
    2229.000      -90771.6097
    2230.000      -90854.3208
    2231.000      -91147.6045
    2232.000      -90835.7539
    2233.000      -90721.8392
    2234.000      -90509.6018
    2235.000      -90590.4013
    2236.000      -90655.0638
    2237.000      -90691.1114
    2238.000      -90818.0264
    2239.000      -90363.2622
    2240.000      -90591.5130
    2241.000      -90524.4139
    2242.000      -90747.6042
    2243.000      -90587.6981
    2244.000      -90869.4680
    2245.000      -90501.0960
    2246.000      -90577.5640
    2247.000      -90547.9851
    2248.000      -90992.8151
    2249.000      -90819.2815
    2250.000      -90825.6950
    2251.000      -91005.0518
    2252.000      -90745.2568
    2253.000      -90831.3881
    2254.000      -91019.6390
    2255.000      -90690.6530
    2256.000      -90931.6924
    2257.000      -90835.7819
    2258.000      -90774.1070
    2259.000      -91280.3153
    2260.000      -90490.7387
    2261.000      -90825.6166
    2262.000      -90581.3009
    2263.000      -90716.6239
    2264.000      -90504.8493
    2265.000      -90458.7086
    2266.000      -90458.3597
    2267.000      -90888.8501
    2268.000      -90608.9328
    2269.000      -90600.1218
    2270.000      -90905.5012
    2271.000      -90338.3063
    2272.000      -90912.2187
    2273.000      -90505.9229
    2274.000      -90225.7523
    2275.000      -90675.5297
    2276.000      -90594.9753
    2277.000      -90996.7413
    2278.000      -90627.3671
    2279.000      -90882.0342
    2280.000      -90782.0987
    2281.000      -90965.1041
    2282.000      -90754.8736
    2283.000      -90608.6133
    2284.000      -90564.7003
    2285.000      -90855.6783
    2286.000      -90777.3713
    2287.000      -90519.0339
    2288.000      -91099.7675
    2289.000      -91138.1569
    2290.000      -90526.9530
    2291.000      -90809.8466
    2292.000      -90647.7736
    2293.000      -90897.9509
    2294.000      -90896.0963
    2295.000      -90615.4534
    2296.000      -91244.9528
    2297.000      -91441.5418
    2298.000      -90701.9255
    2299.000      -90793.7692
    2300.000      -90553.0258
    2301.000      -90698.3783
    2302.000      -90824.8702
    2303.000      -90770.6395
    2304.000      -90626.4350
    2305.000      -91013.9787
    2306.000      -90784.9882
    2307.000      -90721.9171
    2308.000      -90592.1286
    2309.000      -90396.2169
    2310.000      -90648.2555
    2311.000      -90773.9457
    2312.000      -90973.4435
    2313.000      -90703.7331
    2314.000      -90945.2572
    2315.000      -90935.6875
    2316.000      -90821.9888
    2317.000      -90846.2421
    2318.000      -90788.3099
    2319.000      -90713.8705
    2320.000      -90608.2631
    2321.000      -90783.4341
    2322.000      -91049.7946
    2323.000      -90881.1308
    2324.000      -90776.8927
    2325.000      -90555.5095
    2326.000      -90982.9664
    2327.000      -90789.7775
    2328.000      -90786.8807
    2329.000      -90536.9271
    2330.000      -90795.1576
    2331.000      -90955.5628
    2332.000      -90490.2290
    2333.000      -90486.1698
    2334.000      -90800.3329
    2335.000      -90756.7973
    2336.000      -90874.6921
    2337.000      -91163.9226
    2338.000      -90575.2441
    2339.000      -90755.2808
    2340.000      -90621.9747
    2341.000      -90724.5025
    2342.000      -90771.7008
    2343.000      -90669.5358
    2344.000      -90582.9430
    2345.000      -90715.1729
    2346.000      -90558.4170
    2347.000      -90553.6737
    2348.000      -90955.0287
    2349.000      -90163.8536
    2350.000      -90684.8033
    2351.000      -90658.6669
    2352.000      -90516.9275
    2353.000      -91044.6906
    2354.000      -90442.6589
    2355.000      -90084.2092
    2356.000      -91052.2508
    2357.000      -90964.8022
    2358.000      -90810.6407
    2359.000      -90479.6063
    2360.000      -90716.1141
    2361.000      -90953.6932
    2362.000      -90766.3799
    2363.000      -90605.2596
    2364.000      -90648.7362
    2365.000      -90711.5589
    2366.000      -90566.3283
    2367.000      -90775.0355
    2368.000      -91087.4663
    2369.000      -90458.0095
    2370.000      -90887.3302
    2371.000      -90684.7673
    2372.000      -90523.5075
    2373.000      -90512.2578
    2374.000      -90927.7718
    2375.000      -90568.5987
    2376.000      -90651.7759
    2377.000      -90773.5430
    2378.000      -90801.2888
    2379.000      -90463.9454
    2380.000      -90804.7623
    2381.000      -90666.3864
    2382.000      -90830.2658
    2383.000      -90441.7413
    2384.000      -91045.7571
    2385.000      -90624.0396
    2386.000      -90490.8887
    2387.000      -90710.6711
    2388.000      -90932.0501
    2389.000      -90981.4483
    2390.000      -90905.8657
    2391.000      -90725.1965
    2392.000      -91313.1013
    2393.000      -90747.5262
    2394.000      -90937.9294
    2395.000      -90814.2715
    2396.000      -90640.9131
    2397.000      -90435.4682
    2398.000      -90847.7828
    2399.000      -90818.4324
    2400.000      -90576.2768
    2401.000      -90902.4439
    2402.000      -90509.0433
    2403.000      -90803.6539
    2404.000      -90841.8983
    2405.000      -90608.3025
    2406.000      -90612.1431
    2407.000      -90959.7028
    2408.000      -90415.2253
    2409.000      -90530.2144
    2410.000      -90872.8935
    2411.000      -90481.6664
    2412.000      -90668.4970
    2413.000      -90697.8759
    2414.000      -90488.6201
    2415.000      -90859.6896
    2416.000      -90648.6845
    2417.000      -90679.0324
    2418.000      -90987.7059
    2419.000      -90441.7535
    2420.000      -90796.3361
    2421.000      -90776.3966
    2422.000      -90587.1070
    2423.000      -90620.3885
    2424.000      -90556.3177
    2425.000      -90741.7674
    2426.000      -90932.2492
    2427.000      -90756.5802
    2428.000      -90822.0003
    2429.000      -90763.5372
    2430.000      -90847.2353
    2431.000      -90573.9890
    2432.000      -90512.0868
    2433.000      -90969.1080
    2434.000      -90443.7790
    2435.000      -90883.2384
    2436.000      -90798.4374
    2437.000      -90519.0821
    2438.000      -90940.4333
    2439.000      -90772.3265
    2440.000      -90634.9655
    2441.000      -90599.5421
    2442.000      -90493.4478
    2443.000      -90940.7703
    2444.000      -90601.3366
    2445.000      -90777.2427
    2446.000      -90582.8595
    2447.000      -90729.3242
    2448.000      -90848.7110
    2449.000      -90615.4317
    2450.000      -90535.1756
    2451.000      -90821.9669
    2452.000      -90665.3828
    2453.000      -90893.3158
    2454.000      -91093.1583
    2455.000      -90966.6785
    2456.000      -90652.5345
    2457.000      -90777.3237
    2458.000      -90801.4471
    2459.000      -90940.6472
    2460.000      -90640.1847
    2461.000      -90694.7966
    2462.000      -90868.5400
    2463.000      -91060.3277
    2464.000      -90456.9256
    2465.000      -90888.0448
    2466.000      -90941.9157
    2467.000      -90963.0947
    2468.000      -90942.3669
    2469.000      -91094.5250
    2470.000      -90964.8360
    2471.000      -90893.8551
    2472.000      -90883.2398
    2473.000      -91080.6302
    2474.000      -90875.1652
    2475.000      -90871.2245
    2476.000      -90646.9518
    2477.000      -91147.2267
    2478.000      -90744.9267
    2479.000      -90921.5678
    2480.000      -90994.7433
    2481.000      -90714.3445
    2482.000      -90844.8421
    2483.000      -90546.2996
    2484.000      -90650.4212
    2485.000      -90969.6978
    2486.000      -90488.3108
    2487.000      -90689.9774
    2488.000      -90828.9838
    2489.000      -90705.4912
    2490.000      -90466.7611
    2491.000      -90515.1384
    2492.000      -90544.2905
    2493.000      -90942.3213
    2494.000      -90721.8121
    2495.000      -90621.1233
    2496.000      -90751.4059
    2497.000      -90876.2451
    2498.000      -90713.3571
    2499.000      -90798.2099
    2500.000      -91190.5138
    2501.000      -90700.3122
    2502.000      -90951.9646
    2503.000      -90682.5919
    2504.000      -90518.5497
    2505.000      -90522.4886
    2506.000      -90874.4754
    2507.000      -91025.8097
    2508.000      -90898.4479
    2509.000      -90838.0905
    2510.000      -90867.2355
    2511.000      -91097.1933
    2512.000      -90595.0198
    2513.000      -90799.7747
    2514.000      -90870.8785
    2515.000      -90663.8022
    2516.000      -90991.7540
    2517.000      -90394.1091
    2518.000      -90650.1167
    2519.000      -91121.0766
    2520.000      -90621.5570
    2521.000      -90647.6936
    2522.000      -90631.8863
    2523.000      -90667.4295
    2524.000      -90482.8539
    2525.000      -90817.6682
    2526.000      -90921.9028
    2527.000      -90486.6577
    2528.000      -90564.7117
    2529.000      -90623.1777
    2530.000      -90659.6409
    2531.000      -90376.4532
    2532.000      -90400.1620
    2533.000      -90560.3713
    2534.000      -90869.8996
    2535.000      -90514.9294
    2536.000      -90583.5594
    2537.000      -90590.6481
    2538.000      -90427.5840
    2539.000      -90447.3548
    2540.000      -90648.7899
    2541.000      -90546.9229
    2542.000      -90755.2939
    2543.000      -90492.5610
    2544.000      -90436.4382
    2545.000      -90638.3168
    2546.000      -90933.3820
    2547.000      -90406.5464
    2548.000      -90649.1258
    2549.000      -90523.4986
    2550.000      -90260.2714
    2551.000      -90683.9207
    2552.000      -91012.2684
    2553.000      -90705.9006
    2554.000      -90996.5922
    2555.000      -90785.5636
    2556.000      -90905.0499
    2557.000      -90738.1054
    2558.000      -90606.7753
    2559.000      -90970.9523
    2560.000      -90942.5283
    2561.000      -90759.4210
    2562.000      -90741.3735
    2563.000      -90599.5634
    2564.000      -91200.8620
    2565.000      -90618.3469
    2566.000      -90627.6144
    2567.000      -90855.0781
    2568.000      -90612.3066
    2569.000      -90472.8883
    2570.000      -90747.8883
    2571.000      -90859.7481
    2572.000      -90712.2592
    2573.000      -90797.2286
    2574.000      -90864.5560
    2575.000      -90554.4531
    2576.000      -90553.1416
    2577.000      -90755.9517
    2578.000      -90995.4489
    2579.000      -90840.3606
    2580.000      -90878.2092
    2581.000      -90898.3792
    2582.000      -90486.0535
    2583.000      -91140.0846
    2584.000      -90670.0907
    2585.000      -90868.8916
    2586.000      -90435.1543
    2587.000      -90787.4765
    2588.000      -90757.7478
    2589.000      -90602.5367
    2590.000      -90374.3440
    2591.000      -90412.5403
    2592.000      -90572.3690
    2593.000      -91057.4406
    2594.000      -90462.3479
    2595.000      -90591.5869
    2596.000      -90682.1916
    2597.000      -90890.3797
    2598.000      -90804.3594
    2599.000      -90763.8894
    2600.000      -90563.0402
    2601.000      -90635.6858
    2602.000      -90769.4041
    2603.000      -90644.7935
    2604.000      -90741.9693
    2605.000      -90638.0012
    2606.000      -90507.2133
    2607.000      -90644.2556
    2608.000      -90844.5211
    2609.000      -90815.2026
    2610.000      -90592.8201
    2611.000      -90633.7536
    2612.000      -91078.2211
    2613.000      -90842.3431
    2614.000      -90907.2466
    2615.000      -90855.1410
    2616.000      -90997.1973
    2617.000      -90874.2476
    2618.000      -90851.2233
    2619.000      -90727.1273
    2620.000      -90578.8219
    2621.000      -90935.6887
    2622.000      -90478.5176
    2623.000      -90483.5189
    2624.000      -90900.8486
    2625.000      -90903.2054
    2626.000      -90846.5841
    2627.000      -90911.8610
    2628.000      -90967.0333
    2629.000      -90764.7817
    2630.000      -90806.1815
    2631.000      -90580.6400
    2632.000      -90969.1563
    2633.000      -90872.7553
    2634.000      -90708.0503
    2635.000      -91033.8853
    2636.000      -90870.1872
    2637.000      -91077.2482
    2638.000      -90808.0418
    2639.000      -90883.0730
    2640.000      -90633.2969
    2641.000      -90900.0093
    2642.000      -90671.4994
    2643.000      -90513.0097
    2644.000      -90513.8381
    2645.000      -90776.8458
    2646.000      -90704.7892
    2647.000      -90675.6768
    2648.000      -90738.1977
    2649.000      -90940.0371
    2650.000      -91220.7721
    2651.000      -91060.2924
    2652.000      -90908.2443
    2653.000      -90813.3411
    2654.000      -90704.5888
    2655.000      -90717.5986
    2656.000      -90766.1755
    2657.000      -90782.7196
    2658.000      -90881.3113
    2659.000      -90800.8308
    2660.000      -90729.7252
    2661.000      -90541.9876
    2662.000      -90779.1057
    2663.000      -91024.0930
    2664.000      -90514.5358
    2665.000      -90597.1900
    2666.000      -90800.9779
    2667.000      -90645.0502
    2668.000      -90968.8643
    2669.000      -90883.5453
    2670.000      -90831.8891
    2671.000      -90461.1614
    2672.000      -90738.2090
    2673.000      -90636.4474
    2674.000      -90675.0292
    2675.000      -90531.3434
    2676.000      -90689.1207
    2677.000      -90748.9644
    2678.000      -90753.3463
    2679.000      -90427.4166
    2680.000      -90976.6447
    2681.000      -90578.3793
    2682.000      -90722.4365
    2683.000      -90805.2630
    2684.000      -90918.6975
    2685.000      -90507.0046
    2686.000      -90634.8980
    2687.000      -90544.6872
    2688.000      -90527.0777
    2689.000      -90353.0527
    2690.000      -90539.6032
    2691.000      -90535.4931
    2692.000      -90609.1468
    2693.000      -90680.5914
    2694.000      -90538.5495
    2695.000      -91006.3880
    2696.000      -90847.1930
    2697.000      -90624.5336
    2698.000      -90584.8051
    2699.000      -90651.4610
    2700.000      -90730.1160
    2701.000      -91002.4652
    2702.000      -91132.2619
    2703.000      -90700.2222
    2704.000      -90579.3670
    2705.000      -90692.6367
    2706.000      -90816.7397
    2707.000      -90840.0555
    2708.000      -90660.8782
    2709.000      -90440.5400
    2710.000      -90810.1518
    2711.000      -90145.3252
    2712.000      -90761.1331
    2713.000      -90550.2633
    2714.000      -90353.3213
    2715.000      -90521.4198
    2716.000      -90332.2816
    2717.000      -90759.7753
    2718.000      -90727.9239
    2719.000      -90416.7096
    2720.000      -90749.1337
    2721.000      -90876.6962
    2722.000      -90566.2368
    2723.000      -90919.6152
    2724.000      -90904.8786
    2725.000      -90760.8282
    2726.000      -90772.6089
    2727.000      -91010.5079
    2728.000      -90706.9768
    2729.000      -90674.7506
    2730.000      -90287.1129
    2731.000      -90671.1238
    2732.000      -90704.0416
    2733.000      -90749.5388
    2734.000      -90205.1334
    2735.000      -90956.1501
    2736.000      -90677.9908
    2737.000      -90444.2914
    2738.000      -91126.2648
    2739.000      -90901.6746
    2740.000      -91098.7987
    2741.000      -90831.2972
    2742.000      -90688.6410
    2743.000      -90692.6925
    2744.000      -90811.6943
    2745.000      -90794.4493
    2746.000      -91036.5134
    2747.000      -90712.0643
    2748.000      -91179.8504
    2749.000      -90755.9058
    2750.000      -91059.5928
    2751.000      -90889.4520
    2752.000      -90885.6031
    2753.000      -90941.2279
    2754.000      -90672.5812
    2755.000      -90851.9918
    2756.000      -91194.0280
    2757.000      -90732.9788
    2758.000      -90864.1438
    2759.000      -90611.1049
    2760.000      -90383.2876
    2761.000      -90602.5679
    2762.000      -90880.0202
    2763.000      -90876.1697
    2764.000      -90684.1203
    2765.000      -91041.5933
    2766.000      -90434.0547
    2767.000      -90716.0259
    2768.000      -91012.6051
    2769.000      -91027.2734
    2770.000      -91032.9475
    2771.000      -90765.2044
    2772.000      -90860.3746
    2773.000      -90822.3802
    2774.000      -90779.3703
    2775.000      -90719.9131
    2776.000      -90694.0541
    2777.000      -90809.0102
    2778.000      -90967.4045
    2779.000      -91118.2600
    2780.000      -90971.6175
    2781.000      -90811.5157
    2782.000      -90802.9847
    2783.000      -91005.2771
    2784.000      -90648.7174
    2785.000      -90864.5942
    2786.000      -90946.3902
    2787.000      -90788.4469
    2788.000      -90678.2447
    2789.000      -90849.0707
    2790.000      -90468.0042
    2791.000      -90712.4270
    2792.000      -90496.4428
    2793.000      -90710.5295
    2794.000      -90654.1575
    2795.000      -90506.4437
    2796.000      -90989.0751
    2797.000      -90755.0980
    2798.000      -90668.8968
    2799.000      -90552.1378
    2800.000      -90974.0507
    2801.000      -90656.5299
    2802.000      -90973.3627
    2803.000      -90914.9968
    2804.000      -90620.9091
    2805.000      -90812.9771
    2806.000      -90749.4137
    2807.000      -90728.0957
    2808.000      -90671.9107
    2809.000      -90699.2066
    2810.000      -90536.6964
    2811.000      -90914.8535
    2812.000      -90750.6656
    2813.000      -90477.0002
    2814.000      -91023.5817
    2815.000      -90832.4907
    2816.000      -90732.6285
    2817.000      -90938.8719
    2818.000      -90847.3142
    2819.000      -90616.2070
    2820.000      -90601.8473
    2821.000      -90729.3663
    2822.000      -90779.9493
    2823.000      -90833.9587
    2824.000      -90674.9848
    2825.000      -91046.8367
    2826.000      -90702.1464
    2827.000      -90594.8744
    2828.000      -91016.0817
    2829.000      -90829.0247
    2830.000      -90626.6577
    2831.000      -90443.4642
    2832.000      -90858.1079
    2833.000      -91046.2066
    2834.000      -90968.2392
    2835.000      -90939.5417
    2836.000      -90647.1103
    2837.000      -90762.7958
    2838.000      -90684.6031
    2839.000      -90636.7005
    2840.000      -90839.5251
    2841.000      -90700.8432
    2842.000      -90672.6851
    2843.000      -90465.0245
    2844.000      -91248.4761
    2845.000      -90660.0373
    2846.000      -90528.6571
    2847.000      -90645.1556
    2848.000      -90996.5756
    2849.000      -91047.5466
    2850.000      -90610.6375
    2851.000      -90342.4642
    2852.000      -90864.7818
    2853.000      -90766.5627
    2854.000      -90700.2722
    2855.000      -90658.3070
    2856.000      -90632.6602
    2857.000      -90940.8275
    2858.000      -90771.4891
    2859.000      -90656.7011
    2860.000      -90607.8468
    2861.000      -90915.7366
    2862.000      -90767.8304
    2863.000      -91074.9515
    2864.000      -90987.9740
    2865.000      -90691.8344
    2866.000      -90745.2676
    2867.000      -90638.3367
    2868.000      -90558.6738
    2869.000      -90677.4720
    2870.000      -90587.7248
    2871.000      -90741.5703
    2872.000      -90636.6787
    2873.000      -90757.3407
    2874.000      -90886.3461
    2875.000      -91096.0275
    2876.000      -90845.0236
    2877.000      -90785.3986
    2878.000      -90473.7844
    2879.000      -90710.2167
    2880.000      -90585.6213
    2881.000      -90643.8051
    2882.000      -90637.0216
    2883.000      -90900.7664
    2884.000      -90586.1679
    2885.000      -90708.4079
    2886.000      -90693.4368
    2887.000      -90754.1362
    2888.000      -90968.2588
    2889.000      -91370.6489
    2890.000      -90720.3299
    2891.000      -90900.8265
    2892.000      -90343.7723
    2893.000      -90672.5746
    2894.000      -90706.5654
    2895.000      -90963.9310
    2896.000      -90503.7765
    2897.000      -90774.1648
    2898.000      -90560.9406
    2899.000      -90753.4191
    2900.000      -91076.4671
    2901.000      -90730.1545
    2902.000      -91167.9868
    2903.000      -90927.3315
    2904.000      -90937.2061
    2905.000      -90661.6618
    2906.000      -91005.7009
    2907.000      -91301.0330
    2908.000      -90999.2172
    2909.000      -91005.7760
    2910.000      -90885.0328
    2911.000      -90595.4471
    2912.000      -90751.2456
    2913.000      -90684.4584
    2914.000      -90676.1332
    2915.000      -91329.5124
    2916.000      -90766.9647
    2917.000      -90843.0345
    2918.000      -90863.6306
    2919.000      -91306.1368
    2920.000      -90786.8238
    2921.000      -90355.7876
    2922.000      -90670.7411
    2923.000      -91175.3904
    2924.000      -90751.4712
    2925.000      -91037.3357
    2926.000      -90701.9551
    2927.000      -90394.1069
    2928.000      -90639.3014
    2929.000      -90678.8736
    2930.000      -91039.8529
    2931.000      -91147.0889
    2932.000      -90815.0793
    2933.000      -90771.7278
    2934.000      -90409.2483
    2935.000      -90914.9289
    2936.000      -90972.8840
    2937.000      -90999.8340
    2938.000      -90664.5471
    2939.000      -90783.4820
    2940.000      -91130.3282
    2941.000      -91117.3354
    2942.000      -90806.6859
    2943.000      -90719.9317
    2944.000      -90976.7836
    2945.000      -90683.4820
    2946.000      -90780.2163
    2947.000      -90701.7704
    2948.000      -90635.2892
    2949.000      -91034.9886
    2950.000      -90671.7880
    2951.000      -90821.0284
    2952.000      -90620.6642
    2953.000      -90836.4481
    2954.000      -90984.8924
    2955.000      -90756.2421
    2956.000      -90585.4331
    2957.000      -90978.6180
    2958.000      -90663.1651
    2959.000      -91372.4783
    2960.000      -90695.6449
    2961.000      -90648.8895
    2962.000      -90854.3252
    2963.000      -90634.3294
    2964.000      -90695.9805
    2965.000      -91031.9492
    2966.000      -90678.7863
    2967.000      -90653.2719
    2968.000      -90815.0735
    2969.000      -90859.5569
    2970.000      -90875.5993
    2971.000      -90718.9045
    2972.000      -90493.3821
    2973.000      -90750.0219
    2974.000      -90993.6319
    2975.000      -91036.3812
    2976.000      -90641.8354
    2977.000      -90666.7085
    2978.000      -90576.1242
    2979.000      -90614.0874
    2980.000      -90895.9858
    2981.000      -90478.2437
    2982.000      -90623.9139
    2983.000      -90552.6666
    2984.000      -91045.7802
    2985.000      -90852.2361
    2986.000      -90770.0665
    2987.000      -90549.4176
    2988.000      -90842.1876
    2989.000      -90593.1280
    2990.000      -90605.7978
    2991.000      -90623.5342
    2992.000      -90968.5718
    2993.000      -91052.8936
    2994.000      -90771.3596
    2995.000      -91059.2175
    2996.000      -90981.9115
    2997.000      -90870.5973
    2998.000      -90867.8373
    2999.000      -90807.1522
    3000.000      -91016.6267
    3001.000      -90935.6786
    3002.000      -90891.2903
    3003.000      -91097.4786
    3004.000      -91081.6520
    3005.000      -90570.7297
    3006.000      -90563.6444
    3007.000      -90961.5559
    3008.000      -90537.8214
    3009.000      -90552.4889
    3010.000      -90637.4421
    3011.000      -90518.2524
    3012.000      -90980.8949
    3013.000      -90624.2761
    3014.000      -90880.2198
    3015.000      -90754.9049
    3016.000      -90861.8907
    3017.000      -90625.3795
    3018.000      -90590.5283
    3019.000      -89932.0002
    3020.000      -90527.8895
    3021.000      -90636.7874
    3022.000      -90797.7494
    3023.000      -90983.1682
    3024.000      -90620.3595
    3025.000      -90683.3747
    3026.000      -90852.0956
    3027.000      -90561.3757
    3028.000      -91076.6602
    3029.000      -90933.8707
    3030.000      -91093.9316
    3031.000      -90865.5968
    3032.000      -91034.1200
    3033.000      -90806.2215
    3034.000      -90692.1874
    3035.000      -90889.3657
    3036.000      -90620.2920
    3037.000      -90536.8716
    3038.000      -90917.3567
    3039.000      -90599.8961
    3040.000      -91002.0923
