     141.000   -684.5
     142.000   -697.1
     143.000   -396.1
     144.000   -260.8
     145.000   -142.9
     146.000   -131.0
     147.000   -132.7
     148.000   -161.5
     149.000    -94.6
     150.000    109.4
     151.000    -81.8
     152.000     48.0
     153.000    -12.9
     154.000   -202.9
     155.000   -263.2
     156.000   -192.5
     157.000     91.0
     158.000    122.6
     159.000    -74.5
     160.000     88.0
     161.000    -78.6
     162.000     15.6
     163.000    -16.0
     164.000    -99.5
     165.000   -131.2
     166.000    -15.6
     167.000    162.5
     168.000    135.7
     169.000     67.6
     170.000   -147.2
     171.000   -310.4
     172.000     10.3
     173.000     34.6
     174.000   -116.3
     175.000    -21.7
     176.000     22.4
     177.000   -160.7
     178.000     15.7
     179.000    242.4
     180.000    -50.6
     181.000   -259.1
     182.000     27.2
     183.000    -74.3
     184.000     55.6
     185.000    217.4
     186.000     19.6
     187.000    -43.3
     188.000   -175.6
     189.000     51.8
     190.000     60.3
     191.000     40.4
     192.000     87.7
     193.000    -37.7
     194.000    -11.7
     195.000     99.1
     196.000     65.5
     197.000     -6.6
     198.000   -154.4
     199.000    179.7
     200.000    229.6
     201.000   -272.5
     202.000    -20.2
     203.000    -18.1
     204.000     -5.7
     205.000    225.8
     206.000    164.9
     207.000    241.3
     208.000    164.3
     209.000    -25.1
     210.000    -75.9
     211.000     69.9
     212.000    -19.6
     213.000    168.3
     214.000    -72.5
     215.000    -27.9
     216.000     37.0
     217.000    159.7
     218.000    211.5
     219.000   -114.0
     220.000     14.6
     221.000     33.9
     222.000     82.9
     223.000     -0.5
     224.000    197.3
     225.000    200.4
     226.000   -114.8
     227.000    185.2
     228.000   -125.2
     229.000    220.9
     230.000   -199.2
     231.000    -60.0
     232.000     76.3
     233.000    248.5
     234.000    -38.6
     235.000      7.3
     236.000     15.5
     237.000    -22.6
     238.000    -55.7
     239.000    107.9
     240.000     64.7
     241.000    -95.0
     242.000   -170.1
     243.000    119.8
     244.000     50.0
     245.000    128.2
     246.000    -56.6
     247.000   -130.1
     248.000     81.5
     249.000     93.2
     250.000    -28.4
     251.000   -191.3
     252.000    218.3
     253.000    147.9
     254.000    176.9
     255.000    -92.2
     256.000    -73.3
     257.000    301.1
     258.000     52.8
     259.000    -34.1
     260.000    -34.5
     261.000   -322.7
     262.000   -135.3
     263.000     65.3
     264.000     90.0
     265.000   -296.9
     266.000    -99.6
     267.000      5.8
     268.000    -67.5
     269.000     54.3
     270.000      6.2
     271.000   -170.9
     272.000    141.9
     273.000    114.2
     274.000    -89.2
     275.000     13.7
     276.000    129.3
     277.000    -45.2
     278.000    148.0
     279.000   -107.9
     280.000    -17.9
     281.000    -96.0
     282.000     -8.8
     283.000     68.1
     284.000    150.4
     285.000    -80.1
     286.000    -17.8
     287.000     12.7
     288.000    -15.7
     289.000    155.7
     290.000    297.8
     291.000    -81.2
     292.000    -38.1
     293.000    197.8
     294.000   -295.6
     295.000    173.6
     296.000     -4.3
     297.000     89.3
     298.000    -28.7
     299.000    -15.7
     300.000    -84.9
     301.000    -92.8
     302.000    119.8
     303.000    285.6
     304.000    154.3
     305.000     28.4
     306.000    127.4
     307.000   -129.1
     308.000   -344.1
     309.000    122.3
     310.000     -0.9
     311.000    -87.6
     312.000    184.1
     313.000    154.1
     314.000    116.1
     315.000    142.8
     316.000    206.9
     317.000   -232.4
     318.000   -154.9
     319.000     73.3
     320.000   -157.3
     321.000   -149.2
     322.000   -156.5
     323.000   -192.8
     324.000    -92.0
     325.000    122.1
     326.000   -110.5
     327.000   -146.9
     328.000    186.1
     329.000    239.7
     330.000   -128.4
     331.000    109.9
     332.000    -25.4
     333.000    165.3
     334.000   -175.7
     335.000    197.9
     336.000     90.5
     337.000     84.2
     338.000    181.0
     339.000    136.6
     340.000    318.5
     341.000   -188.2
     342.000    166.6
     343.000     62.4
     344.000    -56.2
     345.000    109.1
     346.000    154.8
     347.000     52.2
     348.000   -297.0
     349.000     -4.8
     350.000    163.2
     351.000     71.1
     352.000     41.2
     353.000    185.5
     354.000    -31.0
     355.000    -15.5
     356.000     66.6
     357.000    -55.9
     358.000     -8.4
     359.000    133.4
     360.000    -26.5
     361.000   -172.4
     362.000     53.9
     363.000   -108.7
     364.000     65.0
     365.000    181.1
     366.000      7.2
     367.000   -141.9
     368.000     56.9
     369.000   -150.0
     370.000   -118.3
     371.000     44.9
     372.000     38.9
     373.000    -14.8
     374.000   -160.8
     375.000    131.4
     376.000    -94.6
     377.000   -126.5
     378.000   -254.4
     379.000    121.4
     380.000   -111.6
     381.000     70.4
     382.000    161.4
     383.000    -74.7
     384.000    130.0
     385.000    230.1
     386.000    -42.4
     387.000   -119.3
     388.000     75.8
     389.000      8.9
     390.000    -80.8
     391.000    172.7
     392.000    160.0
     393.000   -181.6
     394.000   -105.5
     395.000    162.4
     396.000    -10.3
     397.000    -21.1
     398.000    -27.4
     399.000   -116.9
     400.000   -144.9
     401.000   -152.1
     402.000    233.4
     403.000    117.6
     404.000    -85.5
     405.000    -18.3
     406.000     57.9
     407.000     15.0
     408.000    -70.8
     409.000    137.8
     410.000     44.7
     411.000    -95.0
     412.000    150.1
     413.000   -118.8
     414.000     32.0
     415.000    183.1
     416.000    264.8
     417.000     96.2
     418.000     45.3
     419.000    -51.1
     420.000     28.1
     421.000     -6.3
     422.000    -79.1
     423.000   -209.3
     424.000     18.1
     425.000    144.5
     426.000     -6.5
     427.000     85.2
     428.000      0.7
     429.000     63.5
     430.000    -13.0
     431.000     38.8
     432.000   -145.4
     433.000    -66.2
     434.000    357.2
     435.000   -180.3
     436.000    117.7
     437.000   -101.5
     438.000     40.9
     439.000    173.4
     440.000     75.4
     441.000     46.8
     442.000    -77.4
     443.000    -40.8
     444.000   -202.0
     445.000    -21.5
     446.000     41.1
     447.000    162.5
     448.000    -69.3
     449.000     52.0
     450.000    -11.5
     451.000   -219.3
     452.000    -27.0
     453.000   -152.2
     454.000     53.0
     455.000     76.8
     456.000     75.1
     457.000   -127.4
     458.000   -148.6
     459.000   -197.9
     460.000    131.6
     461.000   -262.1
     462.000    154.1
     463.000     56.3
     464.000     92.3
     465.000     87.5
     466.000    -52.9
     467.000    -21.1
     468.000   -118.0
     469.000   -212.0
     470.000     84.4
     471.000    287.1
     472.000     73.2
     473.000    -18.4
     474.000   -121.3
     475.000   -100.7
     476.000   -172.5
     477.000    174.5
     478.000     67.3
     479.000   -188.9
     480.000    183.2
     481.000     16.3
     482.000    -52.8
     483.000     13.4
     484.000   -213.8
     485.000     78.4
     486.000     61.9
     487.000   -209.6
     488.000    -10.4
     489.000    104.6
     490.000     73.9
     491.000   -105.8
     492.000   -194.3
     493.000     67.8
     494.000    111.6
     495.000     64.8
     496.000    -10.0
     497.000     -7.7
     498.000      1.8
     499.000    -78.5
     500.000     17.6
     501.000     85.4
     502.000   -101.9
     503.000   -142.6
     504.000    -94.5
     505.000    -26.2
     506.000    190.5
     507.000     51.0
     508.000     76.7
     509.000    107.8
     510.000   -230.5
     511.000    -46.0
     512.000    -64.3
     513.000     72.0
     514.000     -7.9
     515.000    144.7
     516.000   -200.2
     517.000    180.0
     518.000    -54.4
     519.000     24.5
     520.000    -50.2
     521.000   -124.2
     522.000     32.4
     523.000    269.8
     524.000     25.0
     525.000     41.0
     526.000    206.4
     527.000    191.6
     528.000    -52.9
     529.000     55.8
     530.000     73.3
     531.000     -6.2
     532.000   -134.8
     533.000     25.4
     534.000    -71.3
     535.000      6.0
     536.000    172.9
     537.000    -16.3
     538.000   -147.0
     539.000     -2.3
     540.000     74.2
     541.000    -28.2
     542.000     66.5
     543.000     29.2
     544.000    -11.2
     545.000     61.0
     546.000    -57.7
     547.000    -93.0
     548.000     29.0
     549.000     53.0
     550.000    -21.8
     551.000    -10.3
     552.000   -146.7
     553.000    -37.0
     554.000   -116.2
     555.000   -313.6
     556.000    161.0
     557.000   -159.2
     558.000     51.1
     559.000    -67.1
     560.000   -263.8
     561.000     34.5
     562.000    -45.5
     563.000    -28.3
     564.000     61.4
     565.000    -74.4
     566.000     84.9
     567.000     -6.2
     568.000      2.6
     569.000    175.2
     570.000    106.2
     571.000     70.2
     572.000     64.5
     573.000    110.4
     574.000     81.3
     575.000   -113.7
     576.000    -67.5
     577.000    -40.2
     578.000    109.5
     579.000     71.6
     580.000     97.9
     581.000   -110.2
     582.000   -148.9
     583.000    181.0
     584.000    -11.1
     585.000   -104.7
     586.000     -6.8
     587.000     61.6
     588.000     19.9
     589.000     66.6
     590.000    121.4
     591.000     52.0
     592.000     -5.8
     593.000    -11.2
     594.000    114.4
     595.000     49.3
     596.000    159.2
     597.000   -192.5
     598.000     42.7
     599.000   -220.4
     600.000     96.9
     601.000   -118.4
     602.000   -230.8
     603.000   -228.1
     604.000     27.7
     605.000    -48.4
     606.000    148.0
     607.000     67.4
     608.000     87.2
     609.000    -57.5
     610.000   -128.2
     611.000     26.0
     612.000     88.2
     613.000     76.6
     614.000    -96.1
     615.000     47.4
     616.000    282.5
     617.000   -156.9
     618.000   -137.6
     619.000     37.1
     620.000    -44.4
     621.000   -127.2
     622.000     50.9
     623.000   -154.8
     624.000    -48.2
     625.000    147.5
     626.000    -82.9
     627.000    155.8
     628.000     -6.2
     629.000    101.4
     630.000     72.6
     631.000   -374.8
     632.000   -276.1
     633.000   -103.2
     634.000   -225.8
     635.000     13.9
     636.000    135.0
     637.000     82.6
     638.000     67.5
     639.000     76.7
     640.000     51.2
     641.000    -87.2
     642.000      8.2
     643.000   -245.2
     644.000    -50.7
     645.000    123.9
     646.000     44.5
     647.000     10.8
     648.000    140.4
     649.000    -63.1
     650.000   -105.5
     651.000     30.4
     652.000    -40.5
     653.000   -177.1
     654.000      9.9
     655.000    -56.1
     656.000     39.3
     657.000     -8.8
     658.000   -112.2
     659.000     99.1
     660.000   -235.3
     661.000    236.2
     662.000   -242.6
     663.000     -9.5
     664.000     42.6
     665.000     81.6
     666.000     26.3
     667.000    -95.5
     668.000   -115.9
     669.000   -263.8
     670.000   -125.6
     671.000    148.8
     672.000   -199.0
     673.000     88.9
     674.000     41.6
     675.000    -27.9
     676.000    -76.7
     677.000    -29.6
     678.000    -24.0
     679.000    -45.4
     680.000     -2.1
     681.000   -101.4
     682.000   -170.4
     683.000    -27.6
     684.000    118.2
     685.000    -70.2
     686.000   -137.9
     687.000    -25.3
     688.000    166.4
     689.000   -160.3
     690.000    165.3
     691.000     27.2
     692.000     69.3
     693.000    108.7
     694.000    -25.0
     695.000     51.8
     696.000     -5.9
     697.000    -11.3
     698.000     18.1
     699.000    155.9
     700.000    -52.1
     701.000     35.3
     702.000   -429.2
     703.000   -236.4
     704.000    107.2
     705.000    -34.9
     706.000   -122.5
     707.000     45.9
     708.000   -281.8
     709.000     41.5
     710.000    -12.0
     711.000      9.0
     712.000     19.3
     713.000     62.4
     714.000     15.2
     715.000    -28.3
     716.000    -78.4
     717.000      1.5
     718.000     39.1
     719.000    282.1
     720.000    -42.3
     721.000    131.2
     722.000    -91.0
     723.000    -65.7
     724.000    -84.7
     725.000    216.1
     726.000    -67.8
     727.000      9.9
     728.000     57.3
     729.000     74.8
     730.000     -2.5
     731.000     61.1
     732.000     35.7
     733.000    240.2
     734.000     18.0
     735.000    -35.5
     736.000    -44.2
     737.000    -50.0
     738.000     18.1
     739.000   -129.9
     740.000    -15.7
     741.000   -120.1
     742.000    210.5
     743.000    193.1
     744.000     60.5
     745.000     -5.7
     746.000    -42.3
     747.000     21.9
     748.000     46.7
     749.000    206.5
     750.000    106.2
     751.000   -266.4
     752.000    207.3
     753.000     38.1
     754.000      0.5
     755.000    -38.4
     756.000   -165.2
     757.000     49.7
     758.000   -202.3
     759.000   -174.9
     760.000   -111.8
     761.000    126.5
     762.000     -7.2
     763.000     85.8
     764.000    -25.2
     765.000      9.6
     766.000    211.7
     767.000   -153.8
     768.000     -1.4
     769.000    300.2
     770.000   -120.1
     771.000    306.5
     772.000   -109.3
     773.000    -55.5
     774.000   -215.5
     775.000     35.9
     776.000   -207.1
     777.000    179.4
     778.000     36.8
     779.000   -121.9
     780.000   -101.3
     781.000   -182.3
     782.000    -37.6
     783.000     -1.2
     784.000     30.3
     785.000    -61.6
     786.000   -153.8
     787.000    -20.2
     788.000   -120.1
     789.000   -129.4
     790.000   -103.5
     791.000    133.2
     792.000     67.5
     793.000    -30.1
     794.000    -13.8
     795.000    -26.8
     796.000   -107.8
     797.000    -64.4
     798.000     43.2
     799.000    356.3
     800.000    117.6
     801.000   -185.2
     802.000   -141.4
     803.000   -189.1
     804.000    -12.8
     805.000    157.5
     806.000    -85.9
     807.000    139.6
     808.000     43.1
     809.000     34.2
     810.000   -225.1
     811.000    150.8
     812.000    -50.9
     813.000   -305.5
     814.000    357.6
     815.000   -173.5
     816.000   -228.2
     817.000    -10.1
     818.000   -112.2
     819.000    -92.8
     820.000    152.0
     821.000     -7.9
     822.000      8.1
     823.000    209.6
     824.000    -92.1
     825.000   -139.6
     826.000   -120.5
     827.000     80.5
     828.000    142.3
     829.000   -189.3
     830.000     99.4
     831.000    200.0
     832.000    110.8
     833.000    120.7
     834.000     75.6
     835.000     44.4
     836.000    143.9
     837.000     26.7
     838.000    -97.8
     839.000     97.0
     840.000    114.8
     841.000   -191.6
     842.000    -83.0
     843.000    166.8
     844.000    119.8
     845.000   -144.8
     846.000   -147.9
     847.000     54.0
     848.000    -50.5
     849.000     98.8
     850.000    122.5
     851.000     23.5
     852.000     70.3
     853.000     51.1
     854.000     48.4
     855.000    -54.4
     856.000   -216.3
     857.000   -156.2
     858.000    -77.1
     859.000    -29.2
     860.000    -80.1
     861.000     59.7
     862.000    264.5
     863.000      3.1
     864.000    143.7
     865.000   -118.9
     866.000    159.5
     867.000    -27.1
     868.000   -164.1
     869.000     67.8
     870.000     15.6
     871.000     20.5
     872.000   -209.9
     873.000   -114.3
     874.000   -117.8
     875.000    328.8
     876.000     -2.3
     877.000    -92.9
     878.000    140.0
     879.000    178.1
     880.000    -92.4
     881.000     88.5
     882.000   -277.5
     883.000    102.4
     884.000     97.6
     885.000    -81.1
     886.000   -162.0
     887.000     73.4
     888.000    153.7
     889.000    -30.2
     890.000    112.9
     891.000      9.0
     892.000    -86.3
     893.000    238.7
     894.000      2.6
     895.000   -153.8
     896.000    -31.4
     897.000     10.9
     898.000     52.9
     899.000     57.2
     900.000     21.8
     901.000     98.8
     902.000     67.1
     903.000   -294.8
     904.000    -19.5
     905.000   -185.7
     906.000    -60.4
     907.000    191.8
     908.000     37.6
     909.000     86.6
     910.000    -39.9
     911.000     19.9
     912.000     47.7
     913.000      5.5
     914.000     16.7
     915.000     59.6
     916.000   -170.2
     917.000    -62.9
     918.000   -141.4
     919.000   -113.9
     920.000    -58.1
     921.000    -41.6
     922.000    -15.5
     923.000     28.6
     924.000     46.9
     925.000    -29.0
     926.000     68.5
     927.000    -84.5
     928.000    254.0
     929.000     53.7
     930.000    291.5
     931.000    -93.7
     932.000      4.4
     933.000   -171.8
     934.000     13.3
     935.000    -54.4
     936.000    -64.1
     937.000     15.0
     938.000     42.2
     939.000    167.1
     940.000     78.0
     941.000    223.7
     942.000    -12.2
     943.000    160.8
     944.000     71.0
     945.000    124.6
     946.000     70.5
     947.000    -84.4
     948.000     30.6
     949.000    139.8
     950.000     87.3
     951.000   -121.0
     952.000    -52.1
     953.000    101.5
     954.000    -98.6
     955.000     50.0
     956.000    127.3
     957.000    198.5
     958.000     13.9
     959.000   -207.9
     960.000   -226.9
     961.000   -105.7
     962.000    -45.3
     963.000     43.6
     964.000    285.9
     965.000     26.3
     966.000    -68.5
     967.000    -25.6
     968.000    198.4
     969.000    -73.3
     970.000      1.1
     971.000    -83.6
     972.000    -36.6
     973.000    207.6
     974.000   -278.0
     975.000    -25.5
     976.000    -18.5
     977.000   -162.9
     978.000   -151.6
     979.000   -344.0
     980.000    -23.0
     981.000     -2.8
     982.000    123.6
     983.000   -108.5
     984.000     60.7
     985.000   -194.0
     986.000    -11.7
     987.000     97.0
     988.000    -21.2
     989.000    183.7
     990.000    114.8
     991.000    -32.5
     992.000     42.5
     993.000    -38.3
     994.000    -25.6
     995.000     99.3
     996.000     22.6
     997.000    -11.8
     998.000    132.3
     999.000   -230.4
    1000.000    303.0
    1001.000     77.8
    1002.000    223.5
    1003.000    105.9
    1004.000    -87.4
    1005.000     89.4
    1006.000   -148.9
    1007.000    -82.3
    1008.000    -31.1
    1009.000    170.3
    1010.000     67.9
    1011.000     97.0
    1012.000    116.0
    1013.000   -114.8
    1014.000    -53.5
    1015.000     94.5
    1016.000     70.1
    1017.000   -182.9
    1018.000     60.0
    1019.000   -123.6
    1020.000     33.2
    1021.000     15.5
    1022.000   -272.4
    1023.000   -156.3
    1024.000    -66.7
    1025.000     15.5
    1026.000     93.5
    1027.000    -39.3
    1028.000   -169.6
    1029.000     -8.2
    1030.000     83.0
    1031.000     12.2
    1032.000    -48.1
    1033.000    230.8
    1034.000     43.2
    1035.000     33.7
    1036.000     14.7
    1037.000    -73.7
    1038.000     27.0
    1039.000    110.5
    1040.000    -19.4
    1041.000    -67.8
    1042.000      3.4
    1043.000     31.2
    1044.000    176.5
    1045.000   -172.8
    1046.000    187.2
    1047.000    -53.7
    1048.000    168.2
    1049.000    -32.7
    1050.000    -26.9
    1051.000     -8.3
    1052.000    -14.7
    1053.000    -58.9
    1054.000    -74.5
    1055.000     27.4
    1056.000     62.6
    1057.000     -3.8
    1058.000    -11.4
    1059.000     82.4
    1060.000    -50.7
    1061.000     14.4
    1062.000    147.3
    1063.000    -29.7
    1064.000     57.5
    1065.000     73.5
    1066.000    246.1
    1067.000   -245.4
    1068.000     34.7
    1069.000     56.2
    1070.000   -193.4
    1071.000    -92.9
    1072.000    124.8
    1073.000     95.7
    1074.000    128.5
    1075.000     85.1
    1076.000     60.0
    1077.000    -95.8
    1078.000    -40.2
    1079.000     59.2
    1080.000   -117.6
    1081.000    104.4
    1082.000   -255.3
    1083.000    -89.0
    1084.000    259.0
    1085.000    135.6
    1086.000     97.9
    1087.000     26.1
    1088.000     61.1
    1089.000     15.8
    1090.000     25.0
    1091.000   -121.7
    1092.000    100.4
    1093.000    167.8
    1094.000   -133.4
    1095.000    322.5
    1096.000    174.5
    1097.000     53.9
    1098.000    -12.8
    1099.000    -42.8
    1100.000      3.6
    1101.000     82.1
    1102.000    126.4
    1103.000   -281.9
    1104.000     21.8
    1105.000   -319.5
    1106.000   -102.6
    1107.000    -24.4
    1108.000    -76.6
    1109.000    -98.8
    1110.000    -10.2
    1111.000    -95.1
    1112.000     -4.4
    1113.000   -203.9
    1114.000     47.8
    1115.000   -181.7
    1116.000   -172.3
    1117.000    -78.7
    1118.000   -105.2
    1119.000    414.9
    1120.000     60.4
    1121.000   -219.4
    1122.000    -21.2
    1123.000     36.0
    1124.000     91.5
    1125.000    -59.3
    1126.000    132.0
    1127.000    -68.4
    1128.000     38.2
    1129.000   -100.0
    1130.000   -271.2
    1131.000   -416.8
    1132.000    184.7
    1133.000    101.5
    1134.000      1.0
    1135.000     11.0
    1136.000    -19.7
    1137.000     98.2
    1138.000    -63.6
    1139.000     17.4
    1140.000    125.3
    1141.000     22.5
    1142.000    -84.7
    1143.000     11.6
    1144.000     62.5
    1145.000    245.0
    1146.000    -33.6
    1147.000    -56.4
    1148.000     35.2
    1149.000    111.6
    1150.000    190.0
    1151.000     36.4
    1152.000   -168.3
    1153.000    -17.5
    1154.000    125.2
    1155.000   -184.9
    1156.000    -79.3
    1157.000     69.1
    1158.000   -152.3
    1159.000   -146.7
    1160.000    189.1
    1161.000   -157.7
    1162.000    245.1
    1163.000    -61.7
    1164.000    -44.3
    1165.000     41.6
    1166.000    -22.5
    1167.000   -147.8
    1168.000     11.7
    1169.000    -57.5
    1170.000     59.8
    1171.000    160.5
    1172.000     45.2
    1173.000      4.2
    1174.000    -94.8
    1175.000    109.5
    1176.000     24.2
    1177.000     60.0
    1178.000     39.4
    1179.000    -27.5
    1180.000   -228.3
    1181.000     -0.0
    1182.000    -97.4
    1183.000   -191.8
    1184.000    -19.2
    1185.000     10.6
    1186.000    134.3
    1187.000    -79.7
    1188.000   -191.5
    1189.000     58.7
    1190.000    -49.7
    1191.000   -299.8
    1192.000   -141.7
    1193.000      3.5
    1194.000   -150.8
    1195.000    260.7
    1196.000     32.8
    1197.000    189.0
    1198.000    -32.1
    1199.000    178.7
    1200.000    167.5
    1201.000   -141.8
    1202.000    168.8
    1203.000     17.4
    1204.000   -179.6
    1205.000   -147.2
    1206.000     18.0
    1207.000    -47.9
    1208.000     89.8
    1209.000     91.9
    1210.000    -22.3
    1211.000   -164.4
    1212.000      7.1
    1213.000    147.5
    1214.000      2.1
    1215.000    129.8
    1216.000     75.5
    1217.000   -251.7
    1218.000    -71.4
    1219.000    108.4
    1220.000   -126.8
    1221.000    134.2
    1222.000   -255.8
    1223.000     48.1
    1224.000    104.8
    1225.000    199.0
    1226.000     45.3
    1227.000   -115.7
    1228.000    114.1
    1229.000     80.1
    1230.000   -105.1
    1231.000    -54.9
    1232.000      3.1
    1233.000    -18.7
    1234.000    150.6
    1235.000    118.2
    1236.000    -51.3
    1237.000      0.4
    1238.000    133.0
    1239.000   -133.1
    1240.000   -224.5
    1241.000    -25.3
    1242.000     11.0
    1243.000    165.5
    1244.000     11.2
    1245.000     57.5
    1246.000     -5.4
    1247.000     17.5
    1248.000    103.0
    1249.000   -113.1
    1250.000   -134.0
    1251.000   -117.4
    1252.000    119.6
    1253.000    -83.4
    1254.000    207.9
    1255.000     19.5
    1256.000     80.3
    1257.000    -12.9
    1258.000     15.6
    1259.000    131.3
    1260.000   -182.7
    1261.000   -104.5
    1262.000    -20.9
    1263.000     -1.2
    1264.000    260.3
    1265.000    247.7
    1266.000   -222.4
    1267.000    -98.5
    1268.000   -116.2
    1269.000    -97.8
    1270.000     48.2
    1271.000     87.4
    1272.000    -71.4
    1273.000    -82.8
    1274.000     69.2
    1275.000   -138.5
    1276.000     67.0
    1277.000   -149.8
    1278.000     -2.8
    1279.000    192.8
    1280.000    -79.8
    1281.000    -11.8
    1282.000    143.8
    1283.000    -47.2
    1284.000    -52.3
    1285.000    132.3
    1286.000   -176.1
    1287.000   -145.8
    1288.000     47.9
    1289.000    -84.6
    1290.000     52.5
    1291.000     50.9
    1292.000   -285.2
    1293.000     14.3
    1294.000     49.4
    1295.000   -210.1
    1296.000    -81.6
    1297.000     62.2
    1298.000    -48.5
    1299.000    -90.9
    1300.000   -112.8
    1301.000      0.2
    1302.000    -44.0
    1303.000     -3.6
    1304.000   -144.2
    1305.000   -181.1
    1306.000     18.6
    1307.000      9.3
    1308.000    -17.5
    1309.000     69.7
    1310.000   -129.0
    1311.000   -145.2
    1312.000   -267.9
    1313.000   -201.4
    1314.000     72.3
    1315.000     14.0
    1316.000    -84.0
    1317.000   -117.5
    1318.000      4.4
    1319.000    144.7
    1320.000   -171.1
    1321.000    204.5
    1322.000     14.2
    1323.000    103.7
    1324.000   -259.2
    1325.000    172.1
    1326.000    140.7
    1327.000    107.2
    1328.000      5.8
    1329.000   -356.3
    1330.000    -52.4
    1331.000    -19.1
    1332.000     78.4
    1333.000    -34.7
    1334.000     -3.5
    1335.000     75.3
    1336.000   -159.9
    1337.000     -1.8
    1338.000    -69.0
    1339.000    126.8
    1340.000     73.0
    1341.000   -262.9
    1342.000     23.3
    1343.000    220.8
    1344.000     59.5
    1345.000     17.4
    1346.000    104.5
    1347.000     64.7
    1348.000     53.6
    1349.000    -72.2
    1350.000    -36.5
    1351.000     85.8
    1352.000     -6.9
    1353.000    -44.9
    1354.000     80.1
    1355.000    -18.3
    1356.000    -21.9
    1357.000    158.2
    1358.000    161.2
    1359.000     -3.2
    1360.000   -280.9
    1361.000    148.8
    1362.000    -49.1
    1363.000     17.0
    1364.000     41.0
    1365.000    220.0
    1366.000    -68.1
    1367.000   -184.9
    1368.000   -112.1
    1369.000    -91.6
    1370.000    -38.7
    1371.000   -252.3
    1372.000     81.6
    1373.000   -355.2
    1374.000   -159.5
    1375.000    155.0
    1376.000   -255.1
    1377.000   -408.5
    1378.000     54.4
    1379.000    129.7
    1380.000    226.9
    1381.000      0.7
    1382.000    165.9
    1383.000    162.7
    1384.000     41.2
    1385.000   -186.8
    1386.000    -17.2
    1387.000    147.1
    1388.000      9.8
    1389.000     92.8
    1390.000   -109.0
    1391.000    148.4
    1392.000    191.7
    1393.000   -118.9
    1394.000     -4.4
    1395.000     77.7
    1396.000   -238.2
    1397.000     48.8
    1398.000    -57.6
    1399.000      4.3
    1400.000     73.6
    1401.000    -43.1
    1402.000   -142.9
    1403.000    119.7
    1404.000     -9.6
    1405.000    207.6
    1406.000   -177.9
    1407.000   -142.1
    1408.000   -131.6
    1409.000     44.9
    1410.000    137.1
    1411.000   -252.0
    1412.000    141.5
    1413.000    -19.1
    1414.000    130.2
    1415.000    -90.8
    1416.000   -138.4
    1417.000   -112.4
    1418.000    -52.2
    1419.000    101.0
    1420.000    225.8
    1421.000    -51.9
    1422.000     89.8
    1423.000   -413.5
    1424.000     18.6
    1425.000   -147.3
    1426.000     36.0
    1427.000    255.6
    1428.000   -125.2
    1429.000    -25.6
    1430.000    163.5
    1431.000    -41.5
    1432.000    -93.7
    1433.000     62.7
    1434.000   -136.0
    1435.000     11.5
    1436.000     80.4
    1437.000    259.6
    1438.000    110.1
    1439.000     11.7
    1440.000     54.5
    1441.000     -9.6
    1442.000     57.2
    1443.000    -71.5
    1444.000   -181.4
    1445.000    -60.7
    1446.000   -249.1
    1447.000    149.1
    1448.000    -39.2
    1449.000     24.0
    1450.000     45.1
    1451.000   -131.0
    1452.000    -92.1
    1453.000    -50.3
    1454.000   -125.9
    1455.000   -110.6
    1456.000    118.7
    1457.000   -156.6
    1458.000    -33.4
    1459.000    -83.3
    1460.000    302.5
    1461.000   -148.1
    1462.000   -262.5
    1463.000    126.9
    1464.000   -254.9
    1465.000     84.9
    1466.000    265.2
    1467.000    -64.0
    1468.000     35.2
    1469.000    -58.2
    1470.000   -158.5
    1471.000   -145.7
    1472.000    -18.1
    1473.000    -61.2
    1474.000    -16.1
    1475.000   -106.1
    1476.000    272.5
    1477.000   -124.7
    1478.000     36.0
    1479.000     -8.2
    1480.000    -98.3
    1481.000     39.2
    1482.000     48.5
    1483.000     80.4
    1484.000   -108.7
    1485.000    -90.4
    1486.000    -76.9
    1487.000    152.9
    1488.000    -35.3
    1489.000    -98.4
    1490.000    -95.6
    1491.000    -19.3
    1492.000     58.5
    1493.000    127.0
    1494.000    -89.2
    1495.000    153.2
    1496.000     -2.9
    1497.000     90.7
    1498.000   -110.2
    1499.000    147.4
    1500.000     13.5
    1501.000   -127.2
    1502.000   -243.0
    1503.000    277.5
    1504.000   -103.7
    1505.000     -6.3
    1506.000    -66.8
    1507.000     44.6
    1508.000    121.2
    1509.000     66.8
    1510.000     96.9
    1511.000   -246.5
    1512.000   -127.4
    1513.000    181.7
    1514.000      4.4
    1515.000      6.1
    1516.000    -73.6
    1517.000     26.9
    1518.000    -80.6
    1519.000     18.3
    1520.000    123.1
    1521.000    109.1
    1522.000    158.8
    1523.000    302.6
    1524.000    138.7
    1525.000    136.7
    1526.000   -129.3
    1527.000    -74.9
    1528.000    -69.2
    1529.000      6.9
    1530.000    109.1
    1531.000   -126.2
    1532.000    259.3
    1533.000    -21.6
    1534.000     72.7
    1535.000   -127.5
    1536.000     -1.8
    1537.000    -20.3
    1538.000   -172.1
    1539.000     38.5
    1540.000    193.7
    1541.000     -9.8
    1542.000     27.0
    1543.000    306.0
    1544.000    123.3
    1545.000    116.6
    1546.000    147.9
    1547.000     17.1
    1548.000     66.6
    1549.000     74.4
    1550.000   -291.2
    1551.000     -4.1
    1552.000    -45.8
    1553.000    -28.1
    1554.000     46.2
    1555.000   -135.2
    1556.000     17.4
    1557.000    -46.7
    1558.000   -144.7
    1559.000     97.2
    1560.000   -246.6
    1561.000    178.4
    1562.000     20.9
    1563.000     21.5
    1564.000    -88.1
    1565.000   -179.2
    1566.000     84.5
    1567.000     80.3
    1568.000     -6.0
    1569.000   -148.2
    1570.000    311.7
    1571.000    -33.2
    1572.000     66.5
    1573.000   -126.7
    1574.000    224.2
    1575.000      0.3
    1576.000    -28.2
    1577.000     59.6
    1578.000    -66.7
    1579.000     48.9
    1580.000    -63.8
    1581.000     -8.4
    1582.000     -7.6
    1583.000    -85.7
    1584.000     39.3
    1585.000    115.3
    1586.000   -274.3
    1587.000    120.5
    1588.000     -4.5
    1589.000     62.9
    1590.000   -153.3
    1591.000   -198.1
    1592.000     95.8
    1593.000    -42.3
    1594.000      9.6
    1595.000     31.8
    1596.000    -27.9
    1597.000    237.1
    1598.000    130.6
    1599.000     67.0
    1600.000    -84.5
    1601.000   -136.1
    1602.000     40.1
    1603.000    165.5
    1604.000     69.5
    1605.000   -134.7
    1606.000    -66.1
    1607.000    -22.3
    1608.000     55.0
    1609.000    114.5
    1610.000   -139.2
    1611.000    -69.3
    1612.000    262.5
    1613.000   -174.4
    1614.000    156.0
    1615.000     32.1
    1616.000     -1.9
    1617.000      9.9
    1618.000    202.3
    1619.000    -78.7
    1620.000    341.3
    1621.000     73.5
    1622.000    -79.4
    1623.000     89.1
    1624.000   -121.8
    1625.000     64.4
    1626.000    -79.5
    1627.000   -195.4
    1628.000    -94.9
    1629.000     37.8
    1630.000    124.6
    1631.000     30.1
    1632.000    257.4
    1633.000     -4.1
    1634.000    205.8
    1635.000    -42.9
    1636.000     16.6
    1637.000    125.9
    1638.000     58.6
    1639.000   -138.0
    1640.000   -191.5
    1641.000     -2.2
    1642.000    238.0
    1643.000   -155.9
    1644.000   -122.3
    1645.000     60.5
    1646.000     80.2
    1647.000     25.0
    1648.000    -64.1
    1649.000    -33.6
    1650.000    163.9
    1651.000    -14.4
    1652.000     83.5
    1653.000   -191.8
    1654.000    -33.4
    1655.000    107.1
    1656.000     84.2
    1657.000     44.4
    1658.000     68.8
    1659.000   -186.4
    1660.000     58.8
    1661.000   -286.9
    1662.000     -0.4
    1663.000   -237.1
    1664.000     77.9
    1665.000    -39.2
    1666.000     14.8
    1667.000    160.6
    1668.000    -26.0
    1669.000    146.0
    1670.000    236.6
    1671.000   -142.1
    1672.000   -139.9
    1673.000    102.8
    1674.000   -254.4
    1675.000     37.1
    1676.000     91.0
    1677.000    -32.8
    1678.000    -76.5
    1679.000     42.4
    1680.000     29.0
    1681.000   -113.4
    1682.000     21.4
    1683.000   -233.9
    1684.000      5.5
    1685.000    -36.6
    1686.000    -32.9
    1687.000     28.3
    1688.000    114.0
    1689.000     24.8
    1690.000    -59.2
    1691.000     43.2
    1692.000   -130.8
    1693.000    -56.1
    1694.000    -60.5
    1695.000   -134.2
    1696.000     60.2
    1697.000    172.3
    1698.000   -109.1
    1699.000     28.3
    1700.000     72.6
    1701.000    -69.1
    1702.000   -211.8
    1703.000    -52.8
    1704.000    -68.1
    1705.000    213.9
    1706.000     54.3
    1707.000     23.1
    1708.000    194.9
    1709.000    -80.9
    1710.000    -73.3
    1711.000    -43.4
    1712.000    -82.8
    1713.000     19.1
    1714.000     59.0
    1715.000   -204.8
    1716.000     85.2
    1717.000     91.1
    1718.000     60.1
    1719.000   -169.3
    1720.000   -138.2
    1721.000   -124.5
    1722.000    -30.6
    1723.000     44.5
    1724.000      6.3
    1725.000    -84.8
    1726.000    148.1
    1727.000     52.9
    1728.000     -6.5
    1729.000    -26.1
    1730.000   -140.1
    1731.000     98.1
    1732.000    209.4
    1733.000    256.3
    1734.000   -170.1
    1735.000    102.3
    1736.000    262.5
    1737.000    167.6
    1738.000    -96.6
    1739.000   -181.2
    1740.000    127.3
    1741.000   -157.7
    1742.000     -8.5
    1743.000    -54.3
    1744.000     -7.9
    1745.000     57.1
    1746.000   -260.7
    1747.000   -109.0
    1748.000   -115.8
    1749.000    113.2
    1750.000   -153.8
    1751.000    223.6
    1752.000     53.9
    1753.000    -77.0
    1754.000   -125.8
    1755.000    -61.5
    1756.000     36.4
    1757.000     34.1
    1758.000    238.0
    1759.000     26.9
    1760.000     69.8
    1761.000    196.7
    1762.000     69.9
    1763.000     -0.9
    1764.000    -24.9
    1765.000   -140.2
    1766.000     86.7
    1767.000    -45.9
    1768.000     21.8
    1769.000   -302.7
    1770.000     31.9
    1771.000     35.1
    1772.000    -55.6
    1773.000    216.5
    1774.000     56.5
    1775.000     99.6
    1776.000    105.5
    1777.000   -101.0
    1778.000    -89.0
    1779.000     -0.3
    1780.000     82.4
    1781.000    120.3
    1782.000    -99.3
    1783.000    -84.9
    1784.000    237.4
    1785.000    -63.3
    1786.000    112.2
    1787.000     46.0
    1788.000   -235.8
    1789.000   -103.2
    1790.000   -135.1
    1791.000    -12.4
    1792.000   -261.7
    1793.000   -134.5
    1794.000    160.3
    1795.000     34.5
    1796.000    275.2
    1797.000    -64.6
    1798.000     19.2
    1799.000   -195.3
    1800.000    -88.5
    1801.000     12.5
    1802.000    130.2
    1803.000     77.0
    1804.000    -17.7
    1805.000    -60.1
    1806.000   -155.4
    1807.000     55.2
    1808.000     29.4
    1809.000     94.4
    1810.000   -265.9
    1811.000    -94.5
    1812.000   -141.9
    1813.000    -61.0
    1814.000    110.5
    1815.000     72.6
    1816.000     36.4
    1817.000    113.2
    1818.000    101.9
    1819.000    225.3
    1820.000    151.8
    1821.000    -43.5
    1822.000    -74.4
    1823.000   -318.5
    1824.000     -2.8
    1825.000    117.2
    1826.000   -215.9
    1827.000     75.1
    1828.000    171.5
    1829.000   -234.6
    1830.000    231.7
    1831.000    -82.7
    1832.000    -49.1
    1833.000     -1.4
    1834.000    143.3
    1835.000   -287.5
    1836.000    168.1
    1837.000     -0.2
    1838.000     16.4
    1839.000    148.0
    1840.000     41.8
    1841.000    142.6
    1842.000     62.8
    1843.000    -98.0
    1844.000   -230.3
    1845.000     32.3
    1846.000    -62.4
    1847.000    -59.5
    1848.000    123.7
    1849.000    -38.1
    1850.000     79.7
    1851.000     17.3
    1852.000    152.8
    1853.000     18.9
    1854.000     81.9
    1855.000    116.1
    1856.000      4.6
    1857.000   -119.9
    1858.000    145.1
    1859.000     28.0
    1860.000    210.8
    1861.000    -26.2
    1862.000   -190.4
    1863.000     -9.6
    1864.000     65.6
    1865.000   -223.4
    1866.000   -199.4
    1867.000     56.5
    1868.000    -24.8
    1869.000      7.4
    1870.000     10.7
    1871.000     17.9
    1872.000    -71.2
    1873.000     36.6
    1874.000     97.6
    1875.000    -34.0
    1876.000   -117.5
    1877.000   -111.6
    1878.000   -112.0
    1879.000    -30.5
    1880.000     79.1
    1881.000     16.0
    1882.000    -54.0
    1883.000     -3.6
    1884.000    132.7
    1885.000    -70.8
    1886.000    -10.9
    1887.000    112.8
    1888.000      0.9
    1889.000     -0.0
    1890.000   -174.8
    1891.000   -133.2
    1892.000   -104.4
    1893.000     12.0
    1894.000    -32.9
    1895.000    -22.2
    1896.000    116.7
    1897.000   -156.1
    1898.000      5.0
    1899.000    112.3
    1900.000    237.4
    1901.000    -52.0
    1902.000     52.4
    1903.000    139.4
    1904.000    -85.2
    1905.000    -73.6
    1906.000    -96.4
    1907.000   -144.0
    1908.000     -8.4
    1909.000    -64.7
    1910.000    -91.7
    1911.000    -65.1
    1912.000    -68.9
    1913.000    157.4
    1914.000     76.3
    1915.000    238.4
    1916.000     77.7
    1917.000     77.1
    1918.000    -78.1
    1919.000    153.9
    1920.000    137.3
    1921.000    266.2
    1922.000    144.6
    1923.000      0.7
    1924.000    -60.9
    1925.000    -47.8
    1926.000     11.2
    1927.000   -200.7
    1928.000    -17.9
    1929.000    217.9
    1930.000   -246.1
    1931.000   -154.8
    1932.000     49.2
    1933.000     39.7
    1934.000    137.8
    1935.000    301.5
    1936.000    125.6
    1937.000   -143.5
    1938.000    -67.2
    1939.000    -27.8
    1940.000    -72.1
    1941.000     90.1
    1942.000     84.2
    1943.000    119.3
    1944.000    109.3
    1945.000    119.4
    1946.000    -67.9
    1947.000     92.2
    1948.000     14.0
    1949.000   -133.8
    1950.000     -2.6
    1951.000    -13.6
    1952.000    -73.2
    1953.000   -101.7
    1954.000   -102.6
    1955.000    291.4
    1956.000      4.0
    1957.000    175.0
    1958.000     69.0
    1959.000   -168.9
    1960.000    235.7
    1961.000   -234.7
    1962.000    -19.3
    1963.000     78.7
    1964.000     44.5
    1965.000    -24.5
    1966.000     19.0
    1967.000    108.6
    1968.000     20.1
    1969.000    -15.1
    1970.000     14.9
    1971.000   -201.9
    1972.000    -86.1
    1973.000     12.3
    1974.000    -80.8
    1975.000    156.0
    1976.000    -58.2
    1977.000    233.0
    1978.000    294.8
    1979.000    237.2
    1980.000   -218.7
    1981.000    116.9
    1982.000     -5.3
    1983.000    -88.5
    1984.000    -73.2
    1985.000   -163.5
    1986.000    118.3
    1987.000    -43.2
    1988.000   -130.9
    1989.000   -116.3
    1990.000     92.9
    1991.000     35.2
    1992.000     48.1
    1993.000     41.7
    1994.000    160.0
    1995.000     25.0
    1996.000     28.8
    1997.000    230.9
    1998.000    -41.3
    1999.000     54.5
    2000.000   -149.0
    2001.000     75.7
    2002.000   -124.5
    2003.000    -99.1
    2004.000   -155.3
    2005.000    248.1
    2006.000     39.4
    2007.000    102.4
    2008.000    -20.6
    2009.000   -102.9
    2010.000    -47.1
    2011.000    144.3
    2012.000    -57.1
    2013.000   -273.6
    2014.000     47.3
    2015.000     -2.0
    2016.000    -57.9
    2017.000     72.9
    2018.000    168.9
    2019.000     60.7
    2020.000    -79.8
    2021.000    143.1
    2022.000    -57.3
    2023.000   -130.9
    2024.000    -62.2
    2025.000    109.6
    2026.000    169.5
    2027.000     10.1
    2028.000    -13.1
    2029.000   -244.6
    2030.000      1.2
    2031.000     47.3
    2032.000    283.2
    2033.000    210.0
    2034.000    -62.7
    2035.000     84.6
    2036.000     10.2
    2037.000     65.4
    2038.000    307.8
    2039.000   -129.0
    2040.000   -397.3
    2041.000    -98.5
    2042.000    -59.1
    2043.000   -173.4
    2044.000     31.9
    2045.000    108.7
    2046.000    -51.5
    2047.000   -191.6
    2048.000    107.1
    2049.000   -178.5
    2050.000     11.8
    2051.000     36.1
    2052.000   -212.5
    2053.000    -51.7
    2054.000     36.9
    2055.000    -22.5
    2056.000   -158.1
    2057.000    -45.9
    2058.000    -73.3
    2059.000   -342.6
    2060.000      2.5
    2061.000    250.0
    2062.000   -225.8
    2063.000    124.2
    2064.000   -196.3
    2065.000   -267.5
    2066.000    122.6
    2067.000   -127.6
    2068.000     78.6
    2069.000    326.8
    2070.000    -48.7
    2071.000    142.9
    2072.000    -21.0
    2073.000      3.1
    2074.000     42.2
    2075.000     -4.6
    2076.000     33.6
    2077.000     16.8
    2078.000     45.8
    2079.000    -87.5
    2080.000   -122.3
    2081.000     -5.4
    2082.000     49.3
    2083.000   -197.0
    2084.000     33.7
    2085.000     34.0
    2086.000   -116.9
    2087.000   -172.7
    2088.000    135.2
    2089.000   -151.7
    2090.000      4.4
    2091.000   -276.3
    2092.000   -127.7
    2093.000     42.1
    2094.000   -141.7
    2095.000   -102.2
    2096.000   -126.6
    2097.000    -24.0
    2098.000    160.4
    2099.000    256.4
    2100.000    -17.7
    2101.000    -89.2
    2102.000     64.4
    2103.000    -37.4
    2104.000    -50.3
    2105.000     77.4
    2106.000    129.9
    2107.000   -167.4
    2108.000    154.6
    2109.000    115.2
    2110.000    136.5
    2111.000     14.1
    2112.000    -12.8
    2113.000    144.6
    2114.000      2.3
    2115.000     -6.4
    2116.000    198.7
    2117.000    423.1
    2118.000   -133.6
    2119.000    -20.3
    2120.000    -72.4
    2121.000    238.0
    2122.000      7.7
    2123.000     -1.9
    2124.000     99.3
    2125.000   -160.8
    2126.000    128.3
    2127.000   -250.4
    2128.000      1.8
    2129.000    -87.0
    2130.000    -21.7
    2131.000     30.0
    2132.000    -34.0
    2133.000     66.4
    2134.000    -19.5
    2135.000    113.2
    2136.000    138.6
    2137.000     -6.3
    2138.000   -118.8
    2139.000     16.6
    2140.000     29.7
    2141.000    -16.1
    2142.000   -137.9
    2143.000    145.1
    2144.000    -55.1
    2145.000    -51.3
    2146.000    108.9
    2147.000     54.4
    2148.000     82.8
    2149.000    116.3
    2150.000     96.3
    2151.000    -44.7
    2152.000     10.3
    2153.000     66.5
    2154.000    -59.7
    2155.000   -184.8
    2156.000    157.3
    2157.000    -33.5
    2158.000     37.0
    2159.000   -142.8
    2160.000    -22.3
    2161.000    142.8
    2162.000    -91.9
    2163.000     75.8
    2164.000     18.5
    2165.000    232.9
    2166.000     12.4
    2167.000    241.9
    2168.000    271.9
    2169.000    151.1
    2170.000     74.8
    2171.000     35.7
    2172.000    -75.5
    2173.000     91.0
    2174.000     -8.4
    2175.000    -40.6
    2176.000     93.1
    2177.000    -37.8
    2178.000    -97.2
    2179.000    -51.1
    2180.000     -2.1
    2181.000   -131.6
    2182.000    283.8
    2183.000     52.9
    2184.000   -281.6
    2185.000    -10.2
    2186.000   -214.2
    2187.000     82.5
    2188.000    107.6
    2189.000     89.8
    2190.000     30.0
    2191.000    135.5
    2192.000   -127.5
    2193.000   -146.0
    2194.000   -282.3
    2195.000     71.1
    2196.000   -193.9
    2197.000    126.5
    2198.000   -102.3
    2199.000   -130.8
    2200.000   -280.5
    2201.000    282.7
    2202.000    -74.1
    2203.000    -30.7
    2204.000     54.8
    2205.000    -41.5
    2206.000    -59.4
    2207.000   -284.4
    2208.000      7.9
    2209.000     59.7
    2210.000   -211.8
    2211.000    -83.0
    2212.000    -19.0
    2213.000   -120.5
    2214.000    128.2
    2215.000     96.5
    2216.000    264.0
    2217.000     12.7
    2218.000    173.2
    2219.000    -47.1
    2220.000    276.6
    2221.000   -230.4
    2222.000   -171.3
    2223.000    142.0
    2224.000    115.5
    2225.000    200.5
    2226.000   -157.5
    2227.000     -3.0
    2228.000   -120.5
    2229.000     60.1
    2230.000    -55.5
    2231.000   -272.6
    2232.000     58.1
    2233.000    -79.9
    2234.000    -25.0
    2235.000    106.2
    2236.000      2.3
    2237.000    214.9
    2238.000     98.6
    2239.000    191.0
    2240.000   -227.0
    2241.000   -106.8
    2242.000   -142.7
    2243.000   -114.8
    2244.000     17.9
    2245.000    -22.0
    2246.000   -138.8
    2247.000    -99.5
    2248.000     -0.7
    2249.000    211.6
    2250.000    -12.9
    2251.000    110.0
    2252.000    -58.6
    2253.000   -216.3
    2254.000    -26.8
    2255.000    250.5
    2256.000     81.5
    2257.000    210.0
    2258.000   -150.9
    2259.000     67.1
    2260.000     66.3
    2261.000    163.3
    2262.000    183.6
    2263.000    129.7
    2264.000   -121.7
    2265.000    -30.1
    2266.000    -46.7
    2267.000    -81.6
    2268.000    -14.7
    2269.000     -9.2
    2270.000    -23.3
    2271.000     48.3
    2272.000    151.4
    2273.000     34.8
    2274.000     95.6
    2275.000    117.9
    2276.000    -27.8
    2277.000     83.2
    2278.000    111.5
    2279.000    207.2
    2280.000    289.8
    2281.000    -19.8
    2282.000   -158.2
    2283.000    -86.9
    2284.000   -166.1
    2285.000    -87.4
    2286.000   -240.3
    2287.000    117.4
    2288.000   -121.2
    2289.000   -158.1
    2290.000    -46.5
    2291.000    -69.8
    2292.000    -46.3
    2293.000      8.0
    2294.000    -82.0
    2295.000    147.5
    2296.000    -10.7
    2297.000    134.7
    2298.000     -2.0
    2299.000      0.6
    2300.000     84.1
    2301.000   -146.8
    2302.000     -3.3
    2303.000   -140.2
    2304.000     31.4
    2305.000    -24.0
    2306.000    -25.4
    2307.000     24.9
    2308.000     53.0
    2309.000   -130.1
    2310.000   -119.7
    2311.000     93.1
    2312.000    102.8
    2313.000   -141.4
    2314.000     56.0
    2315.000     26.1
    2316.000   -109.0
    2317.000    139.7
    2318.000   -182.4
    2319.000     17.4
    2320.000    168.4
    2321.000     70.2
    2322.000    200.8
    2323.000    111.2
    2324.000   -113.6
    2325.000    -45.6
    2326.000   -194.9
    2327.000    -85.6
    2328.000    208.4
    2329.000     93.2
    2330.000    124.4
    2331.000   -270.8
    2332.000    163.2
    2333.000     95.8
    2334.000     10.9
    2335.000     66.9
    2336.000    137.1
    2337.000    -56.7
    2338.000     27.6
    2339.000   -180.4
    2340.000   -115.2
    2341.000      1.1
    2342.000   -286.3
    2343.000    110.1
    2344.000   -182.0
    2345.000    -23.6
    2346.000    -12.8
    2347.000    138.8
    2348.000     19.9
    2349.000   -131.3
    2350.000    102.3
    2351.000     28.2
    2352.000   -207.2
    2353.000     75.1
    2354.000     30.9
    2355.000   -135.3
    2356.000     80.0
    2357.000    149.2
    2358.000     53.4
    2359.000   -200.1
    2360.000    233.6
    2361.000   -173.2
    2362.000     44.4
    2363.000     64.7
    2364.000    120.3
    2365.000   -155.4
    2366.000    151.9
    2367.000   -111.7
    2368.000     24.7
    2369.000     87.5
    2370.000     61.7
    2371.000    -49.8
    2372.000    181.2
    2373.000     40.5
    2374.000    -26.4
    2375.000     14.8
    2376.000    235.5
    2377.000     57.4
    2378.000    -48.8
    2379.000    171.4
    2380.000   -136.6
    2381.000     39.5
    2382.000   -147.6
    2383.000     43.6
    2384.000     54.6
    2385.000    -15.3
    2386.000     42.9
    2387.000    120.9
    2388.000    272.7
    2389.000    250.9
    2390.000   -124.0
    2391.000    -34.8
    2392.000    103.2
    2393.000    -45.3
    2394.000     74.1
    2395.000    303.7
    2396.000     84.8
    2397.000     -1.3
    2398.000     29.4
    2399.000    223.1
    2400.000     38.0
    2401.000   -153.2
    2402.000    -73.4
    2403.000     58.9
    2404.000   -162.3
    2405.000     16.4
    2406.000    -22.2
    2407.000    -80.1
    2408.000    126.1
    2409.000    -49.5
    2410.000    148.0
    2411.000     -3.0
    2412.000   -142.9
    2413.000   -202.4
    2414.000    -61.4
    2415.000    156.9
    2416.000    -26.4
    2417.000    -98.0
    2418.000    136.0
    2419.000    -27.1
    2420.000    101.0
    2421.000   -103.1
    2422.000   -180.4
    2423.000   -191.2
    2424.000    -20.5
    2425.000    -77.7
    2426.000     73.2
    2427.000    315.7
    2428.000    257.0
    2429.000     91.8
    2430.000    -97.8
    2431.000     47.0
    2432.000    -91.0
    2433.000     27.3
    2434.000     93.5
    2435.000    267.7
    2436.000   -156.2
    2437.000    -52.1
    2438.000    -96.0
    2439.000    145.9
    2440.000    -59.2
    2441.000   -113.2
    2442.000    -90.8
    2443.000    -58.1
    2444.000     79.8
    2445.000    -13.6
    2446.000     91.5
    2447.000     17.9
    2448.000     73.3
    2449.000    -46.0
    2450.000   -254.2
    2451.000     20.6
    2452.000    -81.3
    2453.000   -171.8
    2454.000     60.3
    2455.000    142.8
    2456.000   -205.0
    2457.000   -118.9
    2458.000    192.5
    2459.000    166.6
    2460.000     42.9
    2461.000    -16.2
    2462.000   -279.2
    2463.000   -160.6
    2464.000    -97.7
    2465.000    308.1
    2466.000     -3.4
    2467.000   -201.2
    2468.000    -56.5
    2469.000     45.7
    2470.000     -4.1
    2471.000    -53.0
    2472.000    259.9
    2473.000   -243.0
    2474.000     62.1
    2475.000    -63.2
    2476.000   -144.9
    2477.000    -22.5
    2478.000     77.4
    2479.000    -59.4
    2480.000     52.8
    2481.000    121.6
    2482.000     40.5
    2483.000     64.7
    2484.000   -172.4
    2485.000    185.8
    2486.000   -146.4
    2487.000   -102.8
    2488.000    101.2
    2489.000    130.3
    2490.000    359.7
    2491.000    197.2
    2492.000   -203.9
    2493.000   -232.3
    2494.000    101.2
    2495.000    -94.0
    2496.000    -34.0
    2497.000   -152.3
    2498.000     29.2
    2499.000   -132.6
    2500.000    115.0
    2501.000    -92.7
    2502.000   -103.0
    2503.000    -61.7
    2504.000    -21.6
    2505.000     35.5
    2506.000    112.7
    2507.000     44.1
    2508.000    -83.3
    2509.000   -212.4
    2510.000    -51.9
    2511.000     53.4
    2512.000   -108.2
    2513.000    -49.3
    2514.000    252.9
    2515.000   -198.5
    2516.000    126.9
    2517.000    111.1
    2518.000    166.2
    2519.000     53.6
    2520.000    199.9
    2521.000     98.8
    2522.000    168.1
    2523.000     52.5
    2524.000   -105.0
    2525.000    -97.4
    2526.000    -39.6
    2527.000    -62.3
    2528.000     23.5
    2529.000     -7.5
    2530.000     -0.4
    2531.000    186.7
    2532.000    -86.0
    2533.000    319.5
    2534.000   -108.1
    2535.000    222.8
    2536.000    -67.0
    2537.000    191.5
    2538.000    133.6
    2539.000     70.5
    2540.000     26.3
    2541.000     72.3
    2542.000     72.8
    2543.000      3.7
    2544.000    -28.4
    2545.000    -64.1
    2546.000    -46.7
    2547.000     46.2
    2548.000    -98.1
    2549.000   -333.8
    2550.000   -156.9
    2551.000    -28.5
    2552.000   -142.5
    2553.000    -88.3
    2554.000    -72.2
    2555.000    -44.1
    2556.000    280.2
    2557.000    141.2
    2558.000    229.4
    2559.000    150.6
    2560.000    -73.8
    2561.000    177.0
    2562.000   -144.0
    2563.000    -81.4
    2564.000   -290.2
    2565.000    219.5
    2566.000   -173.1
    2567.000   -139.5
    2568.000    -23.3
    2569.000   -109.1
    2570.000     72.1
    2571.000    163.8
    2572.000   -121.7
    2573.000    -70.3
    2574.000    223.9
    2575.000    235.3
    2576.000    -24.2
    2577.000   -221.7
    2578.000   -291.3
    2579.000   -128.1
    2580.000    -39.4
    2581.000    198.8
    2582.000     98.9
    2583.000    138.3
    2584.000     76.7
    2585.000   -139.9
    2586.000     13.0
    2587.000     80.2
    2588.000     67.6
    2589.000     79.4
    2590.000    -30.4
    2591.000    274.1
    2592.000     69.9
    2593.000     54.9
    2594.000    104.8
    2595.000    -23.9
    2596.000    -55.9
    2597.000   -260.4
    2598.000    -10.6
    2599.000   -281.0
    2600.000    -60.8
    2601.000    -91.6
    2602.000    120.5
    2603.000   -104.8
    2604.000    137.5
    2605.000    186.1
    2606.000    145.2
    2607.000    -81.5
    2608.000    -15.1
    2609.000    -92.9
    2610.000    123.5
    2611.000    257.1
    2612.000   -136.3
    2613.000     40.4
    2614.000   -383.1
    2615.000    190.3
    2616.000   -227.1
    2617.000    -43.3
    2618.000     42.3
    2619.000   -175.1
    2620.000     23.4
    2621.000     66.0
    2622.000   -115.1
    2623.000     80.7
    2624.000   -174.2
    2625.000   -136.1
    2626.000    171.3
    2627.000    158.7
    2628.000    -36.8
    2629.000   -203.0
    2630.000     87.9
    2631.000     44.7
    2632.000     77.2
    2633.000   -166.5
    2634.000     41.5
    2635.000   -127.4
    2636.000    -60.6
    2637.000      7.8
    2638.000   -101.3
    2639.000    -55.1
    2640.000    104.5
    2641.000    -88.5
    2642.000     65.6
    2643.000     18.1
    2644.000     38.0
    2645.000    145.2
    2646.000     -9.6
    2647.000     19.0
    2648.000     73.7
    2649.000     87.6
    2650.000     14.1
    2651.000    173.0
    2652.000     -4.0
    2653.000    192.5
    2654.000   -277.5
    2655.000    124.8
    2656.000     21.1
    2657.000     85.8
    2658.000   -203.5
    2659.000     77.4
    2660.000   -104.8
    2661.000    -65.5
    2662.000     10.6
    2663.000     35.8
    2664.000     73.8
    2665.000     56.1
    2666.000    -37.5
    2667.000    164.2
    2668.000     38.1
    2669.000    -64.8
    2670.000    -66.5
    2671.000    171.1
    2672.000    -47.8
    2673.000    -41.3
    2674.000     17.4
    2675.000     85.6
    2676.000    -46.4
    2677.000     27.2
    2678.000    -32.2
    2679.000   -109.6
    2680.000   -148.4
    2681.000   -223.6
    2682.000    150.2
    2683.000    200.9
    2684.000   -109.3
    2685.000      1.2
    2686.000    201.9
    2687.000    -56.5
    2688.000     47.8
    2689.000     26.2
    2690.000     -0.8
    2691.000   -307.6
    2692.000     61.7
    2693.000    -56.0
    2694.000     48.5
    2695.000    -86.8
    2696.000   -135.3
    2697.000    281.4
    2698.000    -55.4
    2699.000    157.4
    2700.000    -52.4
    2701.000     -3.4
    2702.000   -138.7
    2703.000    -11.4
    2704.000    -84.6
    2705.000   -222.1
    2706.000      4.8
    2707.000    -88.4
    2708.000    -99.5
    2709.000     72.5
    2710.000   -172.5
    2711.000    156.9
    2712.000     74.5
    2713.000    118.8
    2714.000    -89.2
    2715.000     76.3
    2716.000    -59.7
    2717.000    -99.1
    2718.000     73.8
    2719.000    -68.2
    2720.000   -151.7
    2721.000    -60.6
    2722.000   -128.1
    2723.000    139.9
    2724.000    -91.2
    2725.000    -88.8
    2726.000    241.9
    2727.000    -64.0
    2728.000   -340.3
    2729.000    -18.0
    2730.000      4.9
    2731.000   -121.5
    2732.000   -128.1
    2733.000   -110.6
    2734.000    285.0
    2735.000     99.2
    2736.000     40.2
    2737.000    -15.6
    2738.000   -286.7
    2739.000     -4.7
    2740.000   -204.9
    2741.000    -74.1
    2742.000    -49.1
    2743.000   -206.6
    2744.000    -25.4
    2745.000     56.7
    2746.000     19.2
    2747.000   -173.6
    2748.000    123.5
    2749.000    160.0
    2750.000    -64.0
    2751.000    155.9
    2752.000     63.7
    2753.000    -87.5
    2754.000    130.3
    2755.000   -302.1
    2756.000     70.2
    2757.000    244.7
    2758.000    -15.7
    2759.000    -17.4
    2760.000     14.9
    2761.000     44.6
    2762.000    121.9
    2763.000     68.5
    2764.000     -8.6
    2765.000    -95.4
    2766.000    -96.1
    2767.000     69.4
    2768.000   -145.1
    2769.000   -279.7
    2770.000     47.0
    2771.000    -90.4
    2772.000    -30.5
    2773.000    -21.6
    2774.000    136.6
    2775.000    -66.8
    2776.000     46.4
    2777.000     22.6
    2778.000     45.3
    2779.000   -194.2
    2780.000     92.5
    2781.000   -141.8
    2782.000    107.2
    2783.000   -134.4
    2784.000     83.2
    2785.000    -37.6
    2786.000    -69.7
    2787.000    -20.5
    2788.000     67.4
    2789.000    -39.8
    2790.000   -132.4
    2791.000   -148.3
    2792.000    237.5
    2793.000    -37.0
    2794.000   -118.2
    2795.000   -100.0
    2796.000   -130.7
    2797.000    -18.3
    2798.000   -282.1
    2799.000   -119.1
    2800.000   -177.6
    2801.000    -90.2
    2802.000   -213.7
    2803.000   -178.8
    2804.000    145.8
    2805.000    -33.1
    2806.000     34.4
    2807.000    -23.6
    2808.000    -53.3
    2809.000   -293.4
    2810.000    161.2
    2811.000   -195.7
    2812.000    -81.5
    2813.000   -101.0
    2814.000     82.2
    2815.000   -140.0
    2816.000   -147.9
    2817.000     77.0
    2818.000    -53.9
    2819.000    -75.4
    2820.000   -107.6
    2821.000     68.6
    2822.000    131.6
    2823.000    -31.7
    2824.000   -246.0
    2825.000     36.6
    2826.000     40.1
    2827.000   -150.4
    2828.000   -222.7
    2829.000     20.9
    2830.000     12.2
    2831.000    179.5
    2832.000     34.4
    2833.000   -242.4
    2834.000     33.9
    2835.000   -159.0
    2836.000    170.3
    2837.000     -1.7
    2838.000   -129.6
    2839.000    141.1
    2840.000    -48.5
    2841.000     73.7
    2842.000     80.0
    2843.000    120.3
    2844.000   -106.4
    2845.000    139.6
    2846.000    -45.7
    2847.000    -17.9
    2848.000     69.3
    2849.000   -130.2
    2850.000    -30.8
    2851.000     82.0
    2852.000     41.2
    2853.000     34.4
    2854.000   -221.0
    2855.000   -367.4
    2856.000    -35.8
    2857.000    355.7
    2858.000     44.0
    2859.000    -23.8
    2860.000   -153.6
    2861.000    194.0
    2862.000   -179.9
    2863.000      8.4
    2864.000   -263.8
    2865.000     30.1
    2866.000    264.9
    2867.000   -139.6
    2868.000   -287.7
    2869.000    -22.0
    2870.000    -10.3
    2871.000    -51.3
    2872.000     29.8
    2873.000    -46.7
    2874.000    119.0
    2875.000      0.5
    2876.000    352.4
    2877.000   -197.9
    2878.000   -208.8
    2879.000    109.3
    2880.000     54.5
    2881.000    -93.2
    2882.000    -26.0
    2883.000   -124.7
    2884.000     10.2
    2885.000     67.0
    2886.000   -136.4
    2887.000    -10.5
    2888.000    147.4
    2889.000    -30.0
    2890.000    -90.0
    2891.000      9.8
    2892.000   -135.9
    2893.000    186.8
    2894.000   -227.1
    2895.000   -103.4
    2896.000    -69.6
    2897.000    135.4
    2898.000    -17.0
    2899.000     66.2
    2900.000    -15.9
    2901.000    -57.7
    2902.000     81.1
    2903.000    -84.4
    2904.000   -102.5
    2905.000     79.1
    2906.000    -25.4
    2907.000    -61.6
    2908.000    -44.5
    2909.000    -13.4
    2910.000    -67.9
    2911.000   -109.0
    2912.000   -386.5
    2913.000     58.8
    2914.000    -75.3
    2915.000   -132.6
    2916.000    -31.6
    2917.000    111.8
    2918.000    147.2
    2919.000     49.6
    2920.000     39.3
    2921.000     64.6
    2922.000      3.2
    2923.000      0.3
    2924.000   -132.3
    2925.000   -178.2
    2926.000    206.0
    2927.000    -18.4
    2928.000    -61.1
    2929.000     88.6
    2930.000    -34.7
    2931.000    -32.1
    2932.000   -254.3
    2933.000     -0.1
    2934.000    362.4
    2935.000    -83.5
    2936.000   -154.8
    2937.000    101.3
    2938.000      4.6
    2939.000     63.9
    2940.000    -50.7
    2941.000   -160.7
    2942.000    -45.8
    2943.000    183.4
    2944.000    -92.5
    2945.000   -129.6
    2946.000     78.2
    2947.000    -59.9
    2948.000    132.2
    2949.000      6.4
    2950.000     85.5
    2951.000   -142.1
    2952.000      0.5
    2953.000     40.6
    2954.000    -17.4
    2955.000     -0.2
    2956.000   -111.0
    2957.000      7.2
    2958.000     59.8
    2959.000   -131.3
    2960.000     64.2
    2961.000   -181.0
    2962.000   -165.7
    2963.000    107.1
    2964.000   -190.6
    2965.000    227.3
    2966.000   -132.8
    2967.000    334.2
    2968.000   -345.9
    2969.000     11.2
    2970.000    -33.6
    2971.000   -126.2
    2972.000     54.0
    2973.000    107.3
    2974.000   -108.3
    2975.000    -46.7
    2976.000     60.9
    2977.000    120.3
    2978.000    -55.4
    2979.000     51.2
    2980.000   -217.9
    2981.000    141.3
    2982.000    110.0
    2983.000    224.6
    2984.000   -191.6
    2985.000    -59.7
    2986.000     18.2
    2987.000    -46.5
    2988.000     56.6
    2989.000    135.8
    2990.000   -212.5
    2991.000   -123.9
    2992.000    -45.0
    2993.000    -13.5
    2994.000     25.6
    2995.000      9.2
    2996.000   -196.1
    2997.000   -151.5
    2998.000   -191.8
    2999.000     78.7
    3000.000    -51.8
    3001.000    277.1
    3002.000    122.9
    3003.000    388.7
    3004.000     75.8
    3005.000     74.0
    3006.000    106.2
    3007.000   -148.3
    3008.000    -28.8
    3009.000    171.4
    3010.000    -98.6
    3011.000    -52.0
    3012.000   -205.5
    3013.000   -133.9
    3014.000    120.7
    3015.000    -49.5
    3016.000   -144.9
    3017.000   -213.5
    3018.000     -9.1
    3019.000    198.7
    3020.000   -129.3
    3021.000   -234.3
    3022.000    263.8
    3023.000   -264.4
    3024.000    151.1
    3025.000    -40.8
    3026.000    -30.8
    3027.000   -222.9
    3028.000    256.1
    3029.000     88.3
    3030.000     25.6
    3031.000    -73.4
    3032.000   -182.9
    3033.000   -125.0
    3034.000   -125.6
    3035.000    -68.4
    3036.000     53.1
    3037.000    298.6
    3038.000    -40.0
    3039.000     -1.8
    3040.000    -64.7
