     141.000      415589.5175
     142.000      404919.5132
     143.000      397905.3545
     144.000      392270.7573
     145.000      388812.7057
     146.000      386094.5579
     147.000      384738.2691
     148.000      383529.0668
     149.000      381361.5415
     150.000      381486.7909
     151.000      381361.3924
     152.000      380752.1093
     153.000      380359.6632
     154.000      380876.7792
     155.000      380279.6022
     156.000      380353.0228
     157.000      379792.3307
     158.000      380501.3499
     159.000      380598.3998
     160.000      380558.2514
     161.000      380427.0404
     162.000      379897.8526
     163.000      380056.0223
     164.000      380077.3522
     165.000      379543.5601
     166.000      379897.9849
     167.000      379145.4635
     168.000      380220.7316
     169.000      381087.6918
     170.000      380981.5327
     171.000      380431.0711
     172.000      380365.4777
     173.000      380465.7909
     174.000      379310.6326
     175.000      379101.5539
     176.000      379969.8495
     177.000      379811.9333
     178.000      380640.6387
     179.000      380639.1081
     180.000      380993.5677
     181.000      380517.4917
     182.000      380760.3190
     183.000      379754.6738
     184.000      380161.8659
     185.000      380005.8263
     186.000      380072.7540
     187.000      379846.4741
     188.000      379481.5944
     189.000      379888.9130
     190.000      379580.1157
     191.000      379568.6407
     192.000      380155.4755
     193.000      380776.1270
     194.000      380423.4540
     195.000      380519.3322
     196.000      381393.0927
     197.000      380264.9733
     198.000      380200.5737
     199.000      379785.4316
     200.000      379882.3754
     201.000      380038.1842
     202.000      379678.7639
     203.000      380518.2145
     204.000      381303.9534
     205.000      380768.1610
     206.000      380042.2317
     207.000      380581.3226
     208.000      379855.5502
     209.000      379638.3657
     210.000      379594.4357
     211.000      379767.8582
     212.000      379082.8012
     213.000      379554.4939
     214.000      379467.7049
     215.000      380029.8611
     216.000      379237.2573
     217.000      379422.6212
     218.000      380848.4910
     219.000      381242.6592
     220.000      380601.5520
     221.000      380031.7865
     222.000      379535.3487
     223.000      380256.3114
     224.000      380485.7268
     225.000      381256.6026
     226.000      380739.8695
     227.000      380257.0873
     228.000      380427.9082
     229.000      380835.8185
     230.000      380490.2638
     231.000      379563.3443
     232.000      379451.6218
     233.000      379776.9392
     234.000      379785.3878
     235.000      380565.9646
     236.000      380269.6615
     237.000      380301.6783
     238.000      380310.4711
     239.000      381179.9325
     240.000      381146.5596
     241.000      380845.2639
     242.000      380642.5412
     243.000      380505.4894
     244.000      379686.0111
     245.000      380201.0969
     246.000      380209.8342
     247.000      380015.2373
     248.000      380371.6965
     249.000      380756.2625
     250.000      380733.9580
     251.000      381001.3817
     252.000      380665.3514
     253.000      379909.9727
     254.000      380526.3608
     255.000      381414.2502
     256.000      381063.7894
     257.000      380440.7726
     258.000      381159.9655
     259.000      380550.1590
     260.000      380022.9915
     261.000      380100.1776
     262.000      380187.9125
     263.000      380002.6014
     264.000      379403.7054
     265.000      379830.7945
     266.000      379004.2523
     267.000      379039.3806
     268.000      379430.1824
     269.000      379683.1300
     270.000      379945.7936
     271.000      380792.5274
     272.000      380517.4355
     273.000      380555.3924
     274.000      380968.0163
     275.000      380212.9344
     276.000      381008.1020
     277.000      381239.0278
     278.000      380914.1670
     279.000      380416.8567
     280.000      380624.5868
     281.000      380636.4073
     282.000      380630.3273
     283.000      380530.1479
     284.000      381046.4999
     285.000      380437.7924
     286.000      380987.9947
     287.000      380795.5191
     288.000      380701.2031
     289.000      379905.0888
     290.000      379986.5229
     291.000      379603.0337
     292.000      379885.7618
     293.000      379814.8737
     294.000      379849.1527
     295.000      380211.5820
     296.000      380010.9299
     297.000      380312.4231
     298.000      380793.6304
     299.000      380292.4254
     300.000      379817.7689
     301.000      379968.5717
     302.000      379959.5894
     303.000      380086.0111
     304.000      380058.7067
     305.000      379483.0820
     306.000      379843.6454
     307.000      379895.4530
     308.000      379736.1646
     309.000      380045.5200
     310.000      379468.2082
     311.000      379105.4354
     312.000      379411.0754
     313.000      380014.3214
     314.000      380336.7271
     315.000      380281.3960
     316.000      380896.0184
     317.000      380307.6538
     318.000      380122.8424
     319.000      380304.7403
     320.000      380410.2329
     321.000      380392.8956
     322.000      380259.5696
     323.000      379800.7024
     324.000      379229.7506
     325.000      379403.1795
     326.000      380044.6995
     327.000      380029.2802
     328.000      380334.1657
     329.000      380537.0452
     330.000      380037.8826
     331.000      379886.6409
     332.000      380060.3676
     333.000      379966.4850
     334.000      379908.5060
     335.000      380070.4230
     336.000      380172.7308
     337.000      380269.3571
     338.000      380188.3834
     339.000      381287.7524
     340.000      381388.4534
     341.000      381402.1763
     342.000      380660.6472
     343.000      380571.0286
     344.000      380116.5554
     345.000      379954.0381
     346.000      379990.0731
     347.000      380164.4353
     348.000      380804.8770
     349.000      380856.5636
     350.000      380220.5753
     351.000      380633.4029
     352.000      380283.1878
     353.000      380356.4923
     354.000      380855.2543
     355.000      380876.5155
     356.000      380448.1341
     357.000      380862.9000
     358.000      381236.7264
     359.000      380689.6012
     360.000      380613.5432
     361.000      380714.1329
     362.000      381024.3696
     363.000      380252.5806
     364.000      380268.0565
     365.000      380610.9390
     366.000      381249.8335
     367.000      380783.7177
     368.000      381152.2922
     369.000      380778.0551
     370.000      380493.8883
     371.000      380051.8387
     372.000      379817.3556
     373.000      380072.1568
     374.000      379307.7342
     375.000      380218.1613
     376.000      379854.8988
     377.000      379990.3970
     378.000      380570.8032
     379.000      380190.6900
     380.000      380205.6999
     381.000      379243.6625
     382.000      379906.8820
     383.000      380645.4604
     384.000      380652.9302
     385.000      380451.6371
     386.000      380650.1960
     387.000      381453.1988
     388.000      380777.3439
     389.000      380999.4370
     390.000      381455.3605
     391.000      381247.1685
     392.000      381079.4768
     393.000      380597.6942
     394.000      380252.4518
     395.000      379771.5755
     396.000      380196.4432
     397.000      379855.1900
     398.000      380243.8089
     399.000      380246.2586
     400.000      380003.4065
     401.000      379675.5104
     402.000      379717.6550
     403.000      380581.8465
     404.000      379901.1568
     405.000      380223.4376
     406.000      380305.9029
     407.000      380470.7394
     408.000      380450.7576
     409.000      380621.9292
     410.000      381086.6733
     411.000      380496.5438
     412.000      380393.6782
     413.000      380519.4403
     414.000      380055.1792
     415.000      379574.8243
     416.000      378697.8734
     417.000      379169.8139
     418.000      380251.0694
     419.000      380555.6865
     420.000      380323.5897
     421.000      380908.5747
     422.000      380338.9371
     423.000      380554.9936
     424.000      380584.7071
     425.000      380217.8529
     426.000      380359.2383
     427.000      380189.3719
     428.000      380193.8623
     429.000      380547.2861
     430.000      380489.7138
     431.000      380801.2435
     432.000      380615.9975
     433.000      379832.0643
     434.000      380329.0771
     435.000      380212.0164
     436.000      379791.8657
     437.000      380354.2958
     438.000      378925.8302
     439.000      379797.2297
     440.000      378965.3164
     441.000      379300.3204
     442.000      379007.4679
     443.000      378892.1401
     444.000      378896.5008
     445.000      378536.7699
     446.000      379360.5945
     447.000      380656.5929
     448.000      380361.3247
     449.000      379424.5832
     450.000      379039.6985
     451.000      379823.7446
     452.000      379582.5799
     453.000      379859.7603
     454.000      379859.1089
     455.000      379812.7115
     456.000      379707.2540
     457.000      379447.2759
     458.000      379739.7034
     459.000      379916.6295
     460.000      379520.2415
     461.000      380215.2361
     462.000      380021.7563
     463.000      379333.4692
     464.000      379300.2434
     465.000      379550.4671
     466.000      380024.2188
     467.000      380477.8664
     468.000      379901.3468
     469.000      379423.9532
     470.000      379242.1153
     471.000      379840.1223
     472.000      380272.0188
     473.000      380321.8493
     474.000      380079.7306
     475.000      380106.7972
     476.000      379916.5031
     477.000      379754.4822
     478.000      379324.0063
     479.000      379117.0755
     480.000      380027.9441
     481.000      379529.8077
     482.000      379148.7728
     483.000      379384.6477
     484.000      379339.3046
     485.000      379153.7751
     486.000      379657.3437
     487.000      380374.9133
     488.000      380606.7344
     489.000      380572.3205
     490.000      380558.2233
     491.000      381003.1550
     492.000      380402.1111
     493.000      380036.0213
     494.000      380512.9894
     495.000      380354.7734
     496.000      380214.8621
     497.000      380075.9091
     498.000      379703.5164
     499.000      379697.3170
     500.000      379848.6103
     501.000      380677.3377
     502.000      381668.2576
     503.000      380975.4123
     504.000      381583.0402
     505.000      381347.0549
     506.000      381305.6832
     507.000      381403.2932
     508.000      381246.3544
     509.000      381561.2959
     510.000      380752.0422
     511.000      380590.6806
     512.000      380381.8869
     513.000      379430.1679
     514.000      379882.6050
     515.000      380441.2280
     516.000      380795.5730
     517.000      380540.9000
     518.000      380284.7050
     519.000      379664.9119
     520.000      380066.7334
     521.000      380113.4509
     522.000      380019.8080
     523.000      380487.0463
     524.000      380362.2808
     525.000      380161.0235
     526.000      380015.8815
     527.000      379928.1058
     528.000      379824.0397
     529.000      381196.4950
     530.000      380821.1650
     531.000      381243.5207
     532.000      381101.0501
     533.000      380839.3839
     534.000      380851.6501
     535.000      381343.2098
     536.000      380568.9447
     537.000      379920.3758
     538.000      379783.9986
     539.000      379653.6570
     540.000      378893.3875
     541.000      380075.3618
     542.000      380001.7674
     543.000      379839.7125
     544.000      379641.8900
     545.000      379115.0220
     546.000      379238.8410
     547.000      380117.7361
     548.000      379869.3487
     549.000      379788.8953
     550.000      379754.6855
     551.000      379793.5140
     552.000      379627.0381
     553.000      379739.2526
     554.000      379230.1931
     555.000      378883.7544
     556.000      379765.0575
     557.000      380074.5594
     558.000      380207.2581
     559.000      379808.8924
     560.000      379330.3468
     561.000      378913.5977
     562.000      379227.2846
     563.000      379304.8327
     564.000      379449.5494
     565.000      378787.5673
     566.000      379299.1452
     567.000      380065.5341
     568.000      379680.0290
     569.000      379483.5939
     570.000      379296.6379
     571.000      379809.7205
     572.000      379626.9303
     573.000      380089.7204
     574.000      380077.4830
     575.000      380567.0215
     576.000      380456.2128
     577.000      380976.4254
     578.000      381260.6870
     579.000      380499.4304
     580.000      380577.0977
     581.000      380147.1165
     582.000      379424.9044
     583.000      378897.7911
     584.000      379219.8415
     585.000      378058.9742
     586.000      377671.0820
     587.000      379063.9926
     588.000      379392.3223
     589.000      379235.8586
     590.000      379632.9357
     591.000      379899.0036
     592.000      379527.8188
     593.000      378931.1751
     594.000      378819.6484
     595.000      378651.9720
     596.000      379359.7075
     597.000      378982.0121
     598.000      379419.9930
     599.000      379071.0660
     600.000      379733.1884
     601.000      379616.7208
     602.000      379705.2826
     603.000      380460.3351
     604.000      379992.5993
     605.000      380570.9438
     606.000      380562.1121
     607.000      379914.1735
     608.000      379721.5857
     609.000      380159.7274
     610.000      380206.6618
     611.000      380817.2656
     612.000      380934.1660
     613.000      381335.0407
     614.000      380304.7386
     615.000      379593.0763
     616.000      379986.4982
     617.000      379731.1047
     618.000      379956.5255
     619.000      379841.2560
     620.000      378866.0841
     621.000      379338.4570
     622.000      379223.5899
     623.000      379385.3198
     624.000      379811.0999
     625.000      380710.4410
     626.000      380855.5933
     627.000      380205.1928
     628.000      380173.4961
     629.000      380310.9642
     630.000      380266.9364
     631.000      380040.8900
     632.000      379769.7359
     633.000      379567.6113
     634.000      379584.7408
     635.000      379418.1486
     636.000      380275.0926
     637.000      379789.2334
     638.000      379806.3422
     639.000      379983.1979
     640.000      380961.2240
     641.000      381068.9147
     642.000      380232.0845
     643.000      379471.6959
     644.000      379572.3332
     645.000      378863.6985
     646.000      379773.2532
     647.000      379906.2731
     648.000      379054.5505
     649.000      379397.3379
     650.000      379639.0928
     651.000      380053.5814
     652.000      379514.5543
     653.000      379377.5566
     654.000      380021.0495
     655.000      379714.9203
     656.000      379745.4139
     657.000      379828.3013
     658.000      379167.6744
     659.000      379234.7365
     660.000      378666.5423
     661.000      378741.9949
     662.000      378178.8606
     663.000      377912.3215
     664.000      379225.7533
     665.000      379275.1024
     666.000      379307.3164
     667.000      379849.6262
     668.000      379495.5558
     669.000      379755.1660
     670.000      380050.7328
     671.000      379423.4492
     672.000      379748.9343
     673.000      380012.5483
     674.000      379439.5689
     675.000      380074.7862
     676.000      379869.2900
     677.000      379684.8853
     678.000      379967.0015
     679.000      380176.0617
     680.000      379693.9542
     681.000      379537.4696
     682.000      380090.8187
     683.000      380144.8332
     684.000      380579.7772
     685.000      380048.3690
     686.000      380581.7730
     687.000      380821.6999
     688.000      381272.2782
     689.000      381337.2384
     690.000      381392.1994
     691.000      381413.7618
     692.000      380393.9894
     693.000      380493.2976
     694.000      380336.2128
     695.000      379900.2037
     696.000      379926.5724
     697.000      379818.1436
     698.000      380111.6233
     699.000      380006.9423
     700.000      380235.4155
     701.000      380382.5384
     702.000      380349.8444
     703.000      379935.3217
     704.000      380026.9655
     705.000      379988.7946
     706.000      379655.9238
     707.000      379516.5131
     708.000      379920.1618
     709.000      379826.1569
     710.000      380081.9759
     711.000      379606.8223
     712.000      380266.0902
     713.000      380361.0909
     714.000      380038.3901
     715.000      380449.8798
     716.000      380090.0960
     717.000      379492.0383
     718.000      379981.1224
     719.000      380267.3084
     720.000      379684.7803
     721.000      380213.2718
     722.000      380415.4046
     723.000      379964.1701
     724.000      379596.2084
     725.000      379747.7538
     726.000      379952.9560
     727.000      379524.4544
     728.000      379792.1362
     729.000      379614.0374
     730.000      379278.0369
     731.000      379917.9885
     732.000      380374.4001
     733.000      380074.6042
     734.000      380442.7231
     735.000      380750.9413
     736.000      379784.4118
     737.000      379503.9927
     738.000      379275.0318
     739.000      379253.9713
     740.000      379587.7498
     741.000      379220.9382
     742.000      378434.9215
     743.000      379229.5913
     744.000      378910.8803
     745.000      379423.6059
     746.000      379086.6632
     747.000      379162.1799
     748.000      379031.1160
     749.000      380019.0905
     750.000      380525.1294
     751.000      380440.3616
     752.000      378887.8889
     753.000      379106.6446
     754.000      379519.3754
     755.000      379704.5997
     756.000      380366.6987
     757.000      380583.1388
     758.000      380259.6523
     759.000      380187.5055
     760.000      380361.2017
     761.000      379962.6538
     762.000      379992.8149
     763.000      380075.7828
     764.000      379786.4688
     765.000      379353.0857
     766.000      379921.8935
     767.000      380037.6559
     768.000      380489.8442
     769.000      380837.9340
     770.000      381306.7360
     771.000      380673.7694
     772.000      380271.4811
     773.000      380655.4529
     774.000      380505.2398
     775.000      380683.0720
     776.000      379730.7977
     777.000      379680.2284
     778.000      379514.4796
     779.000      378599.1819
     780.000      378238.2935
     781.000      378839.6053
     782.000      378902.6393
     783.000      378854.7097
     784.000      379511.4596
     785.000      379328.9983
     786.000      379409.0808
     787.000      379897.3599
     788.000      379631.2462
     789.000      379564.1307
     790.000      379919.0715
     791.000      379539.2751
     792.000      379842.8584
     793.000      379717.1917
     794.000      380123.7979
     795.000      379147.5214
     796.000      379753.9626
     797.000      380863.0601
     798.000      380865.4662
     799.000      380319.9461
     800.000      380447.7576
     801.000      380420.1782
     802.000      380410.3577
     803.000      379761.2580
     804.000      379419.5307
     805.000      380290.8459
     806.000      379863.1623
     807.000      379921.1513
     808.000      380387.1194
     809.000      380484.8551
     810.000      380378.6726
     811.000      380687.5976
     812.000      381085.2294
     813.000      380505.1129
     814.000      380446.6010
     815.000      381222.3134
     816.000      380609.8464
     817.000      380015.1203
     818.000      379587.6180
     819.000      379308.3619
     820.000      379096.3815
     821.000      379096.0655
     822.000      379522.0806
     823.000      379414.5078
     824.000      379649.3587
     825.000      379865.2850
     826.000      379805.1319
     827.000      379820.9655
     828.000      379973.2290
     829.000      379410.2671
     830.000      378912.6819
     831.000      378757.5784
     832.000      379507.2537
     833.000      380373.1281
     834.000      380761.9242
     835.000      379940.1610
     836.000      380312.1532
     837.000      380039.7763
     838.000      379803.5780
     839.000      380183.9575
     840.000      379977.8820
     841.000      379174.0846
     842.000      379218.7416
     843.000      379323.8253
     844.000      379769.1766
     845.000      379820.0996
     846.000      379605.3022
     847.000      379832.9944
     848.000      380134.6785
     849.000      379532.5259
     850.000      379043.5137
     851.000      379597.2144
     852.000      379912.7661
     853.000      380099.6215
     854.000      379335.3420
     855.000      379891.6658
     856.000      379594.8694
     857.000      379273.1277
     858.000      378978.3781
     859.000      378993.8682
     860.000      379484.7440
     861.000      379539.5373
     862.000      380038.7268
     863.000      379839.6088
     864.000      380273.1135
     865.000      379953.9814
     866.000      379970.3032
     867.000      379752.6075
     868.000      380187.1272
     869.000      379691.0462
     870.000      379440.2648
     871.000      379539.4403
     872.000      380225.6932
     873.000      380093.8360
     874.000      379426.8624
     875.000      379237.5357
     876.000      380066.3830
     877.000      380645.3816
     878.000      380727.0220
     879.000      380728.1495
     880.000      380791.1245
     881.000      380036.3388
     882.000      380361.3098
     883.000      380728.9124
     884.000      380886.5609
     885.000      380767.8667
     886.000      380519.5629
     887.000      380791.5443
     888.000      380925.9625
     889.000      380856.1681
     890.000      380861.5886
     891.000      380536.0258
     892.000      380844.9522
     893.000      380704.6994
     894.000      380862.9125
     895.000      380048.6470
     896.000      380378.5934
     897.000      380453.2383
     898.000      380525.3540
     899.000      380676.8231
     900.000      381301.1713
     901.000      380442.3594
     902.000      380099.0150
     903.000      379064.2055
     904.000      379499.7825
     905.000      379829.8922
     906.000      379994.6089
     907.000      380340.2301
     908.000      380633.2142
     909.000      380421.6164
     910.000      380302.9610
     911.000      380452.0498
     912.000      380474.6580
     913.000      380053.4205
     914.000      379887.1498
     915.000      380156.7143
     916.000      379959.4147
     917.000      379559.2018
     918.000      378494.9911
     919.000      379088.4729
     920.000      379704.3032
     921.000      379397.6985
     922.000      379074.7082
     923.000      379649.1048
     924.000      380260.6000
     925.000      379857.2063
     926.000      380007.0191
     927.000      380287.9596
     928.000      380291.6100
     929.000      379815.1803
     930.000      379292.6131
     931.000      378923.8097
     932.000      379133.9717
     933.000      380043.6586
     934.000      379370.5295
     935.000      380178.1623
     936.000      380833.2152
     937.000      380976.3642
     938.000      380277.7797
     939.000      380523.9483
     940.000      380035.6786
     941.000      380382.9369
     942.000      380235.5033
     943.000      379239.7700
     944.000      379481.2516
     945.000      379383.2274
     946.000      378899.1596
     947.000      378949.6601
     948.000      378668.0535
     949.000      378498.8919
     950.000      379207.5795
     951.000      379912.7491
     952.000      379778.8430
     953.000      379869.9194
     954.000      378720.6516
     955.000      379162.8453
     956.000      378699.8187
     957.000      379589.1709
     958.000      380518.4273
     959.000      380433.8660
     960.000      380067.2630
     961.000      379019.6955
     962.000      379272.6257
     963.000      379152.1849
     964.000      379669.5466
     965.000      380277.9099
     966.000      380415.7418
     967.000      380456.8407
     968.000      380598.7357
     969.000      380459.1091
     970.000      380019.2602
     971.000      379652.5616
     972.000      379415.0543
     973.000      379206.4311
     974.000      379438.4421
     975.000      379855.7893
     976.000      380892.0521
     977.000      380081.4999
     978.000      379672.2567
     979.000      379384.2299
     980.000      379215.6550
     981.000      378906.8499
     982.000      379972.6817
     983.000      380153.8009
     984.000      380131.6964
     985.000      379831.7429
     986.000      380668.4895
     987.000      379236.2117
     988.000      379633.3222
     989.000      380236.0757
     990.000      380582.9577
     991.000      380018.7274
     992.000      379966.6065
     993.000      379733.6956
     994.000      380039.1047
     995.000      380575.6257
     996.000      379614.4777
     997.000      379428.0810
     998.000      379626.3982
     999.000      379463.6148
    1000.000      379959.7479
    1001.000      379985.3684
    1002.000      379833.0776
    1003.000      380441.1425
    1004.000      379665.6777
    1005.000      379831.9826
    1006.000      379993.4578
    1007.000      380152.5123
    1008.000      380469.6947
    1009.000      379737.9394
    1010.000      380114.6873
    1011.000      380494.5688
    1012.000      379908.8066
    1013.000      379767.8662
    1014.000      380002.9134
    1015.000      379579.6463
    1016.000      380165.2575
    1017.000      379736.4344
    1018.000      379934.1210
    1019.000      380398.0126
    1020.000      380251.9154
    1021.000      381125.5501
    1022.000      381094.6572
    1023.000      380592.2356
    1024.000      380026.3708
    1025.000      380159.8072
    1026.000      379663.5773
    1027.000      379808.6552
    1028.000      379427.8529
    1029.000      378813.5105
    1030.000      379672.1304
    1031.000      379816.0945
    1032.000      379766.8180
    1033.000      379397.4252
    1034.000      379793.2899
    1035.000      379895.8776
    1036.000      379361.8804
    1037.000      380023.8661
    1038.000      379899.6991
    1039.000      380052.4647
    1040.000      379807.0313
    1041.000      380128.8625
    1042.000      380137.8073
    1043.000      380405.4118
    1044.000      380480.5583
    1045.000      380002.9719
    1046.000      380046.4210
    1047.000      380016.7426
    1048.000      379467.2196
    1049.000      379499.4764
    1050.000      379739.1669
    1051.000      380078.2495
    1052.000      380165.5264
    1053.000      379869.2494
    1054.000      379778.4029
    1055.000      380308.2053
    1056.000      379490.1342
    1057.000      380564.4850
    1058.000      379929.4435
    1059.000      379769.9348
    1060.000      380628.2706
    1061.000      380166.6907
    1062.000      379988.5607
    1063.000      380499.3526
    1064.000      380116.2319
    1065.000      379670.1445
    1066.000      379419.8925
    1067.000      379956.6764
    1068.000      380286.1725
    1069.000      379680.8965
    1070.000      380306.8357
    1071.000      379903.7166
    1072.000      380215.8265
    1073.000      380286.2197
    1074.000      379617.3516
    1075.000      380133.5843
    1076.000      380428.5907
    1077.000      380129.8590
    1078.000      380241.1860
    1079.000      379561.9511
    1080.000      379636.0931
    1081.000      379325.6414
    1082.000      378641.5153
    1083.000      379095.2316
    1084.000      379446.9092
    1085.000      379795.1058
    1086.000      379768.8136
    1087.000      379924.0918
    1088.000      379566.5849
    1089.000      379810.5139
    1090.000      379457.1015
    1091.000      379608.0142
    1092.000      380066.4337
    1093.000      380667.1643
    1094.000      380394.8825
    1095.000      379463.6184
    1096.000      379319.1510
    1097.000      378916.2869
    1098.000      379000.0981
    1099.000      378783.7658
    1100.000      379724.5729
    1101.000      379350.4492
    1102.000      379494.0007
    1103.000      380020.1853
    1104.000      379486.2604
    1105.000      379868.9773
    1106.000      380267.1769
    1107.000      381197.4593
    1108.000      381250.6486
    1109.000      380964.3555
    1110.000      380048.3514
    1111.000      380028.1994
    1112.000      380051.8940
    1113.000      379690.7572
    1114.000      380274.1238
    1115.000      380497.5530
    1116.000      380344.1157
    1117.000      379704.3908
    1118.000      379825.1258
    1119.000      380054.6067
    1120.000      380031.9788
    1121.000      380100.6674
    1122.000      379488.4029
    1123.000      379912.0524
    1124.000      379802.9118
    1125.000      380179.9862
    1126.000      378963.6556
    1127.000      379234.2385
    1128.000      379985.1389
    1129.000      380516.7612
    1130.000      380471.3508
    1131.000      379499.7227
    1132.000      378487.5279
    1133.000      379440.0668
    1134.000      379492.1769
    1135.000      379939.0512
    1136.000      380227.0815
    1137.000      381156.2728
    1138.000      379982.1216
    1139.000      379680.7569
    1140.000      379991.3825
    1141.000      379724.5831
    1142.000      379295.1241
    1143.000      380231.8449
    1144.000      380417.6566
    1145.000      379953.6472
    1146.000      379606.7629
    1147.000      379053.9987
    1148.000      378913.5399
    1149.000      378968.3318
    1150.000      379487.0157
    1151.000      380424.6284
    1152.000      379876.9107
    1153.000      380137.2160
    1154.000      380177.1521
    1155.000      379594.9062
    1156.000      379663.3946
    1157.000      380086.2445
    1158.000      380047.3675
    1159.000      379404.9465
    1160.000      379897.5790
    1161.000      379169.4940
    1162.000      379703.4624
    1163.000      379550.5495
    1164.000      379513.3922
    1165.000      379811.5861
    1166.000      379634.6438
    1167.000      378997.4870
    1168.000      379283.4835
    1169.000      379237.4294
    1170.000      379311.9249
    1171.000      379186.7998
    1172.000      380138.6366
    1173.000      378671.7672
    1174.000      379418.1298
    1175.000      379856.4850
    1176.000      380316.1593
    1177.000      380641.1242
    1178.000      380359.4822
    1179.000      380155.9438
    1180.000      380825.7139
    1181.000      380315.5632
    1182.000      380702.2073
    1183.000      380709.1754
    1184.000      380782.6547
    1185.000      379930.1042
    1186.000      379949.3486
    1187.000      380242.2017
    1188.000      380408.7103
    1189.000      379589.5953
    1190.000      379913.0707
    1191.000      379611.7222
    1192.000      379843.2044
    1193.000      379322.7428
    1194.000      379411.6801
    1195.000      379856.1617
    1196.000      379375.9235
    1197.000      379557.6776
    1198.000      379862.6530
    1199.000      378965.9667
    1200.000      378676.0934
    1201.000      379541.9317
    1202.000      379603.9358
    1203.000      379412.9299
    1204.000      379740.0707
    1205.000      379186.0228
    1206.000      379102.1539
    1207.000      378962.8269
    1208.000      379213.4566
    1209.000      379683.7227
    1210.000      379942.5733
    1211.000      379898.9062
    1212.000      378833.4383
    1213.000      379099.2962
    1214.000      379813.5862
    1215.000      379779.8025
    1216.000      379874.5392
    1217.000      379686.2859
    1218.000      379553.2531
    1219.000      379789.0703
    1220.000      379159.9550
    1221.000      379284.2415
    1222.000      378932.4470
    1223.000      378245.8830
    1224.000      378961.0584
    1225.000      379634.1007
    1226.000      379802.5148
    1227.000      380040.8580
    1228.000      379495.5886
    1229.000      379409.3586
    1230.000      379310.3152
    1231.000      378887.6183
    1232.000      378283.1148
    1233.000      379243.8845
    1234.000      380243.7020
    1235.000      380440.2242
    1236.000      380241.2876
    1237.000      380266.6868
    1238.000      380081.2081
    1239.000      380888.7681
    1240.000      381111.9241
    1241.000      380716.0379
    1242.000      380132.1014
    1243.000      380087.4723
    1244.000      380079.2112
    1245.000      379809.7528
    1246.000      379444.3192
    1247.000      379731.9647
    1248.000      379761.5356
    1249.000      379917.7508
    1250.000      379607.8030
    1251.000      379384.1327
    1252.000      379307.8005
    1253.000      379449.5000
    1254.000      380013.4585
    1255.000      380216.7965
    1256.000      380531.6356
    1257.000      379330.4661
    1258.000      379345.2064
    1259.000      379931.6011
    1260.000      379960.1663
    1261.000      379396.9859
    1262.000      379932.4997
    1263.000      379470.0168
    1264.000      379352.4224
    1265.000      378961.6487
    1266.000      378996.0601
    1267.000      379449.9249
    1268.000      379197.6358
    1269.000      380153.7207
    1270.000      380376.2474
    1271.000      380587.9418
    1272.000      380470.0319
    1273.000      379952.5914
    1274.000      379466.0511
    1275.000      380129.4932
    1276.000      379734.3269
    1277.000      379645.2258
    1278.000      379846.7628
    1279.000      379957.8679
    1280.000      379039.8191
    1281.000      378916.3063
    1282.000      379561.6490
    1283.000      378466.0252
    1284.000      378447.3811
    1285.000      380023.4771
    1286.000      379938.9627
    1287.000      380204.4780
    1288.000      380948.3262
    1289.000      380434.9144
    1290.000      380306.0517
    1291.000      379747.2201
    1292.000      379799.3022
    1293.000      379890.4980
    1294.000      379513.7598
    1295.000      380044.1892
    1296.000      380132.3146
    1297.000      379854.1466
    1298.000      379952.2239
    1299.000      380389.9909
    1300.000      380387.3485
    1301.000      380191.6111
    1302.000      380000.4576
    1303.000      379595.6064
    1304.000      379147.8742
    1305.000      379469.8837
    1306.000      379444.4229
    1307.000      379991.7138
    1308.000      379696.9075
    1309.000      379830.1789
    1310.000      380434.4057
    1311.000      380169.2892
    1312.000      379842.0968
    1313.000      379243.5404
    1314.000      379647.9988
    1315.000      379752.8429
    1316.000      379684.5340
    1317.000      380317.2891
    1318.000      380213.8441
    1319.000      379582.3836
    1320.000      379806.6839
    1321.000      380243.9210
    1322.000      380753.3418
    1323.000      380618.0756
    1324.000      380132.5915
    1325.000      379529.2474
    1326.000      379335.1682
    1327.000      379440.2168
    1328.000      380068.5581
    1329.000      379765.8220
    1330.000      379455.7330
    1331.000      380381.5744
    1332.000      380346.0902
    1333.000      381190.0816
    1334.000      380126.6201
    1335.000      380740.5870
    1336.000      380236.4420
    1337.000      380261.0404
    1338.000      380521.3369
    1339.000      380276.7795
    1340.000      379896.7759
    1341.000      379759.9362
    1342.000      379532.2808
    1343.000      379583.4910
    1344.000      379767.5873
    1345.000      379740.7037
    1346.000      379539.8167
    1347.000      379428.5597
    1348.000      379784.7659
    1349.000      380047.0805
    1350.000      380629.9244
    1351.000      381093.7347
    1352.000      380749.2170
    1353.000      380760.4459
    1354.000      379922.5503
    1355.000      380571.6990
    1356.000      379981.3914
    1357.000      380218.4820
    1358.000      381161.4853
    1359.000      380655.1729
    1360.000      380454.2378
    1361.000      380427.9886
    1362.000      380014.5046
    1363.000      380143.7551
    1364.000      379882.1037
    1365.000      379711.5495
    1366.000      379190.4173
    1367.000      379004.3105
    1368.000      379149.6222
    1369.000      380438.0781
    1370.000      379491.7908
    1371.000      379446.1600
    1372.000      378606.2125
    1373.000      379290.0208
    1374.000      378749.7132
    1375.000      379058.9460
    1376.000      379732.5327
    1377.000      379601.3523
    1378.000      379517.1591
    1379.000      378735.7598
    1380.000      379662.6246
    1381.000      380590.0831
    1382.000      380799.4826
    1383.000      381248.0863
    1384.000      380937.0461
    1385.000      380027.7827
    1386.000      380331.7518
    1387.000      380973.2731
    1388.000      380500.7713
    1389.000      380518.9313
    1390.000      380027.7050
    1391.000      380933.5488
    1392.000      380947.5048
    1393.000      380592.9165
    1394.000      380384.8984
    1395.000      380863.1607
    1396.000      380631.9373
    1397.000      380177.7302
    1398.000      379897.4276
    1399.000      380054.8864
    1400.000      379684.3956
    1401.000      380186.7667
    1402.000      380311.0140
    1403.000      379927.3955
    1404.000      379235.9090
    1405.000      379433.1448
    1406.000      379533.6392
    1407.000      379539.9167
    1408.000      380456.9530
    1409.000      380417.8462
    1410.000      379984.6885
    1411.000      379614.5407
    1412.000      380380.1160
    1413.000      379841.4215
    1414.000      379825.6533
    1415.000      380200.7605
    1416.000      380383.9057
    1417.000      380346.4327
    1418.000      380492.2236
    1419.000      380476.2913
    1420.000      379955.5305
    1421.000      380046.6613
    1422.000      379725.6243
    1423.000      380429.0319
    1424.000      380226.6781
    1425.000      379877.5008
    1426.000      379362.5126
    1427.000      379269.2210
    1428.000      379416.8103
    1429.000      378769.4194
    1430.000      378642.2680
    1431.000      379108.3098
    1432.000      379368.0006
    1433.000      380081.2279
    1434.000      380354.6820
    1435.000      379843.6621
    1436.000      379560.3925
    1437.000      379852.7260
    1438.000      380123.9978
    1439.000      379621.1069
    1440.000      379540.4880
    1441.000      380181.6829
    1442.000      379949.2063
    1443.000      379951.7888
    1444.000      380481.4424
    1445.000      380089.6235
    1446.000      380496.7043
    1447.000      379198.3709
    1448.000      379594.6272
    1449.000      379937.7659
    1450.000      378686.7894
    1451.000      378902.0685
    1452.000      379845.7922
    1453.000      379538.4985
    1454.000      380226.4906
    1455.000      380960.4970
    1456.000      381707.6791
    1457.000      381166.8082
    1458.000      380364.8952
    1459.000      380217.1154
    1460.000      379990.5797
    1461.000      379844.3483
    1462.000      379494.8993
    1463.000      379548.0093
    1464.000      380484.0300
    1465.000      380870.7521
    1466.000      380110.7491
    1467.000      380527.8617
    1468.000      380093.3752
    1469.000      379735.5532
    1470.000      379028.8990
    1471.000      379532.2970
    1472.000      378274.7428
    1473.000      378400.7999
    1474.000      379795.3085
    1475.000      379878.6469
    1476.000      380183.9644
    1477.000      379935.2639
    1478.000      379756.0446
    1479.000      379467.8625
    1480.000      379593.8861
    1481.000      379793.2392
    1482.000      379736.7828
    1483.000      379828.9690
    1484.000      380208.1155
    1485.000      379995.5465
    1486.000      379942.1264
    1487.000      380425.2736
    1488.000      381078.1208
    1489.000      380757.1548
    1490.000      380016.3174
    1491.000      379990.8115
    1492.000      380444.2821
    1493.000      380187.3856
    1494.000      379635.3413
    1495.000      379876.7812
    1496.000      379661.0910
    1497.000      380081.3350
    1498.000      379529.2118
    1499.000      380022.3663
    1500.000      380611.6271
    1501.000      379922.9743
    1502.000      378983.9741
    1503.000      378589.5014
    1504.000      379154.6815
    1505.000      380239.7556
    1506.000      380384.7407
    1507.000      379892.9075
    1508.000      379630.1930
    1509.000      379646.0692
    1510.000      379681.9562
    1511.000      379681.6802
    1512.000      379582.2758
    1513.000      379872.0764
    1514.000      380273.5101
    1515.000      380144.2668
    1516.000      379771.0269
    1517.000      379591.2399
    1518.000      379618.9383
    1519.000      379258.4056
    1520.000      380041.5537
    1521.000      379528.2240
    1522.000      379907.4671
    1523.000      379743.3413
    1524.000      379686.7090
    1525.000      380509.0858
    1526.000      380523.6766
    1527.000      380481.9333
    1528.000      379940.2934
    1529.000      379536.9882
    1530.000      378915.7095
    1531.000      379633.0668
    1532.000      380472.8480
    1533.000      380622.3230
    1534.000      380477.4879
    1535.000      380426.5585
    1536.000      380521.5875
    1537.000      380707.3827
    1538.000      380105.2442
    1539.000      380072.6037
    1540.000      379504.6943
    1541.000      380063.4749
    1542.000      379784.9976
    1543.000      379700.4357
    1544.000      379554.8558
    1545.000      379245.7041
    1546.000      379514.3558
    1547.000      379869.8740
    1548.000      380124.7361
    1549.000      379857.5667
    1550.000      378893.1375
    1551.000      378797.7457
    1552.000      379180.5741
    1553.000      379785.2689
    1554.000      379562.0638
    1555.000      380053.2530
    1556.000      380091.6181
    1557.000      380057.9610
    1558.000      380442.9213
    1559.000      380102.5754
    1560.000      380264.3819
    1561.000      380135.9923
    1562.000      379991.1022
    1563.000      379850.8545
    1564.000      379879.0555
    1565.000      379173.3317
    1566.000      379722.6106
    1567.000      379912.8056
    1568.000      380296.8058
    1569.000      380032.4166
    1570.000      379828.7645
    1571.000      379229.8738
    1572.000      379740.5419
    1573.000      379557.6818
    1574.000      379803.2281
    1575.000      379639.1914
    1576.000      379620.6034
    1577.000      379797.8161
    1578.000      380243.3628
    1579.000      380114.3620
    1580.000      379638.8895
    1581.000      379912.8504
    1582.000      381233.5714
    1583.000      380152.3603
    1584.000      380149.3945
    1585.000      380569.5751
    1586.000      380221.2043
    1587.000      380029.8913
    1588.000      379835.8281
    1589.000      379715.4423
    1590.000      379635.2708
    1591.000      379796.7609
    1592.000      379106.7931
    1593.000      378822.0307
    1594.000      378744.3251
    1595.000      379312.4608
    1596.000      379395.3946
    1597.000      379392.1705
    1598.000      379673.7786
    1599.000      379469.8707
    1600.000      380591.5517
    1601.000      380658.1443
    1602.000      380319.6151
    1603.000      380650.2897
    1604.000      379580.3083
    1605.000      380625.8692
    1606.000      380389.3317
    1607.000      380042.5780
    1608.000      379810.4475
    1609.000      380502.5795
    1610.000      379979.0576
    1611.000      379557.7956
    1612.000      379758.1118
    1613.000      380190.9065
    1614.000      380647.7930
    1615.000      380976.1975
    1616.000      379962.3216
    1617.000      380823.2708
    1618.000      380214.4434
    1619.000      380247.7716
    1620.000      379830.3998
    1621.000      380390.4723
    1622.000      380853.9315
    1623.000      380207.3070
    1624.000      379667.6804
    1625.000      379724.0565
    1626.000      379996.8402
    1627.000      379290.6831
    1628.000      379666.6441
    1629.000      379605.3765
    1630.000      379972.7723
    1631.000      380474.1654
    1632.000      380376.9615
    1633.000      380218.5702
    1634.000      380034.0200
    1635.000      380593.5752
    1636.000      380216.9497
    1637.000      379450.0844
    1638.000      379142.5977
    1639.000      379381.5094
    1640.000      380143.1688
    1641.000      379807.4847
    1642.000      380043.0833
    1643.000      379963.3338
    1644.000      380158.6119
    1645.000      379671.7880
    1646.000      379615.0165
    1647.000      379646.6769
    1648.000      379904.6755
    1649.000      379752.6742
    1650.000      380437.3280
    1651.000      380816.9506
    1652.000      381206.1457
    1653.000      380583.5246
    1654.000      380385.6682
    1655.000      379974.7891
    1656.000      379594.3543
    1657.000      379747.6953
    1658.000      380358.2905
    1659.000      379846.9902
    1660.000      380344.1435
    1661.000      381857.0600
    1662.000      380871.1583
    1663.000      380186.9022
    1664.000      380747.5577
    1665.000      380154.6364
    1666.000      379969.0224
    1667.000      379356.9521
    1668.000      379372.0819
    1669.000      379460.4476
    1670.000      379075.5258
    1671.000      379515.3703
    1672.000      379520.1948
    1673.000      379471.2161
    1674.000      379853.8465
    1675.000      379861.0211
    1676.000      380001.9872
    1677.000      379550.3651
    1678.000      379450.8068
    1679.000      379972.4014
    1680.000      379068.0497
    1681.000      379614.0031
    1682.000      379646.6998
    1683.000      379834.0843
    1684.000      379733.5105
    1685.000      379820.6579
    1686.000      379894.0765
    1687.000      380244.6899
    1688.000      380581.8447
    1689.000      380249.3275
    1690.000      380002.2083
    1691.000      379498.1362
    1692.000      379310.2591
    1693.000      379513.0024
    1694.000      379350.2327
    1695.000      378807.3517
    1696.000      378807.6423
    1697.000      378761.3670
    1698.000      379418.7991
    1699.000      379006.6162
    1700.000      379408.2077
    1701.000      379523.8340
    1702.000      378474.5141
    1703.000      379209.9282
    1704.000      378898.8844
    1705.000      378904.4039
    1706.000      378873.0064
    1707.000      379450.1714
    1708.000      379200.3432
    1709.000      379044.9476
    1710.000      379114.2118
    1711.000      379875.7988
    1712.000      379641.2572
    1713.000      379783.5722
    1714.000      379630.7335
    1715.000      379492.1785
    1716.000      379490.2597
    1717.000      380077.3844
    1718.000      379771.4191
    1719.000      379168.1552
    1720.000      379831.8784
    1721.000      380003.7745
    1722.000      379337.8111
    1723.000      379281.5909
    1724.000      379458.6552
    1725.000      378930.5663
    1726.000      378820.7740
    1727.000      380310.4738
    1728.000      380043.7879
    1729.000      380674.5119
    1730.000      380164.8181
    1731.000      379456.0071
    1732.000      379449.8630
    1733.000      380218.7014
    1734.000      380344.0214
    1735.000      379982.4451
    1736.000      380000.3654
    1737.000      379898.6526
    1738.000      379865.2149
    1739.000      379716.0025
    1740.000      379202.6738
    1741.000      379446.2981
    1742.000      378966.3070
    1743.000      379160.3117
    1744.000      379397.5290
    1745.000      379713.2910
    1746.000      379820.6039
    1747.000      379228.2287
    1748.000      379665.3868
    1749.000      379617.4857
    1750.000      379850.3398
    1751.000      379733.5533
    1752.000      379719.3583
    1753.000      380302.2059
    1754.000      380299.3827
    1755.000      379730.7848
    1756.000      380589.0444
    1757.000      380826.7137
    1758.000      381016.7091
    1759.000      380330.5557
    1760.000      380371.9203
    1761.000      379975.8331
    1762.000      380424.3149
    1763.000      379804.1182
    1764.000      379496.6368
    1765.000      379793.0680
    1766.000      379457.4554
    1767.000      379213.4344
    1768.000      379587.0206
    1769.000      379060.6985
    1770.000      379239.7909
    1771.000      380194.5646
    1772.000      380021.4614
    1773.000      380144.9440
    1774.000      380538.0962
    1775.000      379762.6327
    1776.000      379944.9898
    1777.000      379463.8729
    1778.000      379082.4609
    1779.000      378611.0444
    1780.000      379847.8059
    1781.000      380488.7489
    1782.000      380046.4086
    1783.000      379628.9689
    1784.000      379745.3705
    1785.000      380187.3469
    1786.000      380481.0447
    1787.000      380254.5997
    1788.000      380522.2589
    1789.000      379722.9844
    1790.000      380146.8767
    1791.000      379652.5985
    1792.000      379987.4653
    1793.000      379576.2603
    1794.000      380306.4692
    1795.000      379708.7381
    1796.000      379687.1391
    1797.000      379886.8386
    1798.000      379487.4769
    1799.000      380090.4228
    1800.000      379854.1420
    1801.000      379224.4410
    1802.000      380018.4563
    1803.000      380610.1304
    1804.000      380735.4157
    1805.000      380166.6876
    1806.000      379615.5859
    1807.000      380128.9660
    1808.000      379710.6121
    1809.000      379848.9963
    1810.000      379873.3868
    1811.000      379578.0106
    1812.000      378870.9952
    1813.000      379457.2096
    1814.000      378698.5619
    1815.000      379176.3591
    1816.000      379298.1141
    1817.000      379112.3412
    1818.000      379289.3368
    1819.000      379692.7549
    1820.000      379998.7529
    1821.000      379909.6221
    1822.000      379624.7089
    1823.000      379087.9832
    1824.000      378657.7753
    1825.000      379413.0598
    1826.000      379834.7852
    1827.000      379894.2391
    1828.000      379865.0384
    1829.000      380238.5384
    1830.000      379899.9564
    1831.000      379859.5518
    1832.000      379397.3622
    1833.000      379354.3891
    1834.000      379092.4009
    1835.000      379757.1605
    1836.000      379667.0164
    1837.000      379607.2282
    1838.000      379383.3516
    1839.000      379115.2717
    1840.000      379030.2735
    1841.000      379090.8811
    1842.000      379325.2089
    1843.000      379113.0872
    1844.000      379823.0618
    1845.000      380372.5154
    1846.000      380413.7824
    1847.000      379804.1261
    1848.000      380276.2307
    1849.000      380086.8773
    1850.000      380728.3817
    1851.000      380300.7556
    1852.000      380701.1784
    1853.000      380795.5072
    1854.000      380474.6396
    1855.000      379952.7780
    1856.000      379272.2286
    1857.000      379671.9102
    1858.000      380291.2600
    1859.000      380290.5215
    1860.000      381161.2091
    1861.000      380941.1433
    1862.000      380465.5631
    1863.000      380047.8845
    1864.000      379734.0518
    1865.000      378753.3878
    1866.000      378662.7792
    1867.000      378686.5737
    1868.000      378799.5323
    1869.000      378939.3717
    1870.000      379189.5206
    1871.000      379735.5137
    1872.000      379487.5318
    1873.000      379000.8930
    1874.000      378930.4039
    1875.000      379358.1627
    1876.000      379999.4567
    1877.000      380010.0486
    1878.000      380206.0052
    1879.000      380244.7723
    1880.000      379401.0010
    1881.000      379270.3584
    1882.000      378894.7617
    1883.000      378536.8809
    1884.000      378789.5600
    1885.000      379069.5042
    1886.000      379433.1888
    1887.000      379469.8409
    1888.000      380199.3203
    1889.000      381090.8159
    1890.000      380813.3594
    1891.000      380678.7877
    1892.000      380039.3833
    1893.000      379921.8377
    1894.000      380030.0510
    1895.000      379434.3920
    1896.000      380631.0424
    1897.000      380684.4778
    1898.000      380419.2465
    1899.000      380346.2485
    1900.000      380680.8567
    1901.000      379737.0093
    1902.000      379717.2444
    1903.000      380384.4612
    1904.000      379803.3943
    1905.000      379585.3189
    1906.000      379336.3678
    1907.000      379085.4994
    1908.000      378741.8443
    1909.000      379025.4310
    1910.000      379405.9565
    1911.000      379816.3695
    1912.000      379734.4373
    1913.000      379556.9087
    1914.000      379489.8198
    1915.000      380237.4140
    1916.000      380534.9982
    1917.000      380600.2212
    1918.000      380558.8650
    1919.000      380128.5345
    1920.000      379619.5600
    1921.000      380107.5560
    1922.000      379659.9665
    1923.000      380352.8155
    1924.000      379950.9134
    1925.000      379346.6195
    1926.000      379867.6909
    1927.000      379226.6365
    1928.000      378702.0476
    1929.000      379090.5049
    1930.000      379448.2384
    1931.000      379192.8242
    1932.000      379621.5895
    1933.000      379922.5160
    1934.000      380303.5054
    1935.000      380722.5646
    1936.000      380423.0015
    1937.000      380221.8847
    1938.000      380195.8908
    1939.000      380059.1223
    1940.000      380039.7886
    1941.000      380386.9734
    1942.000      380605.7011
    1943.000      380559.6558
    1944.000      380558.7083
    1945.000      379645.9209
    1946.000      379965.7624
    1947.000      379997.9569
    1948.000      380434.8572
    1949.000      380570.0814
    1950.000      379839.7346
    1951.000      379399.9483
    1952.000      379646.6576
    1953.000      379899.6973
    1954.000      380383.0740
    1955.000      380616.0085
    1956.000      380066.6466
    1957.000      379956.5266
    1958.000      379443.7664
    1959.000      379651.9416
    1960.000      380166.3521
    1961.000      379831.3194
    1962.000      379985.1692
    1963.000      379621.4526
    1964.000      379906.9862
    1965.000      379663.6282
    1966.000      379594.6668
    1967.000      379753.2568
    1968.000      379223.9812
    1969.000      379458.1496
    1970.000      379998.7098
    1971.000      379975.1431
    1972.000      380044.3875
    1973.000      379504.9956
    1974.000      379527.4454
    1975.000      379541.8457
    1976.000      379158.4781
    1977.000      379064.8680
    1978.000      380119.7237
    1979.000      379957.2376
    1980.000      380062.4379
    1981.000      380768.0444
    1982.000      380861.7884
    1983.000      380241.2374
    1984.000      379712.2506
    1985.000      379270.2336
    1986.000      379616.6771
    1987.000      379552.7972
    1988.000      379497.5515
    1989.000      379529.3952
    1990.000      379557.2489
    1991.000      379627.0653
    1992.000      380286.5095
    1993.000      380024.6221
    1994.000      379940.6849
    1995.000      379778.3927
    1996.000      380206.2199
    1997.000      380316.0176
    1998.000      379124.6991
    1999.000      379190.2795
    2000.000      379375.0906
    2001.000      379507.5238
    2002.000      379409.6584
    2003.000      378960.8178
    2004.000      379350.6067
    2005.000      379294.9968
    2006.000      379390.0619
    2007.000      379033.9236
    2008.000      379307.1995
    2009.000      379199.8921
    2010.000      379557.7804
    2011.000      379704.3760
    2012.000      379863.3264
    2013.000      379581.8083
    2014.000      379770.6627
    2015.000      380021.7461
    2016.000      379843.1571
    2017.000      379302.9130
    2018.000      379255.5746
    2019.000      379368.2143
    2020.000      379248.4343
    2021.000      379165.2965
    2022.000      378986.4674
    2023.000      378903.2079
    2024.000      378847.5188
    2025.000      378687.3579
    2026.000      379297.9804
    2027.000      380321.2609
    2028.000      379791.5093
    2029.000      379644.9773
    2030.000      379646.9742
    2031.000      380145.8221
    2032.000      379993.7439
    2033.000      380637.1133
    2034.000      380067.1252
    2035.000      379998.0605
    2036.000      379862.5130
    2037.000      379574.0976
    2038.000      380284.1587
    2039.000      380439.4298
    2040.000      379965.4471
    2041.000      379574.0329
    2042.000      379594.5016
    2043.000      379468.4933
    2044.000      379816.2021
    2045.000      380209.6928
    2046.000      380438.8878
    2047.000      379838.8296
    2048.000      380467.8467
    2049.000      380492.7447
    2050.000      380486.3243
    2051.000      380600.4507
    2052.000      380361.0949
    2053.000      380582.8988
    2054.000      379797.9370
    2055.000      380321.9709
    2056.000      380398.2899
    2057.000      380616.6320
    2058.000      379649.2805
    2059.000      379042.3938
    2060.000      379359.4676
    2061.000      379747.2380
    2062.000      378947.2564
    2063.000      379232.0307
    2064.000      378826.8184
    2065.000      379475.3338
    2066.000      380298.1332
    2067.000      379937.6149
    2068.000      380327.1024
    2069.000      380295.5871
    2070.000      380228.5112
    2071.000      380056.1218
    2072.000      380269.6961
    2073.000      379956.7003
    2074.000      379495.1902
    2075.000      379397.8195
    2076.000      379571.3610
    2077.000      379894.5557
    2078.000      380234.1467
    2079.000      380334.8472
    2080.000      379203.5237
    2081.000      380107.4389
    2082.000      379892.2481
    2083.000      380233.4399
    2084.000      379945.7702
    2085.000      380574.3031
    2086.000      380613.4624
    2087.000      379810.5856
    2088.000      379785.2249
    2089.000      379630.1550
    2090.000      380509.2747
    2091.000      380735.9191
    2092.000      379829.1116
    2093.000      379907.9021
    2094.000      380139.5292
    2095.000      380415.1203
    2096.000      380286.4500
    2097.000      380234.9912
    2098.000      379477.1906
    2099.000      380220.8344
    2100.000      380739.9427
    2101.000      379829.8917
    2102.000      380007.7255
    2103.000      380731.8693
    2104.000      380620.1329
    2105.000      380123.7200
    2106.000      379978.7447
    2107.000      379690.4181
    2108.000      380338.0139
    2109.000      380183.1973
    2110.000      379690.7467
    2111.000      380200.7069
    2112.000      379891.1700
    2113.000      380156.0415
    2114.000      380623.0434
    2115.000      380481.9503
    2116.000      380385.8302
    2117.000      380893.8256
    2118.000      380947.6431
    2119.000      380533.8750
    2120.000      380583.2450
    2121.000      379377.0804
    2122.000      379194.6664
    2123.000      380225.1263
    2124.000      380515.0498
    2125.000      380230.9302
    2126.000      380635.0611
    2127.000      381144.8569
    2128.000      380850.5619
    2129.000      380856.4965
    2130.000      381024.0845
    2131.000      380962.1800
    2132.000      381202.9923
    2133.000      380479.4984
    2134.000      379739.3857
    2135.000      379678.9601
    2136.000      379875.3642
    2137.000      379940.8377
    2138.000      379864.4597
    2139.000      380027.1354
    2140.000      380758.6192
    2141.000      379778.3670
    2142.000      379750.8754
    2143.000      380446.4649
    2144.000      380180.6429
    2145.000      380491.1707
    2146.000      380380.7326
    2147.000      380039.8876
    2148.000      379717.9963
    2149.000      379250.0627
    2150.000      379560.3975
    2151.000      378968.3816
    2152.000      379242.8092
    2153.000      379456.6317
    2154.000      380429.7377
    2155.000      379545.6832
    2156.000      379815.7595
    2157.000      379761.8636
    2158.000      379328.6601
    2159.000      379562.0279
    2160.000      379729.9088
    2161.000      379871.6770
    2162.000      379302.7372
    2163.000      379667.1440
    2164.000      379299.8050
    2165.000      379752.5576
    2166.000      380204.1753
    2167.000      380085.6511
    2168.000      379314.5040
    2169.000      380196.9825
    2170.000      380363.5845
    2171.000      380569.0928
    2172.000      380124.2671
    2173.000      380725.9861
    2174.000      380302.4243
    2175.000      380833.7936
    2176.000      379965.0531
    2177.000      379544.5307
    2178.000      380380.9934
    2179.000      380335.1775
    2180.000      380077.0796
    2181.000      380741.7697
    2182.000      380632.3436
    2183.000      380751.5317
    2184.000      380946.4623
    2185.000      380568.8471
    2186.000      380565.5605
    2187.000      380479.4072
    2188.000      380282.1699
    2189.000      379796.9142
    2190.000      380050.4266
    2191.000      380255.1522
    2192.000      380198.4251
    2193.000      380483.9065
    2194.000      380616.0805
    2195.000      380186.4751
    2196.000      379039.5122
    2197.000      379544.4875
    2198.000      379388.1366
    2199.000      379563.0040
    2200.000      379681.8299
    2201.000      379319.4556
    2202.000      379130.7711
    2203.000      378973.9091
    2204.000      379406.8830
    2205.000      379813.6923
    2206.000      379232.0468
    2207.000      379464.2211
    2208.000      379617.8731
    2209.000      379523.2468
    2210.000      380231.5101
    2211.000      379341.9603
    2212.000      379641.9928
    2213.000      380276.8245
    2214.000      380456.0338
    2215.000      380095.9552
    2216.000      379677.9477
    2217.000      379103.7398
    2218.000      379031.5502
    2219.000      379761.0978
    2220.000      380932.1504
    2221.000      381207.0690
    2222.000      381157.2608
    2223.000      380724.2333
    2224.000      380473.6650
    2225.000      380618.3347
    2226.000      380174.0520
    2227.000      379934.1770
    2228.000      379862.9583
    2229.000      379120.5634
    2230.000      379103.0983
    2231.000      379403.7960
    2232.000      380013.6939
    2233.000      379722.3828
    2234.000      379985.5198
    2235.000      379566.1142
    2236.000      378880.5899
    2237.000      379688.3237
    2238.000      380199.2044
    2239.000      380441.3909
    2240.000      380323.2033
    2241.000      379554.0152
    2242.000      379052.3542
    2243.000      379513.4647
    2244.000      379538.7171
    2245.000      380288.3539
    2246.000      379727.8702
    2247.000      379639.2634
    2248.000      379719.4335
    2249.000      379988.5821
    2250.000      380126.9913
    2251.000      379910.3760
    2252.000      379574.9787
    2253.000      379701.6542
    2254.000      379526.1514
    2255.000      379654.7480
    2256.000      378684.5805
    2257.000      379599.3637
    2258.000      379369.0874
    2259.000      379581.3956
    2260.000      379186.9777
    2261.000      379591.0060
    2262.000      379445.5361
    2263.000      380240.6448
    2264.000      380772.6241
    2265.000      380576.9912
    2266.000      380348.9648
    2267.000      379941.2424
    2268.000      380084.5330
    2269.000      380018.7821
    2270.000      379611.8768
    2271.000      380136.3045
    2272.000      380559.7449
    2273.000      381046.2832
    2274.000      380667.1207
    2275.000      380491.4541
    2276.000      380024.0797
    2277.000      379497.9394
    2278.000      379421.5396
    2279.000      379884.9048
    2280.000      379549.0657
    2281.000      379811.4618
    2282.000      379382.9836
    2283.000      380159.5908
    2284.000      380446.4390
    2285.000      380461.5500
    2286.000      380021.1934
    2287.000      380206.2508
    2288.000      379328.3259
    2289.000      379573.8813
    2290.000      379771.1567
    2291.000      380013.2083
    2292.000      379696.0981
    2293.000      380048.3957
    2294.000      379876.8917
    2295.000      379715.0237
    2296.000      379022.8668
    2297.000      378517.1571
    2298.000      379847.1109
    2299.000      379481.1947
    2300.000      380498.3713
    2301.000      380375.0194
    2302.000      380445.1659
    2303.000      379117.1867
    2304.000      378779.1939
    2305.000      378864.7738
    2306.000      379943.6683
    2307.000      380169.4784
    2308.000      380005.2310
    2309.000      380204.6247
    2310.000      380057.1093
    2311.000      380386.6923
    2312.000      380523.9407
    2313.000      380044.3428
    2314.000      379620.5526
    2315.000      379595.8964
    2316.000      379925.3264
    2317.000      379786.5364
    2318.000      380035.0629
    2319.000      380479.2446
    2320.000      380540.2457
    2321.000      380025.0224
    2322.000      379988.1167
    2323.000      380077.0180
    2324.000      379867.5866
    2325.000      380420.8934
    2326.000      380456.9771
    2327.000      380429.2679
    2328.000      380748.0422
    2329.000      380369.1863
    2330.000      380349.2923
    2331.000      380822.8923
    2332.000      380279.5398
    2333.000      380314.6134
    2334.000      379605.5240
    2335.000      380002.8364
    2336.000      379345.0615
    2337.000      378862.2418
    2338.000      379446.1702
    2339.000      380013.1262
    2340.000      379671.7834
    2341.000      379509.5867
    2342.000      380154.8890
    2343.000      379778.6338
    2344.000      380538.6562
    2345.000      379789.2715
    2346.000      380237.5638
    2347.000      379834.6121
    2348.000      379518.9651
    2349.000      379452.6853
    2350.000      379727.4531
    2351.000      379708.8602
    2352.000      380260.7965
    2353.000      380299.7364
    2354.000      380498.4682
    2355.000      380069.9833
    2356.000      379853.3046
    2357.000      380222.3899
    2358.000      380029.5778
    2359.000      380244.4984
    2360.000      380277.4497
    2361.000      379738.4120
    2362.000      379861.2473
    2363.000      379582.9353
    2364.000      380063.9056
    2365.000      380262.6847
    2366.000      380478.3523
    2367.000      380251.1898
    2368.000      379746.1930
    2369.000      379682.4301
    2370.000      378729.8323
    2371.000      379158.3785
    2372.000      380627.8229
    2373.000      380865.9088
    2374.000      380203.2533
    2375.000      380560.3651
    2376.000      380085.0516
    2377.000      379387.8186
    2378.000      379835.6377
    2379.000      380045.7069
    2380.000      380096.0474
    2381.000      380087.9354
    2382.000      380639.8387
    2383.000      381133.4210
    2384.000      380601.6140
    2385.000      379865.1786
    2386.000      379655.0764
    2387.000      379776.5459
    2388.000      379517.8012
    2389.000      380097.0551
    2390.000      379842.0573
    2391.000      379059.7246
    2392.000      378978.7712
    2393.000      378831.1207
    2394.000      378988.9479
    2395.000      379486.9647
    2396.000      380027.3632
    2397.000      379958.1498
    2398.000      380206.9096
    2399.000      379253.2227
    2400.000      379672.2838
    2401.000      380353.8416
    2402.000      379461.0316
    2403.000      379631.9748
    2404.000      379070.7393
    2405.000      379317.0905
    2406.000      379330.1792
    2407.000      378586.0572
    2408.000      379203.9049
    2409.000      379730.5403
    2410.000      379084.2427
    2411.000      379607.9065
    2412.000      380499.6042
    2413.000      380711.1435
    2414.000      380488.7812
    2415.000      380069.4282
    2416.000      380444.9876
    2417.000      380317.7534
    2418.000      380166.3149
    2419.000      379989.2382
    2420.000      379389.2021
    2421.000      379915.5162
    2422.000      380070.8281
    2423.000      380683.6746
    2424.000      380283.1329
    2425.000      380058.0066
    2426.000      379842.5675
    2427.000      380006.5406
    2428.000      379578.8492
    2429.000      379732.5319
    2430.000      379582.0361
    2431.000      379867.8631
    2432.000      379436.6016
    2433.000      380734.6883
    2434.000      380003.3608
    2435.000      379786.7413
    2436.000      379299.1939
    2437.000      379868.7557
    2438.000      379082.9045
    2439.000      379993.2562
    2440.000      380197.8192
    2441.000      380340.8721
    2442.000      380138.1392
    2443.000      379855.8158
    2444.000      379806.6456
    2445.000      379959.7280
    2446.000      380038.7746
    2447.000      379905.3932
    2448.000      379616.2409
    2449.000      379796.0901
    2450.000      378995.6119
    2451.000      378981.3472
    2452.000      379612.3155
    2453.000      379155.3141
    2454.000      379189.4606
    2455.000      379459.7440
    2456.000      379664.5367
    2457.000      379547.6724
    2458.000      379360.8493
    2459.000      379784.7210
    2460.000      379566.4376
    2461.000      380196.4294
    2462.000      379995.2691
    2463.000      379290.2439
    2464.000      379937.6558
    2465.000      379486.5604
    2466.000      379011.4187
    2467.000      379020.8454
    2468.000      378966.4808
    2469.000      379044.9234
    2470.000      379281.2769
    2471.000      379362.9861
    2472.000      379808.8729
    2473.000      380156.0685
    2474.000      379559.4678
    2475.000      379634.8778
    2476.000      379310.2707
    2477.000      379730.8063
    2478.000      380049.9971
    2479.000      378989.6988
    2480.000      378519.1317
    2481.000      379462.3230
    2482.000      379746.1914
    2483.000      379824.3101
    2484.000      379883.2411
    2485.000      379515.1230
    2486.000      380677.2994
    2487.000      380484.0149
    2488.000      380115.9919
    2489.000      380251.8222
    2490.000      380776.1491
    2491.000      380310.4343
    2492.000      380851.5885
    2493.000      380706.6600
    2494.000      380272.8274
    2495.000      380572.5137
    2496.000      380518.1436
    2497.000      380550.3124
    2498.000      380164.1548
    2499.000      379824.5840
    2500.000      380041.5964
    2501.000      380027.4003
    2502.000      379163.6492
    2503.000      379431.6697
    2504.000      379063.6672
    2505.000      380188.9238
    2506.000      379592.7692
    2507.000      379731.0786
    2508.000      379930.8500
    2509.000      379477.4898
    2510.000      379287.3068
    2511.000      378945.0745
    2512.000      379797.4032
    2513.000      380007.4139
    2514.000      379699.2862
    2515.000      379057.3912
    2516.000      379553.8341
    2517.000      379682.8395
    2518.000      380407.1607
    2519.000      379995.5508
    2520.000      380273.8200
    2521.000      380577.6368
    2522.000      380481.5722
    2523.000      380460.5317
    2524.000      380446.1055
    2525.000      380237.9951
    2526.000      380288.2799
    2527.000      380012.9021
    2528.000      379835.9538
    2529.000      379568.3597
    2530.000      379686.5409
    2531.000      379862.6173
    2532.000      380371.4799
    2533.000      380369.0585
    2534.000      380681.7226
    2535.000      380500.6260
    2536.000      380236.5505
    2537.000      379942.0084
    2538.000      379581.5892
    2539.000      379885.5783
    2540.000      379173.9197
    2541.000      379086.5174
    2542.000      379272.1023
    2543.000      379388.9666
    2544.000      379646.3846
    2545.000      379442.4677
    2546.000      378936.9457
    2547.000      379289.0803
    2548.000      380085.2059
    2549.000      380024.0799
    2550.000      379409.9557
    2551.000      378731.0495
    2552.000      378830.0237
    2553.000      379129.9622
    2554.000      378951.7732
    2555.000      378924.7408
    2556.000      379897.9349
    2557.000      379883.2011
    2558.000      380203.5474
    2559.000      379800.5032
    2560.000      379993.0996
    2561.000      380595.9544
    2562.000      380496.8897
    2563.000      380545.1567
    2564.000      380433.5708
    2565.000      379729.1384
    2566.000      379904.0756
    2567.000      379274.7427
    2568.000      379961.3901
    2569.000      379925.1745
    2570.000      379618.8243
    2571.000      379860.3907
    2572.000      380147.3214
    2573.000      380664.6672
    2574.000      380134.3036
    2575.000      381104.0089
    2576.000      381049.4388
    2577.000      380301.9864
    2578.000      379948.8804
    2579.000      380040.8015
    2580.000      379470.7784
    2581.000      380171.2790
    2582.000      379699.1615
    2583.000      379136.1613
    2584.000      379508.8196
    2585.000      379865.1215
    2586.000      379484.7895
    2587.000      379498.4799
    2588.000      379781.9815
    2589.000      379724.1440
    2590.000      379978.2955
    2591.000      380087.7303
    2592.000      380288.0237
    2593.000      380214.0238
    2594.000      379982.6647
    2595.000      380988.4136
    2596.000      381307.9628
    2597.000      380788.3861
    2598.000      379432.6439
    2599.000      379899.6938
    2600.000      379917.5992
    2601.000      379680.2982
    2602.000      380155.5788
    2603.000      379978.8989
    2604.000      380417.3070
    2605.000      379714.1750
    2606.000      380075.2376
    2607.000      380414.0734
    2608.000      379956.1692
    2609.000      380532.7204
    2610.000      380177.2433
    2611.000      379848.3082
    2612.000      380035.8709
    2613.000      379569.2496
    2614.000      380341.4172
    2615.000      379472.6901
    2616.000      379523.5690
    2617.000      379773.5451
    2618.000      379685.3711
    2619.000      379893.4597
    2620.000      379753.5450
    2621.000      379450.6389
    2622.000      379080.9401
    2623.000      379353.3773
    2624.000      379538.6434
    2625.000      378986.1312
    2626.000      378726.1661
    2627.000      378885.9914
    2628.000      379322.7184
    2629.000      379035.1703
    2630.000      379842.7570
    2631.000      379730.3372
    2632.000      380222.3944
    2633.000      380355.3509
    2634.000      380712.8196
    2635.000      380554.8201
    2636.000      380697.4815
    2637.000      380510.5244
    2638.000      380260.7420
    2639.000      379615.0877
    2640.000      379458.0169
    2641.000      379537.4306
    2642.000      379658.6342
    2643.000      380058.9425
    2644.000      380022.6137
    2645.000      380306.2675
    2646.000      380038.9593
    2647.000      380043.6888
    2648.000      379923.8806
    2649.000      379880.9385
    2650.000      379090.0494
    2651.000      379052.7041
    2652.000      378700.5347
    2653.000      379324.4470
    2654.000      379291.4645
    2655.000      379527.6123
    2656.000      379428.7478
    2657.000      379472.8104
    2658.000      378594.2406
    2659.000      378608.6680
    2660.000      378961.6351
    2661.000      379947.5276
    2662.000      379521.0032
    2663.000      380040.0345
    2664.000      380302.4766
    2665.000      380371.7655
    2666.000      380362.1074
    2667.000      380388.2350
    2668.000      380170.3032
    2669.000      380110.8282
    2670.000      380151.2486
    2671.000      380317.3010
    2672.000      379827.0086
    2673.000      379963.6605
    2674.000      380214.2511
    2675.000      379837.1234
    2676.000      380398.8560
    2677.000      380472.3859
    2678.000      380251.9606
    2679.000      380554.9824
    2680.000      380493.4042
    2681.000      380223.9569
    2682.000      379242.5310
    2683.000      379946.9053
    2684.000      379771.2607
    2685.000      379642.7307
    2686.000      380023.9416
    2687.000      380633.0168
    2688.000      381135.2381
    2689.000      381449.7579
    2690.000      381135.8662
    2691.000      380201.4705
    2692.000      380243.8807
    2693.000      379604.4017
    2694.000      380226.5666
    2695.000      379299.2035
    2696.000      379878.1642
    2697.000      379410.5879
    2698.000      379299.8558
    2699.000      379634.9060
    2700.000      380056.8815
    2701.000      379926.9764
    2702.000      380045.8004
    2703.000      379977.9569
    2704.000      380444.6905
    2705.000      380266.7055
    2706.000      380495.2783
    2707.000      380297.6096
    2708.000      380649.5412
    2709.000      380339.9166
    2710.000      379977.1954
    2711.000      380248.8349
    2712.000      381487.3228
    2713.000      382485.9861
    2714.000      382962.3963
    2715.000      382020.3421
    2716.000      381686.9853
    2717.000      380780.0521
    2718.000      380860.3501
    2719.000      381043.0834
    2720.000      380783.6685
    2721.000      380403.4565
    2722.000      380211.8409
    2723.000      379819.4733
    2724.000      380513.6093
    2725.000      380111.8551
    2726.000      380055.2268
    2727.000      379779.8533
    2728.000      380290.0533
    2729.000      380583.7277
    2730.000      381241.2294
    2731.000      380611.5706
    2732.000      380582.2413
    2733.000      380540.9254
    2734.000      380047.0245
    2735.000      379924.7440
    2736.000      380025.6394
    2737.000      380064.0052
    2738.000      380345.0838
    2739.000      379595.1838
    2740.000      379648.1105
    2741.000      379139.9424
    2742.000      379410.5937
    2743.000      379576.2647
    2744.000      379509.0422
    2745.000      379476.7006
    2746.000      379484.0895
    2747.000      379030.3195
    2748.000      378688.6277
    2749.000      379776.7876
    2750.000      379916.6071
    2751.000      379494.1167
    2752.000      380105.3281
    2753.000      379697.4992
    2754.000      380102.3751
    2755.000      379072.6095
    2756.000      379368.4700
    2757.000      380149.3915
    2758.000      380262.7327
    2759.000      380305.3206
    2760.000      380632.6289
    2761.000      380948.3084
    2762.000      380502.3744
    2763.000      380146.8217
    2764.000      380353.5008
    2765.000      379972.1256
    2766.000      379286.0238
    2767.000      379373.0120
    2768.000      379395.1864
    2769.000      379313.5243
    2770.000      379302.6558
    2771.000      379420.9440
    2772.000      379490.9081
    2773.000      379462.0283
    2774.000      379395.8423
    2775.000      380311.5296
    2776.000      380395.3242
    2777.000      380784.3874
    2778.000      380407.1962
    2779.000      380066.8776
    2780.000      380295.1432
    2781.000      380561.2446
    2782.000      380348.6252
    2783.000      380161.9069
    2784.000      380565.8001
    2785.000      380431.7853
    2786.000      380493.9701
    2787.000      379959.7063
    2788.000      380310.4177
    2789.000      380334.7798
    2790.000      380124.7765
    2791.000      380082.6172
    2792.000      380110.9337
    2793.000      380010.2938
    2794.000      379983.6628
    2795.000      379855.9200
    2796.000      379629.3520
    2797.000      380174.3421
    2798.000      380442.0174
    2799.000      380836.0604
    2800.000      380343.3732
    2801.000      380944.8959
    2802.000      380031.0145
    2803.000      380198.4970
    2804.000      380477.7774
    2805.000      380056.3679
    2806.000      380688.5776
    2807.000      380358.3875
    2808.000      379975.0740
    2809.000      380676.2624
    2810.000      380030.3040
    2811.000      380138.9185
    2812.000      380529.3938
    2813.000      380422.9672
    2814.000      380493.5035
    2815.000      380416.8509
    2816.000      380750.2558
    2817.000      380549.9342
    2818.000      380404.7909
    2819.000      380069.0680
    2820.000      380759.4892
    2821.000      380387.9995
    2822.000      379952.2126
    2823.000      380105.5818
    2824.000      379842.8823
    2825.000      379965.9646
    2826.000      380782.5327
    2827.000      380563.7505
    2828.000      380825.2149
    2829.000      380824.1121
    2830.000      380360.6597
    2831.000      380376.1010
    2832.000      380352.7759
    2833.000      380257.1387
    2834.000      379950.9382
    2835.000      379563.1898
    2836.000      380745.8662
    2837.000      380562.3152
    2838.000      380624.3591
    2839.000      380606.3084
    2840.000      380547.7746
    2841.000      380587.2649
    2842.000      379585.9494
    2843.000      378737.7037
    2844.000      379573.8987
    2845.000      380113.7844
    2846.000      379829.9025
    2847.000      379555.4218
    2848.000      380050.4464
    2849.000      380472.6451
    2850.000      380405.1335
    2851.000      380312.0143
    2852.000      380034.6271
    2853.000      380633.0430
    2854.000      380101.4797
    2855.000      379966.3747
    2856.000      380256.4738
    2857.000      380218.8894
    2858.000      380147.6765
    2859.000      380279.1484
    2860.000      380395.8902
    2861.000      379696.7395
    2862.000      379831.1471
    2863.000      379949.5444
    2864.000      380290.7470
    2865.000      379861.5246
    2866.000      379860.7759
    2867.000      380458.7041
    2868.000      380609.3685
    2869.000      379603.9397
    2870.000      379534.1684
    2871.000      380180.2607
    2872.000      380790.5511
    2873.000      381135.9684
    2874.000      381133.6797
    2875.000      380073.9948
    2876.000      379735.0869
    2877.000      380053.8752
    2878.000      380238.3260
    2879.000      379769.2240
    2880.000      379790.7523
    2881.000      379254.2495
    2882.000      379774.2206
    2883.000      379411.0056
    2884.000      379410.1583
    2885.000      379547.7251
    2886.000      379206.3181
    2887.000      379437.6311
    2888.000      379887.7951
    2889.000      380103.2188
    2890.000      380586.1295
    2891.000      381086.9656
    2892.000      381182.1703
    2893.000      380314.5595
    2894.000      379581.4625
    2895.000      380288.6710
    2896.000      379775.8605
    2897.000      379947.8437
    2898.000      379731.9649
    2899.000      379926.4106
    2900.000      380275.5814
    2901.000      380826.3455
    2902.000      380313.8095
    2903.000      380529.7786
    2904.000      380129.0339
    2905.000      380077.0316
    2906.000      380201.5086
    2907.000      379872.4592
    2908.000      378982.8552
    2909.000      378889.0444
    2910.000      379401.1296
    2911.000      379905.5023
    2912.000      380438.5851
    2913.000      380515.2601
    2914.000      379689.0524
    2915.000      379940.0123
    2916.000      379767.5715
    2917.000      379209.2643
    2918.000      379635.1137
    2919.000      379431.9222
    2920.000      379210.9572
    2921.000      380144.5906
    2922.000      379959.8890
    2923.000      379480.2176
    2924.000      379723.8211
    2925.000      379710.4660
    2926.000      380061.6410
    2927.000      379660.1584
    2928.000      380106.1798
    2929.000      380171.6450
    2930.000      380378.0149
    2931.000      380003.7338
    2932.000      379753.3790
    2933.000      380168.8484
    2934.000      380050.0285
    2935.000      379310.0901
    2936.000      379599.4645
    2937.000      380211.3295
    2938.000      380319.8428
    2939.000      379856.4084
    2940.000      380034.0966
    2941.000      380073.2998
    2942.000      380535.3333
    2943.000      380096.4795
    2944.000      380402.9355
    2945.000      379880.6750
    2946.000      379953.8069
    2947.000      379176.1437
    2948.000      379975.3953
    2949.000      380679.7083
    2950.000      380011.5228
    2951.000      379820.0743
    2952.000      380202.1264
    2953.000      380638.0441
    2954.000      379899.4551
    2955.000      380115.2906
    2956.000      380130.9133
    2957.000      379354.7292
    2958.000      379470.3551
    2959.000      379094.7263
    2960.000      379442.8354
    2961.000      379871.7386
    2962.000      380531.8426
    2963.000      380896.9312
    2964.000      379920.9464
    2965.000      380136.6715
    2966.000      379430.9004
    2967.000      380050.0627
    2968.000      379726.0106
    2969.000      379953.1190
    2970.000      380084.3571
    2971.000      379973.7170
    2972.000      380004.3766
    2973.000      380192.6909
    2974.000      379848.2107
    2975.000      380241.9288
    2976.000      379856.6893
    2977.000      380547.4422
    2978.000      380184.6296
    2979.000      379974.8425
    2980.000      379805.6659
    2981.000      380755.8752
    2982.000      380458.0771
    2983.000      380902.0370
    2984.000      380095.5021
    2985.000      379906.2957
    2986.000      380187.6497
    2987.000      380586.4908
    2988.000      380308.0081
    2989.000      380640.7194
    2990.000      380462.6851
    2991.000      380236.4355
    2992.000      380163.1580
    2993.000      380027.8245
    2994.000      380166.0467
    2995.000      379716.7137
    2996.000      380002.3740
    2997.000      379192.6564
    2998.000      378922.8195
    2999.000      379233.4647
    3000.000      379224.2323
    3001.000      379748.9371
    3002.000      379943.1543
    3003.000      380064.8407
    3004.000      380299.7528
    3005.000      380515.6414
    3006.000      380163.3076
    3007.000      380142.7074
    3008.000      379625.8647
    3009.000      381289.0409
    3010.000      380569.4003
    3011.000      380472.2455
    3012.000      380427.3607
    3013.000      380320.0287
    3014.000      380824.6947
    3015.000      381077.6105
    3016.000      379865.4221
    3017.000      380337.1842
    3018.000      380472.1061
    3019.000      380920.9944
    3020.000      380347.4984
    3021.000      380249.9826
    3022.000      380826.5875
    3023.000      380130.9618
    3024.000      380049.3010
    3025.000      380518.3758
    3026.000      380037.5062
    3027.000      379648.8556
    3028.000      379608.4569
    3029.000      379677.1251
    3030.000      379260.2705
    3031.000      379447.0628
    3032.000      379903.4463
    3033.000      380079.7196
    3034.000      380178.7805
    3035.000      379658.7645
    3036.000      380058.5254
    3037.000      380338.1913
    3038.000      380279.9634
    3039.000      380316.3758
    3040.000      380295.3655
