"δ"
0.09443486201162743
0.181328856557579
0.056319420933136397
0.14132850303682448
0.019720645264622336
0.022528526483794237
0.09585850881762345
0.06512939510881086
0.07972231722061604
0.06022372931763466
0.023755506267982136
0.0460356802902567
0.03883530542580649
0.0753962625456768
0.056626534336078095
0.08202072683413013
0.08057829237176561
0.012282715472345742
0.0011517283582608594
0.06300475572462964
0.03278902570784603
0.05889318421700704
0.011489742973254913
0.05595415198155089
0.017034346012676508
0.04805047843323917
0.06503344562167497
0.006286961398747647
0.08015944856167519
0.08487388575225135
0.11828040265035213
0.036751526134809184
0.0421047050409448
0.009420489821862768
0.12616340241047033
0.015537054267130642
0.020493155690219353
0.01274238094333253
0.009904226461344399
0.12677937122710412
0.08523309858477694
0.057173411596156146
0.004293291404594099
0.038756441955033166
0.021681619244930152
0.06890979772132662
0.07868742056540962
0.045944288315890196
0.08869679295520477
0.017921054686965542
0.031502818232251414
0.07891635351344659
0.038046207676457174
0.03607537176947426
0.02079631916446825
0.026382638173943387
0.0738490855253006
0.049738414035534195
0.04787795767458892
0.03887305216675436
0.01214813488028234
0.05299863971247511
0.09508865114680327
0.05456998094793636
0.02795764977693089
0.06271653861668254
0.02047367616843853
0.055831560576873746
0.06713018999353125
0.012574872816617472
0.009135007305869995
0.002830558711642023
0.012522815022004518
0.03222142940050393
0.07699657852154464
0.03583641912010611
0.01961765626390663
0.041828493723804164
0.04498109762401738
0.008127484214407584
0.06626494212647405
0.021850641654258315
0.028620738429494672
0.017340623176277815
0.038468355567419774
0.11761267447928066
0.023397393896750412
0.06990791451097621
0.008025929429031946
0.04191116553062105
0.016225073252031305
0.020846788424614376
0.034245934476803214
0.05942988020845754
0.007758080589467382
0.026204707818307315
0.006040243405016752
0.0144971326749038
0.034308293050964056
0.027815009361550576
0.05858004748044709
0.04657935351138302
0.022732825432628778
0.021071993525268673
0.008374667103949282
0.01838287826561402
0.0224606581021323
0.007581124778808637
0.012730245696413487
0.03845620430705811
0.05203494004567081
0.03171036209648541
0.05271325176013682
0.057231882862659136
0.00689527679661601
0.0539743829281304
0.02199870270748255
0.03631981517875542
0.04445096799077105
0.03932126321538956
0.0005551992826321523
0.021808157038477848
0.027590614794402998
0.06979847453317452
0.03596899170955267
0.05038449876173195
0.02127218097812333
0.04123349603988026
0.032184028802980776
0.015888647056291266
0.034841703503441644
0.033961928316828115
0.05520434525990778
0.012155985180242688
0.0628884764014106
0.050979390841152314
0.050163507727448826
0.14923155576887212
0.07819608908267629
0.009461299177695316
0.04363734235242567
0.009501286453451096
0.004482927088117468
0.057299395155687896
0.0039016385206205517
0.04522464731409877
0.08611603255125966
0.024494242890105135
0.012604617382668895
0.07552604508605781
0.010081902203112971
0.040002778210271435
0.04958287647002769
0.01853406817885358
0.004827775938309604
0.07556540640439822
0.02025412550202942
0.0007009624897660455
0.03870824845928999
0.039017137838359174
0.024970762940934258
0.05284537782708677
0.029555451977916376
0.0065238647476481785
0.06785360140478194
0.05650166640846154
0.028676790737606248
0.03324646278052709
0.0022252227429935207
0.01708861214662833
0.024693191576010607
0.02797857860041165
0.008363938765235807
0.03432473111247078
0.06682584245090871
0.03951461578973553
0.014808419099210521
0.07884840590736819
0.03214731703670866
0.041729729071780124
0.013448984045200282
0.0596028676328223
0.0343552443242212
0.0008043002466246818
0.026008869703339002
0.004075607316761957
0.01227226054225684
0.01229209741686588
0.07504982010413716
0.02573043580331097
0.0008321248840328241
0.004187699375089396
0.022728703570042107
0.027849503686065365
0.041547599146119205
0.021304614961329287
0.03171243693418586
0.018064511619856928
0.0371481293668177
0.05122029367616497
0.06178051879196385
0.023753768471290446
0.027394720885216148
0.023901381822118886
0.06586562773270879
0.04908421706302371
0.01709310156009523
0.07854552865247658
0.02088729908742343
0.011839209934507024
0.015562186453262397
0.03574027612303503
0.017598442875027074
0.00834650323420912
0.030818716053464337
0.006541285698013798
0.012217539289139911
0.016066315297019226
0.006635009989548858
0.0028590793442643176
0.021995947213776092
0.00865460449858676
0.03573518156964252
0.09025450033745797
0.041907377000668544
0.055753072495145446
0.014771125201837227
0.058236749238129625
0.0009895911434372156
0.000995264962393768
0.03293187151682576
0.007048697636596739
0.05687042022438876
0.026426619710367878
0.009174077516518133
0.026598278523885997
0.021641106053698844
0.028898817420849647
0.067345499033588
0.09885394683706969
0.02612705976854813
0.011560425592722716
0.04972200808517569
0.037233277611893684
0.024515179636045093
0.02681957836495681
0.003224306155188626
0.04203459368031401
0.12293668117388427
0.02081362700929329
0.054069995289924525
0.012151247221156326
0.04542195984657515
0.04344633819298192
0.01455220521261066
0.0033704942244914262
0.007889151959912901
0.04196556651469317
0.005682199470232904
0.008027479109814188
0.03102409919730839
0.01964336156305791
0.11484117455925306
0.0477616918363481
0.04083419352977076
0.017606504973961917
0.008254816696612481
0.029552246590485522
0.005939779641439151
0.0059558078428658115
0.02507965121317601
0.0012055591791817262
0.0205138428791447
0.003634715174323481
0.052384819226853147
0.003665204365895026
0.006140212437236678
0.05301017529772544
0.023512577478445085
0.07348837459219228
0.018768752906093377
0.033915757994324114
0.07946830779642006
0.0316202680545564
0.034396987348598834
0.034546164033768076
0.011593925650437261
0.0038744112692757956
0.01680284408550741
0.07118005669728147
0.035248797485114586
0.022317468256787844
0.030426140373236953
0.01457446020278701
0.027928110857333117
0.0039972385773920606
0.06306962023546832
0.055367450951473225
0.006761279852769855
0.028459541625705197
0.012206166366838333
0.017814625491036178
0.015087167621447364
0.012420924206999221
0.05957234599291725
0.0041856381909606884
0.01815606625719421
0.019614212276034205
0.05484841594360261
0.06914929828356844
0.026900857422860594
0.004259786205751126
0.03285130269768504
0.01864273639255571
0.04461031414517342
0.004339964802356658
0.045002674318055935
0.007270269959207873
0.04816714064652869
0.02792098158413806
0.03698775388457382
0.06392931160318739
0.022374957898670694
0.10598474089188288
0.04364622787991406
0.06495627199148726
0.06957600680572179
0.05609144213398374
0.013772870865079128
0.010773488816623027
0.11238318027520591
0.0724702822851056
0.02956259102776756
0.007817275579748702
0.004712288691012207
0.07407613807261307
0.06830569512558834
0.07513467572442016
0.0625682307034193
0.06904344169496775
0.0664056476954068
0.043825754861029714
0.08306373379721968
0.03443086035118977
0.06071999387071793
0.05783137695537119
0.03154200264409105
0.05830551462591959
0.018387642941919156
0.005048958291231563
0.03539401058803026
0.04592796167428223
0.03605284463490434
0.03959673622810863
0.008628717236068154
0.001737232256381421
0.008722033100291052
0.029738087001560987
0.022890858146859667
0.06902638736838455
0.00886670916258095
0.023171532665975877
0.0017868802792844363
0.001787585208306311
0.04510362219360223
0.009027332516223263
0.027268311957835484
0.034688834959011025
0.012800310028079834
0.005521571481134328
0.02030567465885817
0.012987491355060965
0.00931685404627101
0.03923775137657443
0.0018755605862239857
0.028212234168376045
0.0018972890709442732
0.01719063907602706
0.013399453931900876
0.024999768275483957
0.04050644434953811
0.03684171549891994
0.025282834614388707
0.0019473007677747619
0.02550348793339676
0.03350250254194041
0.017769649266403724
0.009910038670280683
0.02984836987692074
0.021938272490126077
0.005997897179225052
0.006035201527487889
0.0020205714139487113
0.006094947801906609
0.0020360475726815827
0.026602276577234216
0.022676079404936978
0.022832160416441975
0.002088414511204597
0.0062769974917108555
0.035825699293823315
0.010560328107628773
0.01491972338000156
0.032052992409310026
0.0021492368896117047
0.010916870570582982
0.0021937415602324476
0.08124808189551322
0.037778932961313086
0.06024773786509742
0.029288164199181968
0.029431106931693412
0.002282790513697784
0.0022920263986730485
0.016134858350728032
0.04880465387748224
0.025635240212678982
0.0023415747167658202
0.01644112261929522
0.0023697965720697175
0.011887419780872556
0.0071766707411842195
0.0023973936498940408
0.021718629535680063
0.007251424317311589
0.002433876929466493
0.027014597518285947
0.017610898980993224
0.002575895854351964
0.028595563597050296
0.002629322714847611
0.055800827138022376
0.029670766195713717
0.03517932371277074
0.03547275168233982
0.019139626228854997
0.013763421832655028
0.014071058791200979
0.008452518946003237
0.03198041101585024
0.026396422469358045
0.0088212375323192
0.05637140793145086
0.03864888456927345
0.009048266649460417
0.01511817969441105
0.021206516384673843
0.027715102950412077
0.02193118746465059
0.03484917546454858
0.02226934134332425
0.03513886842281542
0.022427736888640807
0.022569275831364317
0.048453721095416576
0.0032414925506647624
0.023057158016495008
0.04964429513885325
0.009976549195499028
0.05658656821495747
0.02361422944024051
0.01025540121519449
0.017182761637520756
0.01768528399489879
0.0035557750075957697
0.04633235089965119
0.024968450851346267
0.0035933026170952963
0.03242704650936502
0.068629737613108
0.06900565020067924
0.025556731650605298
0.0036728147169654357
0.025755415018890993
0.011150643879570966
0.048431183172840286
0.01876321983701048
0.09429998989045923
0.011383362744839516
0.05709524192930121
0.0804948101157064
0.06527968843731438
0.0038509570401556166
0.0038737692984641735
0.003898049906057654
0.003909155909405273
0.0666417689136292
0.02764590907634426
0.011889691415524366
0.027937041222557073
0.020053281244868045
0.02007281849935846
0.00401955045752079
0.02848252800929722
0.04490278864014591
0.06136089057559352
0.0369850482854634
0.004120584889984541
0.029196195572020606
0.004183388722397421
0.029364220006141632
0.021096156476213428
0.0042471945755110495
0.021663814814611996
0.06514469065269884
0.03923906768240146
0.030933105873697738
0.031020428408452132
0.031242349487186346
0.013455296548139263
0.004509301412532105
0.004516922972963492
0.022641695657566775
0.01361808079073371
0.004569350004072901
0.004596086990951715
0.004668726032858577
0.004676374816158696
0.00470234745567986
0.01892136666815178
0.014233693434482055
0.014255693136513392
0.023820327879736418
0.014338873244029451
0.08158122221520692
0.014426440953165452
0.04344371721234878
0.004836470568694778
0.004875654053432561
0.014649457689156037
0.03430407123079439
0.004914598347763352
0.004919207440711614
0.024602406343017663
0.034842825877950706
0.02495594080539915
0.04507817909373418
0.015068226236024345
0.0050393247670304404
0.03547196795033008
0.00508008077277374
0.04577592911641321
0.005100199231297843
0.056169025792882875
0.04617790022617817
0.015451137713582882
0.005172939747922823
0.0051860207156140085
0.02596443768332303
0.005199375597619051
0.005214403295409144
0.015694620147165904
0.026307278109485133
0.015852884803581792
0.02660291129998485
0.06961503580287302
0.09113256916437426
0.02692766916736641
0.005404962955119033
0.005418959302306461
0.01627934183025528
0.005451265430733272
0.027379426352848457
0.005506412725963918
0.027567350956855634
0.016741673372473297
0.0055863225494177755
0.03926705692126967
0.02810645393873854
0.03945939811967313
0.050873110570401295
0.028437687561906178
0.0513557940304174
0.04009367528476461
0.005739893915841788
0.005793327350280967
0.005811918041184375
0.005824432048386542
0.01752755873903149
0.005860521059909697
0.005879696916068827
0.07664026631523771
0.05332968302848833
0.018081192495999904
0.018223470333120807
0.006144158151969134
0.018535694724314756
0.006187629449235357
