Frame	Volume
1	245.527
2	248.78
3	239.754
4	246.166
5	243.079
6	241.046
7	241.851
8	244.273
9	245.65
10	242.375
11	243.852
12	242.243
13	243.988
14	242.427
15	243.799
16	243.477
17	243.434
18	243.823
19	243.834
20	243.301
21	243.44
22	243.811
23	242.822
24	244.05
25	243.364
26	243.665
27	243.261
28	242.88
29	243.659
30	243.517
31	243.269
32	243.384
33	243.374
34	243.93
35	243.357
36	243.569
37	243.196
38	243.126
39	243.291
40	243.282
41	243.767
42	243.536
43	243.213
44	243.271
45	243.593
46	243.232
47	243.562
48	243.057
49	243.363
50	243.548
51	243.543
52	243.435
53	243.503
54	243.005
55	243.492
56	243.359
57	243.667
58	243.549
59	243.433
60	243.47
61	243.279
62	243.764
63	243.337
64	243.422
65	243.318
66	243.344
67	243.36
68	243.408
69	243.505
70	243.326
71	243.333
72	243.68
73	243.161
74	243.127
75	243.384
76	243.484
77	243.251
78	243.112
79	243.39
80	243.281
81	243.39
82	243.455
83	243.314
84	243.412
85	243.385
86	243.265
87	243.491
88	243.393
89	243.419
90	243.537
91	243.331
92	243.253
93	243.176
94	243.48
95	243.211
96	243.368
97	243.228
98	243.367
99	243.455
100	243.373
101	243.55
102	243.495
103	243.381
104	243.342
105	243.291
106	243.39
107	243.289
108	243.605
109	243.364
110	243.389
111	243.382
112	243.37
113	243.529
114	243.477
115	243.452
116	243.54
117	243.163
118	243.308
119	243.496
120	243.281
121	243.536
122	243.331
123	243.352
124	243.317
125	243.455
126	243.425
127	243.472
128	243.442
129	243.272
130	243.389
131	243.485
132	243.436
133	243.446
134	243.454
135	243.269
136	243.456
137	243.582
138	243.392
139	243.462
140	243.312
141	243.303
142	243.453
143	243.418
144	243.396
145	243.365
146	243.34
147	243.381
148	243.373
149	243.328
150	243.383
151	243.324
152	243.402
153	243.335
154	243.396
155	243.443
156	243.382
157	243.395
158	243.339
159	243.397
160	243.463
161	243.408
162	243.386
163	243.512
164	243.441
165	243.456
166	243.6
167	243.344
168	243.539
169	243.241
170	243.63
171	243.489
172	243.415
173	243.51
174	243.38
175	243.549
176	243.347
177	243.338
178	243.218
179	243.439
180	243.19
181	243.371
182	243.422
183	243.248
184	243.343
185	243.424
186	243.267
187	243.266
188	243.421
189	243.379
190	243.497
191	243.413
192	243.437
193	243.515
194	243.396
195	243.448
196	243.325
197	243.367
198	243.443
199	243.318
200	243.392
201	243.265
202	243.371
203	243.314
204	243.217
205	243.466
206	243.43
207	243.273
208	243.286
209	243.375
210	243.366
211	243.309
212	243.199
213	243.546
214	243.266
215	243.279
216	243.196
217	243.469
218	243.477
219	243.414
220	243.408
221	243.424
222	243.423
223	243.439
224	243.239
225	243.513
226	243.479
227	243.248
228	243.462
229	243.382
230	243.38
231	243.344
232	243.396
233	243.314
234	243.387
235	243.411
236	243.398
237	243.493
238	243.332
239	243.525
240	243.432
241	243.353
242	243.344
243	243.34
244	243.406
245	243.356
246	243.496
247	243.487
248	243.337
249	243.362
250	243.314
251	243.56
252	243.501
253	243.418
254	243.368
255	243.429
256	243.381
257	243.429
258	243.498
259	243.565
260	243.41
261	243.475
262	243.402
263	243.422
264	243.331
265	243.444
266	243.322
267	243.403
268	243.421
269	243.447
270	243.343
271	243.35
272	243.373
273	243.363
274	243.421
275	243.36
276	243.433
277	243.358
278	243.346
279	243.268
280	243.291
281	243.189
282	243.474
283	243.431
284	243.541
285	243.3
286	243.451
287	243.357
288	243.38
289	243.399
290	243.411
291	243.356
292	243.34
293	243.392
294	243.483
295	243.429
296	243.398
297	243.4
298	243.379
299	243.449
300	243.358
301	243.331
302	243.256
303	243.366
304	243.323
305	243.524
306	243.405
307	243.35
308	243.433
309	243.396
310	243.374
311	243.39
312	243.363
313	243.323
314	243.388
315	243.357
316	243.398
317	243.409
318	243.376
319	243.375
320	243.392
321	243.467
322	243.391
323	243.388
324	243.402
325	243.392
326	243.462
327	243.395
328	243.375
329	243.409
330	243.347
331	243.356
332	243.361
333	243.424
334	243.398
335	243.391
336	243.39
337	243.447
338	243.35
339	243.42
340	243.424
341	243.355
342	243.403
343	243.365
344	243.395
345	243.391
346	243.381
347	243.394
348	243.387
349	243.382
350	243.39
351	243.397
352	243.383
353	243.396
354	243.38
355	243.39
356	243.375
357	243.384
358	243.372
359	243.384
360	243.38
361	243.36
362	243.387
363	243.361
364	243.367
365	243.399
366	243.358
367	243.364
368	243.42
369	243.388
370	243.378
371	243.38
372	243.39
373	243.374
374	243.406
375	243.357
376	243.384
377	243.4
378	243.406
379	243.413
380	243.379
381	243.384
382	243.433
383	243.385
384	243.368
385	243.415
386	243.359
387	243.394
388	243.381
389	243.39
390	243.384
391	243.381
392	243.383
393	243.386
394	243.396
395	243.376
396	243.415
397	243.397
398	243.397
399	243.375
400	243.375
401	243.391
402	243.407
403	243.383
404	243.38
405	243.391
406	243.39
407	243.374
408	243.367
409	243.364
410	243.39
411	243.397
412	243.383
413	243.406
414	243.418
415	243.374
416	243.371
417	243.38
418	243.398
419	243.399
420	243.378
421	243.376
422	243.379
423	243.359
424	243.398
425	243.39
426	243.381
427	243.397
428	243.396
429	243.387
430	243.406
431	243.378
432	243.399
433	243.389
434	243.391
435	243.399
436	243.365
437	243.375
438	243.376
439	243.361
440	243.391
441	243.415
442	243.389
443	243.386
444	243.433
445	243.399
446	243.431
447	243.407
448	243.42
449	243.379
450	243.379
451	243.39
452	243.39
453	243.39
