Frame	Volume
1	709.021
2	709.206
3	693.93
4	706.254
5	700.416
6	698.146
7	697.828
8	702.373
9	703.063
10	698.962
11	701.841
12	699.836
13	701.072
14	699.71
15	701.143
16	701.036
17	701.959
18	701.577
19	701.803
20	701.088
21	701.056
22	701.371
23	699.595
24	702.815
25	701.803
26	701.879
27	701.019
28	700.527
29	701.343
30	701.298
31	701.305
32	701.486
33	700.719
34	702.141
35	701.292
36	700.821
37	701.289
38	700.519
39	701.251
40	701.17
41	702.737
42	701.921
43	700.935
44	701.297
45	701.835
46	700.677
47	701.974
48	700.014
49	700.877
50	701.515
51	701.509
52	701.257
53	701.628
54	700.683
55	701.539
56	700.806
57	701.612
58	701.517
59	701.657
60	701.357
61	700.743
62	701.562
63	701.189
64	701.175
65	701.057
66	701.094
67	700.823
68	700.986
69	701.098
70	701.345
71	701.146
72	701.616
73	701.164
74	700.672
75	700.883
76	701.075
77	701.181
78	700.783
79	701.252
80	700.855
81	701.177
82	701.718
83	701.12
84	701.554
85	700.755
86	700.551
87	701.481
88	701.125
89	701.945
90	701.566
91	701.032
92	701.132
93	700.403
94	701.559
95	701.391
96	701.155
97	701.203
98	701.171
99	701.306
100	701.097
101	701.261
102	701.332
103	701.442
104	700.889
105	700.767
106	701.045
107	701.276
108	701.078
109	701.112
110	701.34
111	701.271
112	700.918
113	701.524
114	701.302
115	701.109
116	701.371
117	700.752
118	701.079
119	701.393
120	701.033
121	701.358
122	701.167
123	701.13
124	701.255
125	701.188
126	701.179
127	701.397
128	701.299
129	701.049
130	701.128
131	701.22
132	701.192
133	701.303
134	700.736
135	701.01
136	701.286
137	701.524
138	701.391
139	701.279
140	701.23
141	701.22
142	701.34
143	701.193
144	701.187
145	701.337
146	700.901
147	701.044
148	701.279
149	701.197
150	701.16
151	700.998
152	700.968
153	701.069
154	701.364
155	701.518
156	701.04
157	701.257
158	701.182
159	701.246
160	701.25
161	701.439
162	701.228
163	701.301
164	701.121
165	701.385
166	701.345
167	701.089
168	701.26
169	701.111
170	701.435
171	701.316
172	701.145
173	701.276
174	700.879
175	701.324
176	701.32
177	701.434
178	701.187
179	700.929
180	701.144
181	700.758
182	701.317
183	700.998
184	701.177
185	701.114
186	701.147
187	700.965
188	701.119
189	701.429
190	701.2
191	701.178
192	701.136
193	701.486
194	701.162
195	701.053
196	700.855
197	701.043
198	701.183
199	700.859
200	701.374
201	700.885
202	701.245
203	701.098
204	701.038
205	701.406
206	701.366
207	701.056
208	701.068
209	701.164
210	701.077
211	701.088
212	701.038
213	701.319
214	701.162
215	701.059
216	700.987
217	701.399
218	701.244
219	701.226
220	701.201
221	701.266
222	701.201
223	701.137
224	701.122
225	701.209
226	701.308
227	701.069
228	701.245
229	701.187
230	701.215
231	701.212
232	701.175
233	701.155
234	701.188
235	701.263
236	701.173
237	701.293
238	701.107
239	701.391
240	701.215
241	701.12
242	701.088
243	701.126
244	701.249
245	701.169
246	701.264
247	701.401
248	701.156
249	701.139
250	701.066
251	701.331
252	701.273
253	701.183
254	701.209
255	701.223
256	701.198
257	701.167
258	701.268
259	701.499
260	701.282
261	701.21
262	701.268
263	701.19
264	701.171
265	701.368
266	701.234
267	701.203
268	701.242
269	701.322
270	701.231
271	701.129
272	701.16
273	701.175
274	701.215
275	701.195
276	701.304
277	701.169
278	701.204
279	701.051
280	701.018
281	700.993
282	701.31
283	701.309
284	701.193
285	701.171
286	701.143
287	701.172
288	701.195
289	701.272
290	701.076
291	701.137
292	701.205
293	701.137
294	701.375
295	701.241
296	701.242
297	701.175
298	701.149
299	701.248
300	701.116
301	701.096
302	701.032
303	701.141
304	700.974
305	701.242
306	701.168
307	701.116
308	701.29
309	701.188
310	701.197
311	701.178
312	701.15
313	701.093
314	701.174
315	701.162
316	701.249
317	701.202
318	701.168
319	701.174
320	701.211
321	701.298
322	701.167
323	701.197
324	701.197
325	701.193
326	701.311
327	701.169
328	701.186
329	701.221
330	701.131
331	701.122
332	701.084
333	701.238
334	701.152
335	701.169
336	701.196
337	701.16
338	701.235
339	701.162
340	701.193
341	701.141
342	701.149
343	701.173
344	701.213
345	701.146
346	701.199
347	701.167
348	701.186
349	701.188
350	701.188
351	701.16
352	701.164
353	701.208
354	701.183
355	701.186
356	701.164
357	701.184
358	701.199
359	701.226
360	701.182
361	701.136
362	701.173
363	701.133
364	701.182
365	701.197
366	701.136
367	701.159
368	701.205
369	701.168
370	701.205
371	701.138
372	701.221
373	701.119
374	701.17
375	701.149
376	701.119
377	701.2
378	701.225
379	701.204
380	701.187
381	701.179
382	701.268
383	701.193
384	701.167
385	701.18
386	701.193
387	701.254
388	701.176
389	701.155
390	701.205
391	701.178
392	701.179
393	701.218
394	701.148
395	701.123
396	701.201
397	701.21
398	701.242
399	701.215
400	701.154
401	701.166
402	701.203
403	701.176
404	701.206
405	701.19
406	701.179
407	701.188
408	701.159
409	701.19
410	701.183
411	701.186
412	701.217
413	701.199
414	701.207
415	701.162
416	701.167
417	701.205
418	701.241
419	701.204
420	701.165
421	701.177
422	701.171
423	701.187
424	701.238
425	701.222
426	701.182
427	701.185
428	701.197
429	701.198
430	701.213
431	701.181
432	701.215
433	701.222
434	701.166
435	701.166
436	701.155
437	701.178
438	701.204
439	701.133
440	701.151
441	701.234
442	701.171
443	701.213
444	701.23
445	701.215
446	701.251
447	701.205
448	701.149
449	701.186
450	701.169
451	701.192
452	701.192
453	701.195
