1			-1.0474E+05
5			-1.0477E+05
10			-1.0484E+05
15			-1.0496E+05
20			-1.0519E+05
25			-1.0530E+05
30			-1.0540E+05
35			-1.0545E+05
40			-1.0548E+05
45			-1.0551E+05
50			-1.0554E+05
55			-1.0558E+05
60			-1.0559E+05
65			-1.0562E+05
70			-1.0565E+05
75			-1.0567E+05
80			-1.0569E+05
85			-1.0571E+05
90			-1.0573E+05
95			-1.0575E+05
100			-1.0577E+05
105			-1.0579E+05
110			-1.0613E+05
115			-1.0624E+05
120			-1.0630E+05
125			-1.0639E+05
130			-1.0640E+05
135			-1.0644E+05
140			-1.0650E+05
145			-1.0663E+05
150			-1.0666E+05
155			-1.0666E+05
160			-1.0669E+05
165			-1.0671E+05
170			-1.0677E+05
175			-1.0680E+05
180			-1.0681E+05
185			-1.0684E+05
190			-1.0687E+05
195			-1.0690E+05
200			-1.0692E+05
205			-1.0692E+05
210			-1.0695E+05
215			-1.0697E+05
220			-1.0701E+05
225			-1.0703E+05
230			-1.0703E+05
235			-1.0706E+05
240			-1.0709E+05
245			-1.0711E+05
250			-1.0713E+05
255			-1.0713E+05
260			-1.0715E+05
265			-1.0717E+05
270			-1.0720E+05
275			-1.0723E+05
280			-1.0723E+05
285			-1.0726E+05
290			-1.0728E+05
295			-1.0730E+05
300			-1.0732E+05
305			-1.0732E+05
310			-1.0734E+05
315			-1.0736E+05
320			-1.0738E+05
325			-1.0742E+05
330			-1.0742E+05
335			-1.0744E+05
340			-1.0746E+05
345			-1.0748E+05
350			-1.0751E+05
355			-1.0751E+05
360			-1.0753E+05
365			-1.0755E+05
370			-1.0757E+05
375			-1.0761E+05
380			-1.0761E+05
385			-1.0763E+05
390			-1.0765E+05
395			-1.0766E+05
400			-1.0770E+05
405			-1.0770E+05
410			-1.0772E+05
415			-1.0773E+05
420			-1.0776E+05
425			-1.0777E+05
430			-1.0778E+05
435			-1.0780E+05
440			-1.0782E+05
445			-1.0783E+05
450			-1.0787E+05
455			-1.0787E+05
460			-1.0789E+05
465			-1.0790E+05
470			-1.0793E+05
475			-1.0794E+05
480			-1.0794E+05
485			-1.0795E+05
490			-1.0797E+05
495			-1.0798E+05
500			-1.0802E+05
500			-1.0802E+05
