1			-6.9861E+04
5			-7.0319E+04
10			-7.1347E+04
15			-7.3133E+04
20			-7.5944E+04
25			-7.9519E+04
30			-8.1317E+04
35			-8.4788E+04
40			-8.5665E+04
45			-8.6448E+04
50			-8.7164E+04
55			-8.7769E+04
60			-8.8735E+04
65			-8.9221E+04
70			-8.9676E+04
75			-9.0013E+04
80			-9.0397E+04
85			-9.0734E+04
90			-9.1040E+04
95			-9.1352E+04
100			-9.1744E+04
105			-9.1914E+04
110			-9.2866E+04
115			-9.4840E+04
120			-9.5501E+04
125			-9.6149E+04
130			-9.6153E+04
135			-9.6476E+04
140			-9.6771E+04
145			-9.7307E+04
150			-9.7576E+04
155			-9.7581E+04
160			-9.7792E+04
165			-9.7972E+04
170			-9.8242E+04
175			-9.8486E+04
180			-9.8493E+04
185			-9.8666E+04
190			-9.8775E+04
195			-9.9047E+04
200			-9.9245E+04
205			-9.9250E+04
210			-9.9435E+04
215			-9.9535E+04
220			-9.9732E+04
225			-9.9840E+04
230			-9.9845E+04
235			-9.9960E+04
240			-1.0004E+05
245			-1.0023E+05
250			-1.0037E+05
255			-1.0037E+05
260			-1.0052E+05
265			-1.0065E+05
270			-1.0073E+05
275			-1.0084E+05
280			-1.0084E+05
285			-1.0094E+05
290			-1.0097E+05
295			-1.0130E+05
300			-1.0161E+05
305			-1.0161E+05
310			-1.0187E+05
315			-1.0196E+05
320			-1.0205E+05
325			-1.0210E+05
330			-1.0210E+05
335			-1.0215E+05
340			-1.0219E+05
345			-1.0237E+05
350			-1.0258E+05
355			-1.0259E+05
360			-1.0276E+05
365			-1.0285E+05
370			-1.0290E+05
375			-1.0293E+05
380			-1.0294E+05
385			-1.0297E+05
390			-1.0299E+05
395			-1.0318E+05
400			-1.0334E+05
405			-1.0334E+05
410			-1.0349E+05
415			-1.0355E+05
420			-1.0361E+05
425			-1.0363E+05
430			-1.0363E+05
435			-1.0366E+05
440			-1.0371E+05
445			-1.0375E+05
450			-1.0405E+05
455			-1.0405E+05
460			-1.0414E+05
465			-1.0417E+05
470			-1.0421E+05
475			-1.0424E+05
480			-1.0424E+05
485			-1.0427E+05
490			-1.0429E+05
495			-1.0434E+05
500			-1.0442E+05
500			-1.0442E+05
