#
0.011659732119662545
-0.02028422252449885
0.0025799842974005304
0.005651040070772002
-0.02858488960275125
0.021706118582460434
-0.008050680712022095
0.013796112004775552
-0.0264044719751353
0.014260445265216769
0.008664960062660763
-0.0018653751141246332
0.013158460073499452
0.027778464074438132
-0.022433542310629356
0.018796793779831088
0.012357991879501288
0.015082261883837109
-0.06844517805817082
0.03217875184107175
-0.03646048907137746
-0.05125381005952057
-0.005801412329466558
-0.012744160434162266
0.11585667006807644
-0.10481064210206786
0.0760908197790857
-0.014061576409133204
-0.018726953881663854
0.029621641697471106
-0.03131122264514313
-0.0076335308833369395
0.03328844405955344
0.03716062126068806
-0.03233783632893422
-0.017462963662179788
-0.015099644745739889
-0.019447994166409792
-0.02940315726794391
0.002140776061656224
0.025075826367378713
-0.04850603882402359
0.007932998058341805
-0.01945677677758926
0.024977213474142893
-0.012204525320179311
0.014194382576689625
-0.02617292599514442
0.0016379289429620072
0.005744530303441028
0.030240918147959202
-0.15582074146123312
-0.14128813890911154
0.17847384589790952
0.07408564489780949
-0.15193604394850574
0.24936565873010175
-0.33758184015838005
0.07931909559876452
0.10041823002236303
0.017980933203217527
-0.026284207097359315
0.023231045065156053
0.0033750844571407645
-0.05729264461667056
-0.045655303186100664
0.01543527503865247
0.027295945630977064
-0.008347514600552823
-0.008893539322012456
-0.040347526830112564
0.022085593664982632
0.008553171115250816
0.0010526331155594317
0.012637970321757709
0.010449800762388235
-0.00994688672473689
0.00023636407477253043
0.005597514847321398
0.026097660780478787
0.01480790125302172
0.11369959036629482
-0.2711065553105209
-0.19970701192239734
-0.013134891897575968
-0.017331019139559607
0.06485037937406524
-0.1760444337219555
0.02498452166766184
-0.034369140219802474
0.026984735738184717
-0.01631393724075775
-0.022177325059281345
0.0068612359837496376
-0.00917493134474249
-0.014873103349250495
-0.011650145952196034
0.033128881852149024
0.008332730495262402
0.009558092664715476
0.002412250452686961
-0.05464749777529131
-0.02756200447921542
0.007167765133680758
0.009264948984433866
-0.0094580152131385
0.005223172952209613
0.019274144181159164
0.003155264994393523
0.018165570827106296
0.01579733923878285
-0.029217111910977034
0.036408053743484395
0.013173982841527796
-0.036699969156355976
0.02665669259179977
0.022469682010987604
0.030304242894266226
0.01136721241883723
-0.019451077907612142
-0.04232600480635996
0.01005675377251616
-0.03750122273164191
0.0020964477149199353
-0.01861406441494084
-0.003887851499425359
-0.013241368389845532
-0.00941672178785073
-0.02066903183270351
-0.02232804870789099
0.024024778816187583
0.006704891388861033
0.020230513707403457
-0.003297306370802806
-0.008322579645646026
-0.004613946304746657
-0.017329884779568348
0.04140556796008895
-3.137785757156196e-5
0.01885374358665378
-0.011496880491363045
0.014803117514582229
0.024034943557457673
0.015532233279196495
0.001623364535220399
-0.030599950420358416
-0.006677625733339581
-0.007176266718702598
0.019392033375187363
0.017483180373671012
0.024957453098905395
-0.0105792922833588
-0.01347797678078204
0.015101885948766535
0.022245946637824022
-0.0035717825633139163
-0.017905923775886158
0.0017810991259857895
0.011949435681717125
-0.01596699123682112
-0.014062448454143221
-0.012795183219537685
0.015581011114193941
0.0009604896769941824
0.01024618895353493
0.027055270578402187
-0.03422346115544575
0.026064792516437365
-0.00618057030191166
-0.010728431737756177
-0.023616269396469762
-0.003826802395577166
0.01371203948050531
0.020557687118892387
-0.008266453810550611
0.011505725328344922
-0.01298222135064172
0.03835096078457312
-0.0036912926698082485
0.009305243427138824
0.021688305562403726
-0.015628442503671243
0.02139378814327168
0.014720003380585073
-0.002056341898233045
-0.015321389657077791
-0.009502128981014142
0.005302821016344669
-0.0003320517587721597
0.032771315385712034
-0.014523995928814603
-0.023437042933172336
0.001150128291474068
-0.020909571107241752
0.0013629949638399692
-0.017373777626475663
0.019716118351440364
-0.02283647466309046
0.03586084871008604
0.048540679826982035
-0.001538676410320303
0.055938130767580405
-0.0022847567753790333
0.0013581269635419336
-0.03223412810485169
-0.04016037648878969
-0.008271418691422247
-0.036940418984414865
0.024534375171792126
0.001507994713660836
-0.019783494309448636
-0.02725674292376807
0.006920633520784509
0.014601365923795361
-0.030741978948778132
-0.01992772615352624
-0.003509600856625839
-0.002338507169397627
-0.025392493238887506
0.023355869044393705
0.0023994360945243827
0.013802790633990175
-0.04398399051978774
0.031449636079088704
0.022002988360490854
0.00546411787932076
-0.0019355909590043864
-0.029079015699016466
0.006168578998854779
-0.011918054689871626
0.01912205664769871
-0.014411512419470113
-0.024820217492854926
0.035026830299883564
0.04468813831896381
0.02890624199752047
-0.016502762595179774
-0.0059579554397167075
0.051001054448797684
-0.002013764041435318
-0.021176424760752075
-0.021348221658353175
0.00195900713265213
0.009525837164597532
-0.007490353850045382
-0.005066971422215959
-0.03500434241058096
-0.02292615788799672
0.0018356913598529744
-0.008830196766177951
0.010524276173106714
-0.006837371290547196
-0.017785009677994592
-0.0009287278382649536
0.02312866291257965
0.0152674177969034
-0.014420343443160188
-0.002978438094024479
-0.03145499190519536
0.015875811022790655
0.030927617224614488
0.06617434831534252
0.029319095381615288
-0.033159438254739125
-0.011334582480561416
-0.010032193338804668
-0.03765263523270508
0.01791050921048158
0.03514686360979467
0.0156591141179422
0.032323939522959345
0.010095849573205607
0.0010936408538303577
-0.027179141791954648
-0.009533174555873877
-0.004627190624027951
-3.63090699193882e-6
0.008011807178841479
-0.03033137470319696
-0.02014485025047872
0.01748832463704196
0.03715519339544521
-0.006019542223749784
0.021810472853046835
0.0045993566402754895
0.010457261415589213
0.00857576522000433
0.04255906381910067
0.011607456696041485
-0.028079910703830556
-0.03225470399231005
-0.0056174812901016655
-0.01340857962191665
0.02591687351897219
-0.00727852450829736
0.027357578948046295
-0.0013675003788864353
0.01793281126326453
-0.003991357051443005
0.009133512278316202
0.028284536916022538
-0.014056424268368329
0.0035895321346924814
0.01977999773918615
0.0302364886680518
-0.08327612042130324
0.12116532889299121
0.19311500793627215
-0.2849241087594503
-0.08717076522304029
0.06278121186281964
-0.01687447245033109
-0.0009909537774135217
-0.022267044358693006
-0.005912260825856865
-0.018979692349162157
-0.008772249136476458
0.019251892143777417
0.008592174527472733
0.0344267563422729
-0.00909388185641276
0.03187661637646464
-0.003251404578626735
-0.0073332520026740955
-0.01464478240819045
-0.014203499074111078
-0.031487510391106394
0.025873534506320107
-0.012629701718087681
-0.00028230884755077305
0.009646618659430591
0.026533264789513872
0.02217427700352557
-0.013210720876670556
-0.01883246517339718
0.007724727035906172
-0.007224703451702394
0.019081380949664627
0.023977176427786597
0.029913175263199095
-0.01646914016635504
-0.000447002745203744
-0.031424992023465166
0.017151442501627305
0.02759496925893011
0.031239243206883587
-0.047569802252632916
-0.012797944322518948
-0.022232023628984413
-0.01312587913184541
0.01181222669018795
-0.034148071219566985
0.010808051810946372
-0.0052536705799654995
-0.015344083887299447
-0.06397635231009967
-0.022742455983919347
0.02861618821403331
-0.00726742913997984
0.029379064617833704
-0.0016065972372821468
-0.0038615385257426155
-0.0012717011603236134
0.011004392800703318
0.010740205637251268
-0.05876509906956151
0.002239164505107535
0.005534719741713976
0.005885449375923298
-0.010297496212687053
-0.004753483332721643
-0.012200205281511996
0.02948977585749206
-0.002575991567086505
-0.05507646904636647
-0.02978316708169774
-6.814558749153408e-5
-0.02435155259454131
-0.01838629956344709
-0.03165476789604725
-0.010810204846686648
0.0011320800275645007
0.008350240650345923
0.010107826396709804
-0.020298919764663758
-0.00831796350762051
0.015296955599969986
-0.028889964965004775
-0.045106656740595594
0.029794049034667515
0.03724782553346884
0.031179087890709115
0.03386940590409522
-0.0273480371305058
0.025176089576135558
0.012910412741960205
-0.0029676348851958474
0.004522607349056831
0.006560102984751859
-0.0042078387434294805
-0.011240499242744922
-0.005913481369197673
0.020721997016535508
0.006373080762843682
0.0018888560343436193
-0.001129199243673857
0.18450642384966526
0.005450728474991145
0.02632878870666743
-0.008777836829966829
-0.007155246465234298
-0.01666796311869648
-0.04282980657909638
-0.05996630445540968
0.019108365440381667
0.08656579281688456
0.11453885790430968
0.11488153550353686
0.06785380180517216
0.17617962026422224
-0.024093907620511404
0.0004967167017759542
-0.007874546411852005
-0.00041990470674612335
-0.033559883242300845
-0.011547550546184376
0.16725550080494644
0.043713579232880176
-0.11837799781844836
-0.02883375627494138
-0.005197170786254059
0.020718042358841855
0.04781918390590206
-0.039974066208293794
-0.0014727079236341984
0.014266545072755578
0.03479442207220592
-0.007868929021810644
0.03613522033224895
0.018545426813199806
0.003962643456862582
0.004868494254552308
0.00988163536539345
0.0023634766477570526
-0.03764683162134756
-0.008796789623958362
-0.011070935576525243
-0.00813685437183284
0.01763451099848192
-0.002051955587891673
-0.011276774162810952
0.005730954160866877
0.0005873370402391409
0.029999572609920262
0.024777687931831816
-0.05958931542195022
-0.007847063712722079
0.004363140847085698
-0.018901964343004757
