-0.008173303708784689
0.024302808210635855
0.018939695785267843
0.022554571696077202
-0.003447889735614724
-7.384525579596997e-5
-0.01519219341845744
0.008122338550331119
0.006806245501925776
-0.005770855251981258
-0.0020002519953760786
0.006990235532482471
0.00948562242673066
0.017510422118009957
-0.023649191517983604
0.016968098716851992
-0.008494290653419823
-0.021033385760219764
0.020294780822891635
-0.03707732363416258
0.007220817405713094
-0.003985157224949886
-0.01546903905711841
-0.009977770767207652
0.004021260479350502
-0.016521670225520268
-0.011450512371375697
0.01108389003895683
-0.0067069339553673364
-0.002782979810218233
0.011322288195820533
0.001825624391772222
0.0103876262769634
0.01677184944466441
-0.01756187358686561
0.010479725833345862
-0.005788071797894681
-0.0008393770238898438
0.006287682835078774
0.013605586232940685
-0.002892174207227287
-0.021086029334438604
0.01086867813332911
0.049710304249027726
0.01760858262046956
0.013434028725147179
0.021529226062806522
-0.017391295487525354
0.03892703136116048
0.0016119577226855304
-0.018390981797262985
0.052380631805500545
0.011878192437159686
0.022989421098163328
-0.034800224173686806
0.005323025536192284
0.004175403290644853
-0.007134575795825767
0.012239158687595819
-0.003757976172469385
-0.011428262509696425
0.024370514711663682
0.014466509877384839
0.013479853636031812
0.03682210304271757
-0.006172978757585554
-0.044207502843699266
-0.011854253030015792
0.003277493523781115
-0.00995762566133913
-0.032636420256453906
0.0004150190227392935
-0.013297546727419726
0.07414663392078209
0.11008712441037886
0.018992783906600533
-0.018993761087569963
0.011974433684967409
-0.028523363846376968
-0.01743054077617426
0.016022783760053325
-0.2704919512571438
0.03943839977157831
0.1449760053497237
-0.0664461751383733
0.015153868730530566
-0.11826608293678685
-0.06495309621932219
0.001950771253372551
0.006137476079972505
0.008715831092091099
0.004013682556692471
-0.009454489086214721
-0.11918982784964123
-0.1581953229721594
0.08843427647092972
0.014962305468798917
-0.03965096636950409
-0.01064156200365432
-0.052524693112639506
0.03339092011012221
-0.00445752917617729
0.026465428115504057
0.01422880403433273
-0.014988455638252626
-0.013425389618567762
-0.0047737661632587915
-0.003936006909431204
0.014962010449158705
-0.027939416572772567
-0.030021758943534028
-0.008372664377856382
-0.001954069979998815
0.005530087567481216
0.03574470922351572
-0.00565415755048713
0.02322131470851967
0.003595465398325936
0.04425479940127911
0.0009576028313765373
0.006901071765312085
0.004148249606975358
0.025003580123264205
-0.005397357912025983
0.03184017026944977
0.05616977834188857
-0.009244767438789978
0.01637435026031683
0.030353262412716107
0.0023716551373906478
-0.005008341854620771
-0.020672399260955314
-0.007731116527592534
0.01879313368700043
0.024510407984787496
0.014716985316349821
-0.026843037714748278
-0.014563031035197668
-0.05272524128353428
-0.08795475411537705
-0.14841153191410508
-0.04167304865807491
-0.056014727847309306
-0.3224644805961893
0.20025360023709876
0.12068447277189685
0.018190228472237124
0.08059283335144213
-0.0951188791757479
-0.20150250013358464
0.004344517302658816
-0.04104346658679501
-0.0011045515963779486
0.036224526615931944
-0.04709343703327714
0.013706188644651418
-0.006533392407160308
0.0024533522596751766
0.007949911455435789
0.029981249685694406
0.047608443640060755
-0.023586406278406212
-0.017706627872077114
0.028595726407768723
0.032841058702027734
-0.009232986763938139
0.024609245240341967
0.009667950776020357
0.011466204301032972
0.00625023990129366
-0.030615879604260245
-0.009551328185129474
-0.03820255241641362
-0.014344497296186195
-0.022316615337478467
-0.021862762477507968
0.010403189090345204
0.016146976481702654
0.006909959549475134
-0.002555620282465456
0.00627114759389105
0.025887148651986915
-0.0037678964947989073
-0.02671262917082076
0.01343463468807602
-0.0018746117072533164
-0.008189953433874969
0.028251193041924832
-0.01685244494867968
0.012655707658433263
0.019087053509409316
-0.005095232922744523
-0.004238008338725909
0.02221565922471085
0.011790326060184077
0.01389579173962883
0.029370440248541893
-0.0014830844856521912
-0.028073865426602503
-0.028428692942868258
0.029394361192866578
0.012235687684729199
0.007482429371746998
0.02248998991927686
-0.011867186454436705
-0.02439630909819376
-0.021494056167504372
0.029149950615943682
0.028886527059135927
-0.002432574717105081
-0.015180997359309048
0.014388072852336377
-0.003575055365902972
-0.013476416208366053
0.01796241661267054
-0.011133797967614396
0.00777815167348407
-0.002408430172439876
-0.009879203543174104
0.02521124989529488
0.03910267078923742
0.0016649116074728611
-0.010433513602796825
0.008950892288358952
-0.019558895359361714
-0.017106809184900425
-0.022736817717437303
-0.009571466957227364
-0.01060796631782103
-0.003150486799331423
-0.014349388606636251
-0.02117623531678725
-0.011114059333557245
0.025914429423524336
0.0049871603264383425
-0.030234678827207182
0.02049547316398225
-0.016987980074056837
-0.020473138206789258
0.02715072130773053
-0.02949970035728907
-0.0057031281908736745
0.0035681172658987887
0.005000150053508014
-0.005715344808249866
-0.017761076190375206
0.008541805424009893
-0.03124231961930008
0.04858277757981179
0.09440702811641649
0.02284202935642582
0.17082932215430363
0.012198351631823538
-0.019961069317939045
-0.01798134418387293
0.0035565588191308023
0.012308295134378425
0.030244494062427792
-0.024539870746023724
-0.015246480737081302
0.03493470474833335
0.013420661009611616
-0.009155514951075314
-0.0064860883477223415
0.010934838730475143
-0.011435454079346711
-0.017313139372064964
0.0058442948244277065
-0.01765025888396391
-0.02347055657195917
-0.020335463490907986
0.012042174316117395
0.013259120018742802
-0.019723560813014712
-0.0036780323975064647
0.025044114676438366
0.005441905548290003
-0.005229060714264442
0.02200679551445146
0.016918573943704978
0.006177994968435872
0.01427133630359769
0.016961985576863767
-0.0046229951369612405
0.015461402949607773
0.01607932477314872
-0.01848390831202651
0.013956069649148053
0.013744498713088924
0.005468038748236705
0.010719859894725035
-0.04826738620770544
-0.013692075135034116
0.03975259391883864
-0.00757676022302795
-0.024293792344279842
0.010330347153811321
0.006385665485401666
0.003366029834717079
-0.053111164459787676
-0.0020261320617742736
0.01993137784477753
0.019684029972808853
-0.004917810411764969
-0.028582407456064246
0.04616406856561979
0.013302041402619723
0.001852280650544734
-0.03414283144718286
0.023791955962873985
-0.004486302295522971
-0.005758785996429991
0.016678300567226908
0.004986590650000999
0.0050755220420253
-0.044721692826445
0.016173850209482896
-0.015363662561443196
-0.10666229629891849
0.1277719661027754
-0.13803803047954774
-0.003301428568343665
-0.03738492159453327
-0.024883640869265564
-0.02139682219913974
-0.04394353730928975
-0.012687897899702242
-0.022550021868094572
0.021265699138484237
-0.0013424447906541645
-0.01301730461396013
-0.04479375534208164
-0.013483252500369063
0.0011930987604891787
0.0240738414047398
0.017118861738222014
0.01631826809000123
-0.007353366014543998
-0.06010505916378992
0.014660651749326794
0.008156174050375841
-0.011054735864549603
-0.0012780419136272226
-0.035134138791208164
-0.007010541509606481
-0.011705080248010449
-0.022715940358834615
-0.004354669353579551
-0.009310461775593177
-0.011181416688302945
0.011760934640206491
0.00836944294363491
0.008481439733936167
0.03660361242905673
0.03560060304307997
0.0029561622709366594
-0.004178560048472455
-0.03528801893097486
0.0059056485342661455
-0.022662362992718316
-0.006939023455896949
0.02297461697038608
0.012919599133446842
0.02551641938317136
-0.01097362868143754
-0.006780835293634424
0.011869545382397952
0.025099538852615497
-0.0066742281834439995
-0.12698153842944693
0.034778089396016634
0.012393205722563565
0.009421543860665746
-0.007096833856175592
-0.0204656611444058
0.0014061679279441597
0.028547349174051675
0.0360288852177439
0.013297862836498581
-0.09047870959264925
0.19901008480015886
0.00948055702701135
0.0009845802239288118
0.04310098255330407
0.07528295827190426
0.05403571231222422
0.06346729024596286
0.03160634385578135
0.03877123029109993
0.02655648980866164
0.038137778507938216
0.1562893898120483
0.002536333146570112
0.00976815422298162
0.023852222880811083
0.020694270021351997
-0.04092745472322745
-0.033429327248070045
0.009259898735089414
-0.025083814320977605
0.00873420930091963
0.0044409768764986325
0.03554816967308458
0.0160388074276888
0.0002525167389443356
-0.010605001292529025
-0.004565619704489791
0.01564264136984338
-0.01268204568307162
-0.03492648775154691
0.023667014599034055
-0.018447436158326298
0.06781263656087787
-0.04715257357050264
-0.030313373730463337
-0.017518471870824826
0.03812302602868577
0.027300099048729515
-0.03139850484073485
0.0008835947435154152
0.020332038898368526
0.02262225196423062
0.010174987101417734
-0.036781471215818366
0.014998476201584988
0.02838705373291952
0.0035716891876044535
0.02367382882152708
0.012507918732810486
-0.0062376417910150785
0.03400734821324281
-0.003381170510934576
-0.00331178261399781
0.002544095391987486
-0.01283684901843696
0.1437414205321687
-0.07898264849355867
0.030276349765591636
0.019243760768868065
-0.03744186360188521
-0.04018167058643
0.11349236359569112
0.05494449748541587
0.019013680968581016
0.1254374537320202
-0.182166935249982
-0.06695311401328868
0.021122291965215444
0.023592683857694034
-0.009319845687668537
0.03155818335388063
0.024354422632151988
0.0002750038155794301
0.004831898297916154
0.013520868025880591
-0.0266861931857193
-0.00019927686920366544
0.01313304060577966
0.011522144379639923
-0.00990348487685553
0.008531280878473374
-0.006831310350033013
-0.020905391397096674
-0.029215312275744105
0.008061581517491832
0.0016724258401815478
-0.029401944872494205
-0.004697397843008213
-0.013120088352237583
-0.016725283524232002
0.010122823762440149
-0.007303606392102056
0.009839830187099866
0.016855021889496842
0.008837782806201894
0.027446943934945848
-0.04033028263878607
0.00011049355976494855
-0.0069672766544832
-0.030636897210557085
-0.030461393614043594
-0.014965100957205033
0.002830120279878352
-0.009401108551155214
-0.0008312874632453045
0.0038879682377704347
-0.002616647045190328
0.030011525548719335
0.00539060118062167
-0.009570775788990526
-0.017773648732690876
-0.010792434375449142
0.01234231062165798
0.01431891947184046
-0.027602955159170287
0.031112474383998497
-0.013448787264258613
-0.032351587972787456
0.004377544646289163
-0.007040191867799761
1.7112860147504554e-6
-0.004846390779763365
0.004660273729774563
0.028769258278461433
0.012135681849795472
-0.023568460064120625
-0.028736618510850853
0.01727312717393423
-0.01237961842415398
0.043041512775230446
0.015226059686516193
-0.028305466490254047
-0.023419219545278668
-0.013101799549521953
-0.008308609688404432
0.013994281835325853
-0.016208566956179112
-0.0052012848559975094
0.016941261123799508
-0.013058411077725962
0.028208262757150746
0.019126378523398286
0.003400517476948894
0.0021171708286847534
0.03344081282078851
0.024217426979398594
0.0037946634654474746
0.0014027035522889385
0.02978015362933742
-0.03398036724047207
-0.020343467928592315
0.011472999957533972
0.027491290148866827
0.0037274428916231955
0.021447167502048822
-0.00035292910985806317
-0.049335464913653114
0.03074212075139561
-0.0014645711122058351
0.01570892338424287
0.003632108514270209
0.012066413890685333
0.021359468340299344
-0.022613732944901578
-0.006150338784449922
0.014187588716859292
-0.1122588373845223
0.1460203779591842
-0.12596190915751726
-0.004134070443600078
-0.0038513008061389093
0.01189479987979504
-0.022916859856527864
0.0021293412853959463
-0.0002975020042560693
0.0037371516750906216
-0.00409040351474204
-0.049431299605448405
-0.0042019146538437935
-0.006938426452762497
-0.01774985883762797
0.012330902991394832
0.0062277402010429694
0.007912748571668644
0.00586598668004134
0.01418948706143644
0.0008960643463174601
-0.03003073343839215
-0.018628570917509194
-0.01270154179764067
0.00869641183552745
-0.030831631276622855
0.010638311284112741
0.007625996029320064
-0.0019671432235393335
0.019701015222818412
0.010157013622084647
-0.013386305929998022
0.009037574649300068
-0.003291251136595458
-0.023964101432648523
0.010487074803722634
0.018550223335408584
-0.0221004220906096
-0.0019865160653546087
-0.032758169368219694
-0.0193086632709506
0.021287149837553525
-0.03593165102298392
-0.01666348090406782
0.02344242345380965
-0.006924975218000625
0.009433768582712321
-0.04637878368955664
