#
0.006803612235247582
0.003463301542701727
0.006052645455338049
-0.02373010525568691
0.02097821894846722
0.015174736916822001
0.00028823809756463027
-0.012550433021480383
-0.020942222688323908
-0.018866788518390472
-0.005834755601148549
-0.0052245370865053615
0.007909625043224658
-0.006852390960457566
-0.005369509468967089
0.003695777331499551
-0.016781197185509668
-0.03770533823306349
0.12566966918894074
0.129667617355991
0.06364421814308059
0.018605646114843836
-0.017440771097679823
-0.005760082357135119
0.008371030215708265
-0.0026176185174399584
0.00400518471661212
0.04305698158429778
-0.003684783743107113
-0.034638188207342095
0.010677606221999007
0.030327152250248905
0.10821189956668799
0.03617190570536392
0.05749110746487011
-0.14796460585914134
0.022053883495645413
-0.01648084370605949
0.0380520147671955
0.015254341317427011
0.07520724615661478
-0.33980917990974574
-0.02504105237140062
-0.007398196746516213
0.014401012791502939
-0.00616128767426571
0.02083247776696049
0.02908063468488541
-0.014272843473857965
-0.0007596384084300631
-0.028381271070185562
-0.0022877071470588342
-0.012399797848522654
-0.005598824272744697
0.005205544748943122
-0.0013833209548735064
-0.03192231898294611
0.0019647012025174448
0.020066850205655462
-0.034087700686350426
-0.002291630198040596
-0.012800459484463888
0.010386105855164546
-0.003182940291111853
0.004296487808627707
0.00964170021390647
-0.017060506382474763
0.02352194121737178
-0.014460106530642596
-0.005735794839783367
0.02998998677336643
0.029015366501449192
-0.01720804008585624
-0.022716001307719058
0.018876310554706247
-0.0009864634433587268
-0.011375825038091756
0.012443069040848227
-0.043280610288160874
0.00983086462067516
-0.003045810410311232
-0.028011084340534786
-0.022806420230841465
0.010229051013289763
0.02656142711010372
0.016525013592849483
-0.020206865516870166
-0.0057546737414633075
0.003703220718551796
-0.032798722106716985
-0.003969175931008375
-0.00503841198414549
0.033969586758337916
0.016683910882059096
0.00664737337546542
-0.024795711205932627
0.13132607387491302
-0.03502962442134904
-0.04043492664253823
-0.014753342389433865
-0.03046139444589871
-7.584723118047073e-5
0.006118656397454425
-0.01725780246409379
-0.001988327107376542
0.012212353243855504
0.003698667396702232
-0.007544529858781642
-0.019353728263158825
0.0007987742920096397
-0.03451412284632168
-0.008418198312651417
-0.007568655713820969
0.0031967180006523144
0.03216580663202492
0.01747249267910174
-0.01689952394462383
-0.0067807278893563345
0.00027634740704633075
-0.01306507286881914
-0.03962588410403785
0.004926239101225536
0.004798343079770396
-0.015072240558547922
-0.05340909365479958
-0.016525015860503093
0.039358720000649126
0.01520513249438622
-0.010569030434385058
-0.015846697169857912
0.005932475349882845
0.00434582629593357
0.012777368848768168
0.03021317040307604
-0.04111246365311144
-0.0350977123622525
0.02147037007494605
0.006128630854140211
0.110278586182605
-0.1008795158022173
-0.05530610005298056
0.006215618873001539
-0.005723817933199166
0.00479595945992294
0.03893132648183295
-0.013337103377049232
0.010139575413005175
-0.024839225507545516
-0.04935215100171359
0.08441371197173284
-0.007211686663038012
-0.02709907801580571
-0.002411802008612192
0.0033023166177296444
0.012065996607892086
0.013987587343842409
0.006383850565397082
-0.009055668472629737
0.034186693074881945
-0.0088940657593116
-0.14162407934147517
0.03541672548892326
-0.027428014089099215
0.014332823379674757
0.015176034175021554
0.009729509752292994
-0.025593228614180438
0.002032001503191478
-0.04556056065356253
-0.0017938164514646234
0.032762153752763326
-0.014029332784646858
-0.02338168355950105
-0.016881126248839116
0.010757752543942376
0.041898225497592846
-0.009228730045311304
-0.03168193342687147
0.0008534931242180231
-0.0009749536015960773
-0.017355667109367184
0.0012336532437853102
0.03401453169247008
0.008856588827076836
0.05107133559339678
-0.019080198019367726
-0.042947881297513646
-0.05916599056223628
0.0014678987360911664
0.0006749422156129125
-0.04270592203516315
0.02845692167817659
0.006389896765113494
-0.016578395835215167
-0.006336284668616002
0.03247876546224424
0.05584754647211517
0.01592388626163205
-0.015124502535971765
-0.05226140668410268
0.018003547807799468
0.0032257430776807296
0.0034755257214405914
-0.012661875318266446
-0.013895411784996417
-0.030875632027197515
-0.010169945651574534
-0.008460831806880868
-0.002229835753680926
-0.0031553492070180047
0.005685258716670964
-0.00687756056044517
-0.005262772954621539
-0.018436968587508065
0.017071623301803673
-0.012173910678907784
0.0007873399265558799
-0.027679679089107068
0.010571540110215334
-0.03190254979794515
-0.015238898498603824
0.0006570828039412567
0.003400788335636672
0.01629180160694652
-0.018096860156702862
0.014471310151124503
-0.001505526583629792
0.012600314567653849
-0.02121184007064753
-0.01944759898926295
-0.016697149197309188
-0.047336486812541746
-0.08029958160749086
-0.20882837179308927
0.018184220427849614
0.022376313710419107
0.0443086370622297
-0.003175604931095411
0.00992258919770108
-0.013258711746071322
-0.007939985732324984
0.0063013313275133
0.003069517525622001
0.020761728589302062
0.03568755882136071
0.01353261425132164
0.029446809385048088
-0.011547997626342022
-0.0220908280234641
-0.00026420748575638566
-0.008564240860263615
-0.0010527233083376544
-0.05510103921562313
0.09376636335103512
-0.020417935565045685
-0.026188010828651468
0.000189995121409469
-0.003600844339790523
0.0028581617587041196
0.021651916950021603
-0.015160296581878913
0.014752107697268748
-0.029548392198114115
0.004809227254231101
-0.01221133674252591
0.013483601660763353
0.019324029644166244
0.015997233093745174
-0.0013561143063281506
-0.013866042898860712
0.0009148296303918541
0.014677891028073148
-0.007287293906980317
9.937151430099897e-5
0.034046937169837505
0.011752510182205378
0.0011408604484392302
-0.017284781265658734
-0.03825710363943976
0.006892941866861399
-0.007872712895045571
-0.004928867085350831
0.011523019054742536
-0.03793543303756054
-0.014570427948857408
0.0024572778099241164
0.006326228736978817
-0.022116062206463262
0.004623874458546361
0.00902628428114471
0.025599990512281914
-4.8940017288788594e-5
3.509540694830726e-5
0.011505316616200913
-0.01236015416213939
-0.02014531425717789
0.05052837920147702
-0.02798344603781724
0.005398576407833526
0.018441832097316254
0.0032499285608522787
-0.023397737632840056
0.011616095176301083
0.011454896038190264
0.004829272788539135
0.006602672767076621
-0.0012496906579419868
-0.005213332222602219
0.006207220289131184
0.01908675700353796
-0.032940367122725266
0.006523262263165941
-0.01885091264852441
-0.0003424737913878106
0.02627574391866385
-0.016140141817398528
-0.0004135003619487556
-0.0018111900899338467
0.013177597716596507
0.01749922898780761
0.0013625937539349369
0.010984050317788636
0.006029265927967178
0.011462748419378721
0.010631310942545361
-0.007878249720584238
0.014274803288047188
-0.03214899271014462
-0.006237997883184534
0.001583963926821735
0.01151562399173793
-0.004270240287531935
-0.007863714830460411
0.0040308240103615325
-0.005761306555235403
-0.01752992429874605
0.0152974752926158
0.023578004306972263
0.013916346514132708
0.023699257318608693
-0.030515390617443443
-0.011684178776331367
-0.010490570115886068
0.042567235732689834
-0.023880282757782124
-0.021369099939629908
-0.01444907107105225
-0.04069118312154043
0.0067624197939456
-0.013011468147708262
-0.014670040834106706
-0.01984865118896983
-0.030431320339531793
-0.04225277230603195
-0.019498060007308488
0.00524723773831661
-0.00875190354125106
-0.0019352157720865636
0.021339049119290784
0.02673541321084315
0.012836724291883025
-0.00994522462488569
-0.00018029821746565582
-0.006935203554950805
0.00023899472418746132
-0.0038750864075836706
-0.027068125399119517
-0.005356969577626601
0.003978674368551318
0.0014519996153298555
-0.00019192203656721678
0.005329246054870237
0.006413265119964473
0.015854021451695795
-0.0014315225557233694
-0.028081814210402983
0.012297359944942264
0.02335051819470586
0.018153120688154438
0.007459305969344659
-0.011150431203060848
0.00043360089548016953
0.007450593272784199
0.043440151519576566
-0.013689010096698428
0.01098314602764496
0.014010533871690928
8.451927660413979e-5
0.012840339620648145
-0.018162098103478352
0.005939553873701343
0.001935834867557831
0.007079754459338898
-0.33579966708520637
0.09015206117420842
-0.021853711454517293
0.08795895807112385
-0.040189089526509604
0.010608088108944936
0.024868443770190568
0.03437717124940778
-0.014128540646716406
-0.03329782307741744
0.011229683760088548
0.03235569419414005
0.004343874265603568
0.001842646881439718
-0.010499457039347765
-0.016550072854395827
-0.008287132363652201
-0.009644061176014518
-0.011494471590438234
0.008037535622147672
-0.022205851859773997
-0.005913014249165481
-0.038273602065630186
0.02029203189929212
0.03152160650626048
0.010710136678262736
-0.0032332670111710014
0.006888027888208796
0.01810394447718904
0.016377132103186736
-0.06750497738666673
-0.08695804828430338
0.01654952944593343
0.08743302550043458
0.11916262151873852
0.4661777391554506
-0.010380544236068405
-0.059786135667329675
-0.060751018881467334
-0.05282084165837798
0.005914250716152999
-0.00780172754158349
-0.011557115737820882
-0.013874068770669837
-0.01423540300222952
0.01471662211128436
0.042415443653291036
0.012407043114210202
0.019559548556342805
0.01587372131549769
0.008281593805493977
0.027119268111214727
0.04207321079159164
0.009361009697291735
0.01107481385976174
-0.02240815481253116
0.014792885415520715
-0.033084836796263895
-0.023580420566543102
-0.0198258650428327
0.028927082905577745
0.013769542940073442
0.013036513566197092
0.0016570519246875727
-0.0026734105015717227
-0.008184085974376396
0.006080634918398299
-0.010175514131657388
-0.001390818679562121
-0.0005435035052772855
0.028225086407454494
0.0029338904325494648
0.015131621041214613
0.011826492070765207
0.003781073275695159
0.028877592811551493
-0.010385093222953145
-0.025748045794383556
0.016808341492973514
0.0016089521088015273
0.014161083254114344
0.020093318587357033
0.004327963823030836
0.004425745015544116
-0.019088114228864826
-0.020238554122146153
-0.014513291195779968
0.028539342290560456
-0.010974789913667963
0.02754896101703836
0.009786495255117026
-0.0004109004189504395
-0.0043210526751615635
0.026605532134052003
-0.003291082326348988
0.025207958109309692
-0.011720824943651105
-0.022713418368246762
0.010726541188653963
0.02082637290671092
-0.005552987054257047
0.03172885745484344
0.01816866978301484
-0.010603791988273176
0.03479256262878387
-0.02454884917965281
0.0009002830758741594
-0.011085957892255326
0.011130406786332182
0.01062968253754808
0.03346581254417402
-0.009381539520842952
-0.010686797798030109
-0.00387947844037947
-0.006437937892446229
-0.007210808409504491
0.0031120035479704107
0.00013951605716449404
0.01898394160400426
0.018526867530654908
-0.00045961927054240784
0.0010655090055196668
0.02065639216601734
0.0014523594185811678
0.028706277933337482
-0.02299365617748778
0.004587587903638786
-0.003089298743899865
0.012213784991755242
0.013045508034364913
-0.00015121412071680845
0.004909670658066915
0.03132866731118525
-0.002426469492483122
-0.004680836519646124
0.009326566240059422
-0.002274935215054252
-0.023646670287005313
0.0006268948363344559
0.0006677399722184609
-0.020549030569167365
-0.003468804164176289
0.016054345491517356
-0.019545622590669224
0.0019052316929734775
-0.012730943696862892
0.02889768073886077
0.005808753885703314
-0.0334068761619213
0.006452740278253948
0.00788375893806703
0.001207758245729093
-0.03256384173804665
0.00706787441584824
0.023709712343095296
-0.011934906020437081
0.03992643865501309
0.01699178416301279
0.010509427987070344
0.012256628710422861
0.025880916802320582
0.021772520605897096
0.006849038273044155
0.05057248456557964
-0.0175917546460233
0.009378468098937965
0.024700200134756916
0.03493982609462367
0.014190364429296023
0.01084428951072931
0.008722050865020326
-0.02800327068277432
0.004220612419727123
-0.008587559623864219
-0.010453818765447685
-0.03672330369401369
-0.01269069206165475
0.014661154142934354
0.02117602731085761
-0.008263952543890877
-0.0009386585665303942
0.015254319596166195
-0.019889571717982266
0.005333778254741507
-0.02223443445851355
-0.008318020800789222
-0.06808411570340715
-0.005334747222478086
-0.003022350115224716
-0.01995471114068917
0.012855491674592961
-0.024292063922740536
-0.011870986832441975
-0.00020765586600743054
0.015920172011465915
0.0011654561025275126
-0.017943353383657476
-0.004739940242640726
0.005825204308796359
-0.017295307075384604
-0.027562963333259523
-0.00880958650680424
-0.017246600843773708
0.022513422040559367
-0.0058023277292737485
-0.021557750329873615
-0.021521238794242722
0.01981391894419223
0.028185033428043446
0.0027717277858096364
-0.0327330910104827
0.041827175255739445
-0.023834769331403247
0.022841377642050624
0.006953714807118009
0.02560006950275031
0.032945896352556646
0.03019457697264918
0.03217652392232355
-0.018314497080036147
0.0007952939406277658
0.02900638775722251
0.014770564475685158
-0.0013525383388044443
-0.03239746502914396
0.02184853518340516
-0.0211922753997383
0.02118225041691356
-0.004423240546566074
0.03521498688102855
0.023349294921436534
-0.0019049617103031485
-0.008229549656783403
-0.01231449359556381
-0.00841674713708018
-0.01486311475999918
-0.014243024404754064
-0.008415204678258384
0.009120021119752164
-0.01217102703721146
0.02210750415096894
-0.007892631932905224
-0.005444863585415994
0.04431517588423164
-0.012971052194720015
0.023602471800845272
-0.011524934548906265
0.021718423017335103
0.0022987967355280804
-0.00769297089195969
-0.0151935330142658
0.019577037023635255
-0.006819717702200242
0.012385838913886957
-0.01717779216646044
-0.005171547764920887
-0.03787425137820443
-0.005163690254676477
-0.016904364323244783
0.005077369640287764
-0.019682224666586347
0.03855593885848309
0.0024474889036200727
0.014271810986619837
-0.025471672678242123
0.0027756850264958467
-0.0222724210470734
-0.025849285579689484
0.01754724747278242
-0.010004795784706753
0.003671604238620333
0.0039020184850256097
0.018864063586173523
0.00509553330952689
-0.00443100939331057
0.005929302758203656
0.033941241507879014
0.05793376538678515
-0.0012282174617783306
0.027532697977864187
-0.04050272671747484
-0.006806229110643872
0.007605122357064744
-0.004189780214882766
-0.003016456348888864
-3.3003454437009706e-5
-0.000855650174328649
-0.013924944885807575
0.026634027991718833
-0.0029635074186466705
-0.02320844658686595
0.002786392082739886
0.01452206902176672
-0.00013654423861173714
-0.0050809227746086184
-0.018308204966581372
-0.0007411383247320972
0.02927693152622732
0.0011117004067282528
0.00533133233651864
-0.0028788635801204397
0.006808896162177717
-0.01352882210721363
-0.02447013067579641
0.020831526929618274
0.01038352898735058
-0.009655690163863856
-0.002824148224025109
-0.013479184557522785
-0.020718468703119382
-0.023496865150433144
-0.007501522608645
0.02510456384072187
0.0130844716329484
0.005792283277869534
-0.015608961746489054
-0.03555007498516396
0.004405065225137155
-0.0122754219481205
0.005868389612455859
-0.009210789693718347
-0.006358794994425888
-0.017280853770540644
-0.00493689928351805
-0.0028173964105898033
-0.0017959993834317008
-0.01065823755936557
-0.011420176559728493
0.01095858405676981
0.009190119689329696
-0.0025194059776357663
-0.0003583944771038552
-0.00582484687316083
0.008942721323368296
-0.004490214010385981
0.0038980449142410117
0.00240679824851434
0.015064022980644933
-0.007866325467973171
0.013906811910026715
-0.021567253353654784
-0.0441937360444464
0.008537665639674398
-0.03350149193806935
-0.01427188842041295
0.0005470732456479724
0.029442758093875483
-0.015032989836905472
0.01948011084347442
0.01399588863859779
0.0323060770806098
-0.0040919998120866495
-0.0035072758090929435
0.0222407357987197
-0.029392776514741963
-0.012276714636713103
0.027685846611263446
-0.015603973026717096
-0.030900702864182027
0.020894063582541266
-0.007371674433279134
-0.005405223152311575
-0.007379899641989846
-0.036057683930925635
0.013857033948036208
0.015573920575695776
0.011453403439518738
0.031261952955732225
0.017530639934463913
0.03618520987903143
0.0031970762125383295
-0.006570754911701689
-0.012693242991230431
8.873977545682945e-6
0.015054888376420158
0.014799646134311208
-0.00015730224503640865
0.014510172781356027
-0.0001796797913090728
-0.011812681071668052
0.0309954780281105
-0.023079768068886945
0.016636188000596495
0.026643336555174292
-0.02019502061314518
-0.004033163619580654
-0.02945307847974142
-0.004169897899927564
-0.00519025904028565
0.010797656102799853
-0.012361665984097284
0.0028912974056704965
-0.0223386207639964
-0.014793212666593357
0.00812284321170053
0.009716132849045695
-0.006241182885548065
-0.007970938715624813
0.03147998477182879
0.004997776034249493
0.00293984610159306
-0.016486239437675715
-0.012916941563116237
0.0014806611402389713
-0.012453398676371717
0.016052679875995672
-0.047979627365681315
0.009750382226011618
