#
0.0036419539222101575
-0.016581819113962695
0.008133397522646083
-0.02395104686871413
0.006663758374767659
0.021225457901123696
0.016995274653443537
-0.0016327802480915871
0.011520955382274656
-0.044554837856321666
-0.032967704420612816
0.003936395470758046
0.025315292726386468
-0.0526246260633706
0.0013738791980437179
-0.0018660871826178724
0.031257832638903416
-0.03755688147416047
0.03541005219219672
-0.02567894419779308
-0.006652788319597862
0.03374162163525871
-0.0510282018064039
-0.029208263042528472
-0.04520868968200547
-0.03678151309911305
-0.02145604343594609
-0.02652509551936152
0.008494180241628072
0.0362362297368926
-0.026338081164792037
0.016461688334781045
-0.010161508225422947
-0.012460253042101563
-0.023783182568681022
-0.017624064894754404
0.013254249778507152
0.02884652484841686
0.011149640919616883
0.035808066104353414
-0.008520897523320001
-0.04024896267453967
-0.03905778877352117
-0.003994031159414821
0.03098932152692559
-0.00031201615267822377
0.04086812330761635
-0.02794167791245856
0.0023851858462216684
-0.003911649613932929
0.007580431814581705
0.010058679003112785
-0.021578445538635912
0.005897631737644089
0.04440803607408769
0.030598801156528698
0.033151534826442924
-0.011763941419352927
-0.013959703384777346
-0.029930940137988776
-0.006303472044906713
0.0027114957335729337
-0.007043904643917435
0.028446979214693528
0.02184607431705447
-0.01566184531076262
-0.024168844136325772
-0.029808611016051822
-0.0034098349877441842
0.007615709506189827
0.02539094672693147
0.022551947330314938
-0.2031811794821273
-0.013836707024519168
-0.030256252002781935
0.013970545612910223
-0.021046780489832842
0.05016752915186205
0.026990703536709047
0.02757300115952987
0.040548697549557464
-0.11170252274271496
0.1279522990630696
-0.022778521239660912
0.005160755755095423
0.01479997197549261
0.028931844470768603
-0.022937279303787896
0.024498572500090604
-0.0389368351274784
-0.03541217819721323
-0.038687164139162976
-0.018020393274344657
-0.07965826941511372
0.009165597661567621
0.010014052829856611
0.01589552264948834
-0.03922719684297181
0.005460940765616463
0.05874432838616557
-0.012657326798350766
0.048110004856063385
0.014957829250843987
0.024222389067793008
-0.01238178849373881
-0.020216234604079963
0.01899321510649226
0.008497953650894379
0.008774626894764614
-0.020077705012437032
0.00955629525284314
0.005468224388007346
0.013023083568404125
-0.0055248798861114124
-0.02598131565486208
-0.003230804525878943
-0.02795592572030904
-0.0019115304804670282
0.013661132626155032
0.025507267141881403
0.008613426269624348
-0.03585109130168777
-0.006946997223669362
-0.040808268091455616
0.0007377114238088227
-0.003557872283130266
-0.02446698775260077
-0.025405440041058394
-0.02634678409992532
0.03582179451948181
0.005477897311371893
-0.014585505738523857
-0.016609784205469446
0.00715286264268721
0.02935642939646356
0.01734948903268557
-0.04113489379494604
-0.01777074724313981
0.013412397903942884
0.05994087801649173
-0.050659287137339346
-0.04199303779816483
-0.023175375775634575
0.04088476333669915
-0.10901926438935895
0.0154199177785413
-0.14868163415526303
0.2075102528103303
0.17150174138330593
-0.11136959155618108
-0.02609590687466446
-0.03863695025759933
0.011186013382471528
-0.05242876068771837
0.018523788579275245
0.04660523433990787
0.031283929362060536
-0.021983633951773742
0.06656823267861516
-0.01299396987366393
0.01421015532441761
0.02094863791860629
-0.03445285383512293
-0.03468153772553355
0.0008323642106668222
-0.014725890636787588
-0.0205592822869521
-0.017694851698546274
0.04477805428027303
0.07049922094498942
-0.03987555622170378
0.011749892628928582
-0.00890821561133148
-0.016721851010167696
-0.01810484045850233
-0.016243577731959686
-0.01650516925934457
0.03421846008493439
-0.02146954999628716
0.0028351919601334913
-0.0068727208996304185
0.019842551210813096
0.014781905200076387
0.04457941385171119
-0.006513920756633181
-0.0026815314269889516
0.033049737417037824
-0.03171161164188054
-0.035603325973657396
-0.010782391881698562
0.022667172006048352
0.000978181510578103
-0.024011993158190893
0.011554086486507324
-0.009487761944784224
0.025754615526530265
-0.002150719252405376
-0.006979295196984026
0.0006941464248712754
0.014038870277133204
-0.04467176830333273
-0.0208131543055463
-0.007031908611634186
0.023951052243392175
-0.0024752115078090203
-0.0027511290621277185
0.01251558577559617
0.040437392280026206
-0.003550966207556229
-0.005557433196354827
-0.015822210417243153
0.04458715470167402
0.009406602191844684
-0.04234300412332842
0.0046877676992202345
-0.0019391559180689654
0.033596557910750266
-0.0020306917630154454
0.03419668356951287
-0.0066819210245546365
0.003408242006218088
0.01113056354935749
0.007042063094197465
-0.010026494756124526
-0.03350509415542983
0.005489228193508514
0.0003110800385092789
0.025013875311545954
-0.048600339048095555
0.039796652961166246
0.04692491579921504
0.01025485239101281
0.006466344716500509
-0.03512843333137455
-0.05695224698467638
0.017065108239020018
0.02092842613198696
0.029995787887508424
0.005736195995523653
-0.00434109011136769
0.04620829584660538
-0.02496579435031386
-0.03104119591492241
0.04232106606148317
0.039018416699907466
0.012660886913027664
0.009025155192596841
0.003081057324316558
0.025448746585469223
-0.010755455318471267
-0.24199631257920756
0.23470357413856727
-0.02579171111298866
0.03373199197058339
-0.029263304865633125
0.03176916825495593
0.006214350982458518
0.0015635768225977786
-0.0004812120043102379
0.0069902601119360905
-0.04376571381408002
-0.030786600579966093
0.03782955960791545
-0.03257839580740991
0.02731727915233666
0.009992106401573612
0.03417291562588707
0.043846180011942626
-0.017562393850985333
0.030960877785084325
-0.029625841414831194
-0.009236437564350053
0.013272703795716089
-0.0084701839183948
-0.01948304930598292
-0.02077631704560452
-0.020958470593772253
-0.016233120786905576
-0.010904763544110777
-0.024219975471839118
-0.03581286929196922
-0.018024615852278977
-0.008001587327081498
-0.015431213180773996
-0.009890902622952944
0.002963669500638166
-0.019843224615188365
-0.04293021329465277
0.030387055856850823
-0.005011863584452286
-0.0005744801374773789
-0.012224028775904177
0.04467700682553309
0.005739215990930177
0.025209100501895752
-0.008291764545101415
0.005582931353884142
-0.02165450745903283
-0.02267255318274427
0.006089261347889733
0.016887356823265084
0.026546310716235342
-0.02097827001905615
0.010454967819998424
-0.023910306375018897
-0.011969233650796348
0.006226018814158684
0.007397908603720034
0.003004402774692926
0.015129332327613756
-0.008282842891726665
-0.00802194969634306
-0.017152328917159256
-0.003054871870306485
0.02963546340895401
-0.0022349390406458695
-0.010762103412510375
0.022792438174852242
-0.01116715816543276
0.01738439983885469
-0.018182694301073478
0.022518452673743253
-0.018145306506260245
-0.021199738028362943
-0.03578477649478329
-0.014081524783773119
0.017580166436579527
0.04047708195590535
0.03508794695611681
0.017470192190092812
-0.0010431459895334646
-0.028733553541589955
-0.0022687009984951206
0.03423764077010274
0.021158348394337757
0.011730468281694969
-0.0014536096864180212
0.022039121595375053
0.021310615590794005
-0.01627083459445731
-0.011968535216584645
-0.00582307253623038
0.012771096259018545
-0.01327668890173455
0.008705014303486878
-0.026293398966658957
0.018345129883371523
-0.01927739391079819
0.002005852041183247
-0.01638802150845572
0.018062539836612674
-0.011686919650560436
-0.01172408800632932
-0.003765202555073287
0.026418678210278233
0.006084560504823596
0.04435113076963048
-0.03066098103359418
-0.025754950724047786
-0.002984572904179592
0.01454923135821773
0.0027453762687472596
-0.003431903560011397
0.019140990289291487
0.019706201375118707
-0.022925471311691335
0.009112369498034581
-0.03342661350453441
0.022216858270797085
-0.09497097991969208
0.21965927261614504
-0.11307423868527533
-0.017139534636017525
-0.02191371217147544
-0.06755429134529524
-0.0441398472299002
-0.01106349788480783
0.22356357492750625
0.20681992499759652
0.10600604647443396
0.16540593314271873
-0.009605175497900645
-0.01799175212928228
-0.04774627667267261
0.03595212035208999
-0.010987988978040857
-0.01791148784316583
-0.016014116261550315
0.019339136690862582
-0.0019397492529881523
0.04937879390464161
0.047043311616958655
-0.006573127881605587
0.02888552304750582
0.017211269706463715
0.011515764760310274
0.006349344848048253
-0.009857199050634851
0.02664521260053579
0.005638057334670703
-0.010060675081557339
0.00341173835897854
0.000895559244447111
0.007647492010505416
-0.011173013420166966
0.024654372526969018
0.008787915321840234
0.005079742774576794
-0.006626001476974555
0.006798822512585755
0.03099735251521959
0.004684105055843249
0.007105719724902862
0.010460693342293553
0.006441778056395789
0.03751922724213273
-0.03349687346696134
-0.01822166682663428
-0.01726151431884862
0.013121425165133418
-0.0342786045926074
-0.018599543764135987
-0.007353638945159798
-0.0017147360126266867
-0.05313195748081559
-0.01858767571650048
-0.03908573782264582
-0.006364376110091916
0.01572392307187975
0.014205672377117918
0.017034607548505252
0.021074639242207406
-0.009474008096486141
-0.029307408070857455
-0.029666341458032944
0.007958996280853661
0.027426742020996833
0.010899560783978662
0.0058665697081797365
-0.016898975789390317
-0.015630800008136984
0.22048576104357606
-0.13458922013254898
0.2082520835361673
0.03956217045808805
-0.1367793119810936
-0.18592290739622885
-0.0010820546322591338
-0.03382978655191023
-0.020638043797383557
-0.031149254485829163
0.027721408308006068
0.02165185084515128
-0.022130526808760067
0.06899154949558838
0.03157913736832964
-0.010873121080915437
-0.004663370715420294
-0.025493906455882103
0.004658883426360601
-0.012347761287433243
0.0037126368505063768
-0.019055161709536653
-0.007164188958399473
0.02890466951511679
0.017587851355778925
-0.01590213022621064
-0.004487691366910009
-0.04039499074560304
0.024710514283722576
9.905436453497464e-5
0.03218444586254939
-0.018319363800340334
-0.012147534030677873
0.003605405856609773
-0.007310519019170696
0.006050374676519583
-0.00532310291911431
-0.005659641769581517
-0.001946734854626048
0.0012566424323599125
0.023139569068517926
-0.024841050056821513
0.009391827122922362
0.020999659321387927
-0.017461629850032103
0.013036451872990903
0.006735976595947641
0.015216438966504913
-0.026073846691134613
-0.03952433274097128
0.006897291633864432
-0.00878070667096718
0.0018771516556104993
-0.004189305511607667
-0.005640600533407857
0.00748972949842695
-0.007892967866724372
-0.01725451276897008
0.011375824856145583
0.001270929260418341
0.02146650516888401
0.002808262982926159
-0.0015905559193215403
0.010960499823172104
0.0011635028498398832
-0.055554860641907955
0.012217794258493451
-0.036387546051358854
0.003001373677815997
-0.021614174149773582
0.0013262874009693248
0.012842237447251988
-0.005173822106951971
-0.0493074089745173
-0.017605693297479155
0.024242878073212182
0.024677882100659458
-0.009113691009828001
0.0007189826408298983
0.019947751518029126
0.048893723818854685
-0.021358125972905505
0.004990926301769751
-0.007605874026676687
-0.03578873758380378
0.004909602628394144
-0.007888515052157314
0.017987178214413275
-0.012298347293989265
0.006391738779480142
0.01628438109987321
-0.017118773839667513
-0.014495159526541734
-0.031102290763256518
-0.0032990687419928205
-0.0408642074735354
-0.016528329296750705
-0.02196298035582623
0.003479138793932426
0.01136881905121063
-0.0069580193496680395
0.00160377025118884
0.012791404873338734
-0.0035436787463726414
0.03346984571269877
-0.011971947481307756
0.011423282054349716
-0.0855254528820972
-0.05019309264747648
-0.01778313944509128
-0.011702569172917787
-0.025767750764276048
0.0013720614293640087
0.00982894873968755
-0.005091168684901634
0.002525935063672766
0.0012828802358306629
0.015180661200807107
-0.03849333841560748
0.0016651148212726335
-0.035726018502388344
0.015787141431272533
-0.023560386798937412
-0.015992661351396438
-0.0268887387966357
-0.005797351480500508
0.03550489244272129
-0.00587061497781814
-0.015159123320781629
-0.027263231850341456
0.01721596269219921
-0.00706999939892083
-0.020022926639537784
0.036120749526265705
0.03308392377867584
0.019076977007858847
0.013354239839334982
-0.039472623318647274
0.0268105515295205
0.012131832601646478
0.010372471929623747
-0.004808691243917296
0.013423928303238105
-0.00735279625062322
-0.006318397956171187
0.009977397610213212
0.016146958465886468
0.016182933627847527
0.03754498870828968
0.004748262992460558
0.03918013077829124
0.016638400823469304
-0.014628129202406314
