       0.000           0.0000
       1.000         600.7598
       2.000        1174.5441
       3.000        1772.6221
       4.000        2375.3037
       5.000        3008.2253
       6.000        3550.0015
       7.000        4225.1528
       8.000        4863.6294
       9.000        5404.5791
      10.000        6038.8540
      11.000        6631.7085
      12.000        7268.1724
      13.000        7824.1045
      14.000        8505.3604
      15.000        9066.7568
      16.000        9704.6523
      17.000       10257.6133
      18.000       10926.6035
      19.000       11364.9883
      20.000       12139.9629
      21.000       12509.2920
      22.000       12751.8730
      23.000       13141.3438
      24.000       13452.9824
      25.000       13802.8613
      26.000       14100.6230
      27.000       14144.7812
      28.000       14604.6973
      29.000       14887.1973
      30.000       15251.5645
      31.000       15447.8750
      32.000       15891.1865
      33.000       16039.0811
      34.000       16581.2363
      35.000       16860.7188
      36.000       17047.6543
      37.000       17299.2441
      38.000       17670.0918
      39.000       18016.9629
      40.000       18024.8730
      41.000       18349.0469
      42.000       18106.8379
      43.000       18231.9473
      44.000       18219.7246
      45.000       18385.7070
      46.000       18433.7227
      47.000       18340.6543
      48.000       18342.7441
      49.000       18195.5938
      50.000       18128.0781
      51.000       18368.3145
      52.000       18264.6016
      53.000       18285.4238
      54.000       18297.0645
      55.000       18317.1602
      56.000       18182.3984
      57.000       18148.3398
      58.000       18233.8516
      59.000       18279.8281
      60.000       18266.2695
      61.000       18268.9863
      62.000       18328.2129
      63.000       18343.9941
      64.000       18264.4844
      65.000       18261.7617
      66.000       18118.3086
      67.000       18275.4062
      68.000       18278.9648
      69.000       18264.1094
      70.000       18176.7812
      71.000       18109.4160
      72.000       18038.0156
      73.000       18288.5918
      74.000       18164.0391
      75.000       18391.9570
      76.000       18201.4570
      77.000       18278.9336
      78.000       18313.0762
      79.000       18222.6309
      80.000       18157.4766
      81.000       18461.0586
      82.000       18418.1641
      83.000       18417.5293
      84.000       18203.5840
      85.000       18445.2910
      86.000       18472.9453
      87.000       18262.4805
      88.000       18272.1973
      89.000       18421.6484
      90.000       18101.7246
      91.000       18258.5117
      92.000       18361.3750
      93.000       18273.6523
      94.000       18479.1113
      95.000       18479.9336
      96.000       18168.1367
      97.000       18045.8535
      98.000       18320.0176
      99.000       18213.4668
     100.000       18161.8047
     101.000       18263.3242
     102.000       18288.1953
     103.000       18223.0000
     104.000       18268.8320
     105.000       18263.2207
     106.000       18150.4180
     107.000       18221.7930
     108.000       18312.2910
     109.000       18147.2305
     110.000       18470.8594
     111.000       18252.2852
     112.000       18431.6406
     113.000       18340.5938
     114.000       18330.0117
     115.000       18173.5020
     116.000       18355.2168
     117.000       18408.7617
     118.000       18329.1133
     119.000       18361.3984
     120.000       18223.0938
     121.000       18344.9180
     122.000       18367.9668
     123.000       18345.6797
     124.000       18260.7617
     125.000       18188.8848
     126.000       18361.2441
     127.000       18035.2090
     128.000       18524.2773
     129.000       18407.0078
     130.000       18378.6172
     131.000       18213.4648
     132.000       18378.9766
     133.000       18282.9805
     134.000       18292.0195
     135.000       18266.9629
     136.000       18413.9102
     137.000       18126.8906
     138.000       18507.6250
     139.000       18351.1172
     140.000       18301.7559
