       0.000     -123608.1221
       1.000     -108768.9428
       2.000     -108937.0099
       3.000     -108657.4052
       4.000     -108311.7286
       5.000     -107897.4170
       6.000     -107476.7482
       7.000     -107016.8619
       8.000     -106589.8356
       9.000     -106079.3739
      10.000     -105621.9302
      11.000     -105065.5874
      12.000     -104557.1933
      13.000     -103888.1328
      14.000     -103374.9383
      15.000     -102607.4342
      16.000     -102186.3183
      17.000     -101345.4726
      18.000     -100639.0915
      19.000      -99870.6624
      20.000      -99245.1013
      21.000      -98518.9433
      22.000      -98213.2189
      23.000      -97680.0526
      24.000      -97445.4515
      25.000      -96735.5307
      26.000      -96210.3556
      27.000      -95551.9834
      28.000      -94851.9552
      29.000      -94223.1324
      30.000      -93503.1304
      31.000      -92777.9610
      32.000      -92453.7749
      33.000      -91765.8959
      34.000      -91088.0653
      35.000      -90263.8905
      36.000      -89575.1717
      37.000      -89142.0601
      38.000      -88309.6601
      39.000      -87780.2001
      40.000      -86956.7435
      41.000      -86879.9125
      42.000      -86689.1445
      43.000      -86633.2018
      44.000      -86714.9730
      45.000      -86732.1954
      46.000      -86485.3048
      47.000      -86477.4814
      48.000      -86870.3481
      49.000      -86509.4024
      50.000      -86669.7588
      51.000      -86912.7892
      52.000      -86713.4853
      53.000      -86871.7228
      54.000      -86599.5505
      55.000      -86780.0478
      56.000      -86616.8823
      57.000      -86788.8167
      58.000      -86835.8867
      59.000      -86806.6662
      60.000      -86895.3118
      61.000      -86993.1568
      62.000      -86671.5719
      63.000      -86842.5263
      64.000      -86685.2805
      65.000      -86866.4916
      66.000      -86657.2983
      67.000      -86771.1976
      68.000      -86795.0190
      69.000      -86888.6940
      70.000      -86697.7515
      71.000      -86845.5148
      72.000      -86727.8802
      73.000      -86957.3809
      74.000      -86674.0882
      75.000      -86868.7211
      76.000      -86733.8901
      77.000      -86830.6834
      78.000      -86475.4056
      79.000      -86974.4366
      80.000      -86859.3751
      81.000      -86788.4157
      82.000      -86733.6678
      83.000      -86624.8910
      84.000      -86713.0454
      85.000      -86672.2134
      86.000      -86707.1674
      87.000      -86843.3493
      88.000      -87056.7022
      89.000      -86904.5608
      90.000      -86947.2390
      91.000      -86859.0722
      92.000      -86770.2589
      93.000      -86779.5499
      94.000      -86787.2909
      95.000      -86927.0775
      96.000      -86727.7476
      97.000      -86640.1784
      98.000      -86752.7209
      99.000      -86749.5514
     100.000      -86925.6817
     101.000      -86617.3869
     102.000      -86761.4584
     103.000      -86820.7547
     104.000      -86699.7617
     105.000      -86510.3769
     106.000      -86969.2035
     107.000      -87097.6379
     108.000      -86822.1586
     109.000      -86748.0105
     110.000      -86954.7933
     111.000      -86909.8709
     112.000      -86717.7851
     113.000      -86600.7525
     114.000      -87076.6373
     115.000      -87096.8733
     116.000      -86917.8894
     117.000      -87145.8561
     118.000      -86866.9237
     119.000      -86936.9397
     120.000      -87012.3638
     121.000      -86739.9977
     122.000      -86549.3865
     123.000      -86840.4484
     124.000      -87026.5373
     125.000      -86626.9819
     126.000      -86938.2161
     127.000      -86975.6398
     128.000      -86967.9528
     129.000      -86867.5708
     130.000      -86747.0298
     131.000      -86839.5606
     132.000      -86874.7853
     133.000      -86829.4295
     134.000      -86915.1134
     135.000      -86948.1769
     136.000      -86714.6192
     137.000      -86824.3155
     138.000      -86960.2435
     139.000      -87143.0700
     140.000      -86967.3890
