       0.000     -123608.1221
       1.000     -108168.1830
       2.000     -107762.4659
       3.000     -106884.7831
       4.000     -105936.4249
       5.000     -104889.1917
       6.000     -103926.7468
       7.000     -102791.7091
       8.000     -101726.2062
       9.000     -100674.7948
      10.000      -99583.0762
      11.000      -98433.8789
      12.000      -97289.0209
      13.000      -96064.0283
      14.000      -94869.5780
      15.000      -93540.6774
      16.000      -92481.6660
      17.000      -91087.8593
      18.000      -89712.4880
      19.000      -88505.6741
      20.000      -87105.1384
      21.000      -86009.6513
      22.000      -85461.3459
      23.000      -84538.7088
      24.000      -83992.4691
      25.000      -82932.6694
      26.000      -82109.7325
      27.000      -81407.2022
      28.000      -80247.2579
      29.000      -79335.9351
      30.000      -78251.5660
      31.000      -77330.0860
      32.000      -76562.5883
      33.000      -75726.8149
      34.000      -74506.8290
      35.000      -73403.1717
      36.000      -72527.5174
      37.000      -71842.8160
      38.000      -70639.5683
      39.000      -69763.2372
      40.000      -68931.8704
      41.000      -68530.8656
      42.000      -68582.3066
      43.000      -68401.2545
      44.000      -68495.2484
      45.000      -68346.4884
      46.000      -68051.5821
      47.000      -68136.8271
      48.000      -68527.6039
      49.000      -68313.8086
      50.000      -68541.6807
      51.000      -68544.4747
      52.000      -68448.8837
      53.000      -68586.2990
      54.000      -68302.4860
      55.000      -68462.8876
      56.000      -68434.4838
      57.000      -68640.4768
      58.000      -68602.0351
      59.000      -68526.8381
      60.000      -68629.0423
      61.000      -68724.1705
      62.000      -68343.3590
      63.000      -68498.5322
      64.000      -68420.7961
      65.000      -68604.7299
      66.000      -68538.9897
      67.000      -68495.7913
      68.000      -68516.0542
      69.000      -68624.5846
      70.000      -68520.9702
      71.000      -68736.0988
      72.000      -68689.8646
      73.000      -68668.7891
      74.000      -68510.0492
      75.000      -68476.7641
      76.000      -68532.4331
      77.000      -68551.7498
      78.000      -68162.3294
      79.000      -68751.8057
      80.000      -68701.8985
      81.000      -68327.3571
      82.000      -68315.5037
      83.000      -68207.3617
      84.000      -68509.4614
      85.000      -68226.9224
      86.000      -68234.2221
      87.000      -68580.8688
      88.000      -68784.5049
      89.000      -68482.9124
      90.000      -68845.5144
      91.000      -68600.5605
      92.000      -68408.8839
      93.000      -68505.8976
      94.000      -68308.1796
      95.000      -68447.1439
      96.000      -68559.6109
      97.000      -68594.3249
      98.000      -68432.7033
      99.000      -68536.0846
     100.000      -68763.8770
     101.000      -68354.0627
     102.000      -68473.2631
     103.000      -68597.7547
     104.000      -68430.9297
     105.000      -68247.1561
     106.000      -68818.7855
     107.000      -68875.8450
     108.000      -68509.8676
     109.000      -68600.7800
     110.000      -68483.9339
     111.000      -68657.5857
     112.000      -68286.1445
     113.000      -68260.1587
     114.000      -68746.6255
     115.000      -68923.3713
     116.000      -68562.6726
     117.000      -68737.0944
     118.000      -68537.8104
     119.000      -68575.5413
     120.000      -68789.2701
     121.000      -68395.0797
     122.000      -68181.4197
     123.000      -68494.7688
     124.000      -68765.7756
     125.000      -68438.0971
     126.000      -68576.9720
     127.000      -68940.4308
     128.000      -68443.6755
     129.000      -68460.5630
     130.000      -68368.4126
     131.000      -68626.0958
     132.000      -68495.8087
     133.000      -68546.4490
     134.000      -68623.0939
     135.000      -68681.2140
     136.000      -68300.7091
     137.000      -68697.4249
     138.000      -68452.6185
     139.000      -68791.9528
     140.000      -68665.6332
