       0.000       0.00
       1.000       9.85
       2.000      19.27
       3.000      29.08
       4.000      38.96
       5.000      49.35
       6.000      58.23
       7.000      69.31
       8.000      79.78
       9.000      88.66
      10.000      99.06
      11.000     108.79
      12.000     119.23
      13.000     128.35
      14.000     139.52
      15.000     148.73
      16.000     159.19
      17.000     168.26
      18.000     179.24
      19.000     186.43
      20.000     199.14
      21.000     205.20
      22.000     209.18
      23.000     215.57
      24.000     220.68
      25.000     226.42
      26.000     231.31
      27.000     232.03
      28.000     239.57
      29.000     244.21
      30.000     250.19
      31.000     253.41
      32.000     260.68
      33.000     263.10
      34.000     272.00
      35.000     276.58
      36.000     279.65
      37.000     283.78
      38.000     289.86
      39.000     295.55
      40.000     295.68
      41.000     301.00
      42.000     297.02
      43.000     299.08
      44.000     298.87
      45.000     301.60
      46.000     302.39
      47.000     300.86
      48.000     300.89
      49.000     298.48
      50.000     297.37
      51.000     301.31
      52.000     299.61
      53.000     299.95
      54.000     300.14
      55.000     300.47
      56.000     298.26
      57.000     297.70
      58.000     299.11
      59.000     299.86
      60.000     299.64
      61.000     299.68
      62.000     300.65
      63.000     300.91
      64.000     299.61
      65.000     299.56
      66.000     297.21
      67.000     299.79
      68.000     299.85
      69.000     299.60
      70.000     298.17
      71.000     297.07
      72.000     295.89
      73.000     300.00
      74.000     297.96
      75.000     301.70
      76.000     298.58
      77.000     299.85
      78.000     300.41
      79.000     298.92
      80.000     297.85
      81.000     302.83
      82.000     302.13
      83.000     302.12
      84.000     298.61
      85.000     302.57
      86.000     303.03
      87.000     299.58
      88.000     299.74
      89.000     302.19
      90.000     296.94
      91.000     299.51
      92.000     301.20
      93.000     299.76
      94.000     303.13
      95.000     303.14
      96.000     298.03
      97.000     296.02
      98.000     300.52
      99.000     298.77
     100.000     297.92
     101.000     299.59
     102.000     300.00
     103.000     298.93
     104.000     299.68
     105.000     299.59
     106.000     297.74
     107.000     298.91
     108.000     300.39
     109.000     297.69
     110.000     302.99
     111.000     299.41
     112.000     302.35
     113.000     300.86
     114.000     300.68
     115.000     298.12
     116.000     301.10
     117.000     301.98
     118.000     300.67
     119.000     301.20
     120.000     298.93
     121.000     300.93
     122.000     301.31
     123.000     300.94
     124.000     299.55
     125.000     298.37
     126.000     301.20
     127.000     295.85
     128.000     303.87
     129.000     301.95
     130.000     301.48
     131.000     298.77
     132.000     301.49
     133.000     299.91
     134.000     300.06
     135.000     299.65
     136.000     302.06
     137.000     297.35
     138.000     303.60
     139.000     301.03
     140.000     300.22
