1			-9.7569E+04
5			-9.8224E+04
10			-9.9443E+04
15			-1.0155E+05
20			-1.0501E+05
25			-1.0947E+05
30			-1.1527E+05
35			-1.1690E+05
40			-1.1802E+05
45			-1.1894E+05
50			-1.2008E+05
55			-1.2037E+05
60			-1.2147E+05
65			-1.2198E+05
70			-1.2254E+05
75			-1.2304E+05
80			-1.2342E+05
85			-1.2382E+05
90			-1.2418E+05
95			-1.2451E+05
100			-1.2485E+05
105			-1.2510E+05
110			-1.2773E+05
115			-1.2889E+05
120			-1.2974E+05
125			-1.3078E+05
130			-1.3078E+05
135			-1.3125E+05
140			-1.3161E+05
145			-1.3228E+05
150			-1.3264E+05
155			-1.3265E+05
160			-1.3292E+05
165			-1.3333E+05
170			-1.3363E+05
175			-1.3387E+05
180			-1.3387E+05
185			-1.3405E+05
190			-1.3422E+05
195			-1.3456E+05
200			-1.3478E+05
205			-1.3479E+05
210			-1.3500E+05
215			-1.3515E+05
220			-1.3537E+05
225			-1.3552E+05
230			-1.3552E+05
235			-1.3568E+05
240			-1.3579E+05
245			-1.3604E+05
250			-1.3616E+05
255			-1.3616E+05
260			-1.3633E+05
265			-1.3646E+05
270			-1.3661E+05
275			-1.3672E+05
280			-1.3672E+05
285			-1.3685E+05
290			-1.3694E+05
295			-1.3712E+05
300			-1.3722E+05
305			-1.3722E+05
310			-1.3737E+05
315			-1.3747E+05
320			-1.3759E+05
325			-1.3768E+05
330			-1.3769E+05
335			-1.3780E+05
340			-1.3788E+05
345			-1.3803E+05
350			-1.3811E+05
355			-1.3811E+05
360			-1.3823E+05
365			-1.3831E+05
370			-1.3841E+05
375			-1.3849E+05
380			-1.3849E+05
385			-1.3858E+05
390			-1.3865E+05
395			-1.3877E+05
400			-1.3884E+05
405			-1.3884E+05
410			-1.3894E+05
415			-1.3901E+05
420			-1.3909E+05
425			-1.3916E+05
430			-1.3916E+05
435			-1.3924E+05
440			-1.3930E+05
445			-1.3940E+05
450			-1.3945E+05
455			-1.3946E+05
460			-1.3954E+05
465			-1.3960E+05
470			-1.3967E+05
475			-1.3973E+05
480			-1.3973E+05
485			-1.3980E+05
490			-1.3984E+05
495			-1.3993E+05
500			-1.3997E+05
500			-1.3997E+05
