1			-1.4037E+05
5			-1.4040E+05
10			-1.4047E+05
15			-1.4062E+05
20			-1.4089E+05
25			-1.4116E+05
30			-1.4127E+05
35			-1.4134E+05
40			-1.4140E+05
45			-1.4146E+05
50			-1.4152E+05
55			-1.4155E+05
60			-1.4160E+05
65			-1.4164E+05
70			-1.4168E+05
75			-1.4172E+05
80			-1.4177E+05
85			-1.4178E+05
90			-1.4181E+05
95			-1.4187E+05
100			-1.4190E+05
105			-1.4202E+05
110			-1.4267E+05
115			-1.4279E+05
120			-1.4297E+05
125			-1.4310E+05
130			-1.4310E+05
135			-1.4321E+05
140			-1.4332E+05
145			-1.4347E+05
150			-1.4360E+05
155			-1.4360E+05
160			-1.4366E+05
165			-1.4371E+05
170			-1.4377E+05
175			-1.4383E+05
180			-1.4384E+05
185			-1.4389E+05
190			-1.4392E+05
195			-1.4398E+05
200			-1.4402E+05
205			-1.4402E+05
210			-1.4406E+05
215			-1.4409E+05
220			-1.4414E+05
225			-1.4418E+05
230			-1.4418E+05
235			-1.4423E+05
240			-1.4426E+05
245			-1.4430E+05
250			-1.4433E+05
255			-1.4433E+05
260			-1.4437E+05
265			-1.4439E+05
270			-1.4444E+05
275			-1.4447E+05
280			-1.4447E+05
285			-1.4451E+05
290			-1.4454E+05
295			-1.4458E+05
300			-1.4460E+05
305			-1.4460E+05
310			-1.4464E+05
315			-1.4466E+05
320			-1.4470E+05
325			-1.4473E+05
330			-1.4473E+05
335			-1.4477E+05
340			-1.4479E+05
345			-1.4483E+05
350			-1.4485E+05
355			-1.4485E+05
360			-1.4488E+05
365			-1.4490E+05
370			-1.4494E+05
375			-1.4497E+05
380			-1.4497E+05
385			-1.4500E+05
390			-1.4503E+05
395			-1.4506E+05
400			-1.4508E+05
405			-1.4508E+05
410			-1.4510E+05
415			-1.4512E+05
420			-1.4516E+05
425			-1.4518E+05
430			-1.4518E+05
435			-1.4521E+05
440			-1.4523E+05
445			-1.4526E+05
450			-1.4528E+05
455			-1.4528E+05
460			-1.4530E+05
465			-1.4533E+05
470			-1.4535E+05
475			-1.4539E+05
480			-1.4539E+05
485			-1.4541E+05
490			-1.4542E+05
495			-1.4547E+05
500			-1.4550E+05
500			-1.4550E+05
