Frame	Volume
1	2242.15
2	2248.75
3	2241.32
4	2242.32
5	2239.47
6	2240.38
7	2240.83
8	2239.32
9	2239.94
10	2239.38
11	2236.75
12	2240.49
13	2237.7
14	2235.69
15	2240.53
16	2242.95
17	2241.45
18	2240.2
19	2242.74
20	2241.15
21	2239.54
22	2241.08
23	2240.81
24	2242.14
25	2241.59
26	2237.38
27	2238.57
28	2239.97
29	2240.64
30	2240.91
31	2242.04
32	2241.27
33	2239.43
34	2238.81
35	2241.51
36	2242.12
37	2240.04
38	2241.11
39	2241.43
40	2238.85
41	2240.28
42	2239.42
43	2238.63
44	2239.51
45	2238.91
46	2240.07
47	2239.55
48	2240.27
49	2240.05
50	2239.23
51	2240.03
52	2239.69
53	2237.97
54	2240.53
55	2241.39
56	2240.19
57	2240.49
58	2241.85
59	2239.72
60	2239.98
61	2239.37
62	2239.66
63	2239.39
64	2240.52
65	2241.08
66	2240.29
67	2240.33
68	2239.14
69	2239.71
70	2238.45
71	2241.9
72	2239.55
73	2240.71
74	2239.35
75	2241.2
76	2240.95
77	2239.24
78	2239.19
79	2240.02
80	2239.74
81	2240.69
82	2239.31
83	2239.12
84	2240.58
85	2239.76
86	2239.82
87	2240.26
88	2240.05
89	2239.48
90	2239.21
91	2240.38
92	2241.53
93	2239.1
94	2239.6
95	2239.82
96	2239.83
97	2240.38
98	2241.02
99	2239.94
100	2240.24
101	2240.4
102	2239.39
103	2239.82
104	2240.35
105	2240.05
106	2240.95
107	2240.24
108	2240.68
109	2240.7
110	2239.7
111	2239.5
112	2240.68
113	2239.37
114	2239.72
115	2239.86
116	2239.87
117	2239.58
118	2240.01
119	2240.36
120	2240.58
121	2239.75
122	2240.07
123	2240.7
124	2239.94
125	2239.84
126	2240.09
127	2239.41
128	2240.67
129	2240.18
130	2240.28
131	2240.4
132	2239.44
133	2240.13
134	2239.99
135	2239.95
136	2239.48
137	2239.84
138	2239.6
139	2239.17
140	2239.95
141	2240.17
142	2240.4
143	2239.66
144	2239.24
145	2240.41
146	2240.08
147	2240
148	2239.89
149	2239.38
150	2239.5
151	2239.54
152	2240.51
153	2239.49
154	2240.53
155	2239.26
156	2239.44
157	2240.41
158	2239.7
159	2240.12
160	2240.02
161	2239.5
162	2240.39
163	2240.43
164	2239.56
165	2240.25
166	2239.73
167	2240.01
168	2239.99
169	2239.34
170	2239.51
171	2239.68
172	2239.92
173	2239.44
174	2240.23
175	2240.13
176	2240.26
177	2240.13
178	2240.19
179	2240.3
180	2240.13
181	2240.1
182	2240.13
183	2239.68
184	2239.94
185	2240.32
186	2240.22
187	2240.24
188	2240.16
189	2240.89
190	2240.32
191	2239.36
192	2239.42
193	2239.14
194	2240.15
195	2240.26
196	2240.16
197	2239.62
198	2239.9
199	2239.94
200	2240.14
201	2239.96
202	2239.46
203	2239.74
204	2240.53
205	2239.59
206	2240.41
207	2239.59
208	2240.02
209	2239.8
210	2239.67
211	2239.8
212	2239.78
213	2240.38
214	2239.68
215	2239.77
216	2240.52
217	2240.24
218	2240.07
219	2240.18
220	2240.13
221	2239.87
222	2239.62
223	2240.06
224	2239.73
225	2239.55
226	2239.92
227	2239.88
228	2239.72
229	2239.91
230	2239.49
231	2239.74
232	2240.04
233	2239.67
234	2240.13
235	2239.46
236	2240.43
237	2240.07
238	2240.29
239	2240.39
240	2239.5
241	2239.81
242	2239.5
243	2239.83
244	2239.92
245	2240.13
246	2239.73
247	2240.14
248	2240.36
249	2240.43
250	2239.67
251	2239.85
252	2239.49
253	2240.1
254	2240.12
255	2239.73
256	2239.99
257	2240.11
258	2240.43
259	2240.13
260	2239.75
261	2239.99
262	2239.91
263	2240.2
264	2239.82
265	2239.93
266	2239.51
267	2239.59
268	2239.84
269	2239.95
270	2240.33
271	2239.88
272	2239.77
273	2239.84
274	2239.71
275	2239.86
276	2239.91
277	2239.79
278	2239.7
279	2239.67
280	2239.78
281	2239.58
282	2239.7
283	2239.72
284	2239.49
285	2239.73
286	2240.09
287	2240.16
288	2240.16
289	2240.39
290	2240.07
291	2239.81
292	2239.9
293	2239.97
294	2239.65
295	2239.73
296	2239.98
297	2239.93
298	2240.05
299	2239.91
300	2239.81
301	2240.02
302	2240.03
303	2239.89
304	2239.88
305	2239.97
306	2240.13
307	2240.16
308	2239.93
309	2239.55
310	2240.31
311	2239.59
312	2239.84
313	2240.04
314	2239.77
315	2240.07
316	2239.96
317	2240.2
318	2239.7
319	2240.15
320	2239.92
321	2239.77
322	2239.99
323	2240.06
324	2239.6
325	2239.8
326	2240.34
327	2239.7
328	2240.2
329	2240.02
330	2239.96
331	2239.73
332	2239.84
333	2240.06
334	2239.71
335	2240.3
336	2239.67
337	2239.86
338	2239.67
339	2239.86
340	2240.52
341	2240.03
342	2239.78
343	2239.69
344	2239.81
345	2239.91
346	2240.14
347	2239.96
348	2239.96
349	2239.98
350	2239.81
351	2240.04
352	2240.21
353	2239.87
354	2239.81
355	2239.8
356	2239.97
357	2240.01
358	2239.92
359	2240.12
360	2239.89
361	2239.97
362	2240.08
363	2240
364	2239.54
365	2239.93
366	2239.94
367	2240.08
368	2240.23
369	2239.73
370	2239.81
371	2240.08
372	2240.2
373	2239.73
374	2239.61
375	2240.13
376	2240.15
377	2240.04
378	2239.77
379	2239.78
380	2240.14
381	2240.07
382	2239.99
383	2239.99
384	2240.06
385	2239.76
386	2239.87
387	2240.09
388	2240.4
389	2239.62
390	2239.92
391	2240.28
392	2240.18
393	2239.99
394	2239.87
395	2239.89
396	2239.85
397	2239.84
398	2240.2
399	2239.72
400	2240.05
401	2240.22
402	2239.8
403	2240.29
404	2239.71
405	2240.27
406	2240.07
407	2239.85
408	2239.7
409	2239.62
410	2240.3
411	2240.08
412	2239.93
413	2239.89
414	2239.93
415	2239.99
416	2240.09
417	2240.13
418	2239.98
419	2240.1
420	2239.9
421	2240.05
422	2240.45
423	2239.45
424	2240.11
425	2240.15
426	2239.98
427	2239.89
428	2239.74
429	2240.07
430	2240.13
431	2239.82
432	2239.61
433	2240.16
434	2240.07
435	2239.72
436	2240.11
437	2239.86
438	2239.83
439	2239.89
440	2239.89
441	2239.79
442	2239.98
443	2240.06
444	2239.9
445	2239.93
446	2239.78
447	2239.89
448	2240.15
449	2240.3
450	2240.02
451	2240.04
452	2240.15
453	2239.95
454	2240.1
455	2240.04
456	2239.45
457	2239.73
458	2239.9
459	2239.8
460	2239.89
461	2239.99
462	2240.16
463	2239.9
464	2240.04
465	2239.82
466	2240.13
467	2240.21
468	2239.9
469	2239.97
470	2239.78
471	2239.75
472	2239.92
473	2239.59
474	2239.97
475	2239.94
476	2239.54
477	2239.82
478	2240.02
479	2239.98
480	2240.1
481	2240.03
482	2239.94
483	2239.94
484	2240
485	2239.58
486	2239.96
487	2240.13
488	2239.89
489	2240.03
490	2239.57
491	2239.94
492	2239.95
493	2239.92
494	2239.84
495	2239.9
496	2240.1
497	2240.03
498	2239.72
499	2239.83
500	2240.09
501	2240.03
502	2239.9
503	2239.97
504	2239.99
505	2240
506	2240.04
507	2239.96
508	2239.73
509	2239.93
510	2239.84
511	2239.88
512	2239.87
513	2240.09
514	2239.79
515	2240.04
516	2239.72
517	2240.04
518	2240.24
519	2239.71
520	2240.1
521	2240.04
522	2239.94
523	2240.15
524	2239.68
525	2240.08
526	2239.93
527	2240.11
528	2240.05
529	2240.24
530	2239.89
531	2240.05
532	2240.13
533	2239.95
534	2239.83
535	2239.99
536	2240.05
537	2239.82
538	2240.24
539	2240.03
540	2239.62
541	2240.09
542	2239.84
543	2239.88
544	2239.97
545	2240.23
546	2239.86
547	2239.96
548	2240.02
549	2239.67
550	2239.95
551	2239.97
552	2240.11
553	2239.87
554	2240.04
555	2240.02
556	2239.81
557	2239.98
558	2239.94
559	2239.71
560	2239.67
561	2239.92
562	2239.89
563	2239.99
564	2240.02
565	2240.06
566	2240
567	2239.98
568	2240.05
569	2240.01
570	2239.98
571	2239.82
572	2239.74
573	2240.13
574	2240.01
575	2239.72
576	2239.77
577	2239.9
578	2239.94
579	2239.78
580	2239.92
581	2240.1
582	2240.12
583	2239.91
584	2239.84
585	2239.99
586	2240.06
587	2240.16
588	2240.03
589	2239.99
590	2239.99
591	2240.11
592	2240.03
593	2240.02
594	2240.22
595	2239.89
596	2240.01
597	2239.83
598	2239.96
599	2239.98
600	2240.07
601	2239.86
602	2239.77
603	2240.14
604	2239.96
605	2239.73
606	2240.19
607	2239.84
608	2240
609	2240.01
610	2239.99
611	2240.01
612	2239.74
613	2239.92
614	2239.83
615	2240.01
616	2239.82
617	2239.9
618	2240.02
619	2239.95
620	2240.03
621	2239.94
622	2240.05
623	2239.88
624	2239.96
625	2239.95
626	2239.97
627	2240.04
628	2239.95
629	2239.91
630	2239.98
631	2239.99
632	2239.92
633	2239.95
634	2239.91
635	2239.92
636	2240
637	2239.96
638	2239.98
639	2239.99
640	2239.89
641	2239.92
642	2240.06
643	2239.94
644	2240.02
645	2239.94
646	2239.9
647	2239.87
648	2239.93
649	2239.91
650	2239.94
651	2240.07
652	2239.94
653	2239.94
654	2239.9
655	2239.98
656	2239.96
657	2240
658	2239.9
659	2240.01
660	2239.91
661	2239.86
662	2239.98
663	2239.88
664	2239.81
665	2239.99
666	2239.91
667	2239.99
668	2239.87
669	2239.97
670	2239.95
671	2239.95
672	2239.88
673	2239.88
674	2239.94
675	2239.9
676	2239.92
677	2240
678	2239.85
679	2239.82
680	2239.91
681	2239.94
682	2239.97
683	2239.85
684	2239.97
685	2239.98
686	2240.08
687	2240.03
688	2240.01
689	2240.04
690	2239.97
691	2239.96
692	2239.95
693	2239.9
694	2239.99
695	2239.96
696	2240.05
697	2239.94
698	2239.94
699	2239.95
700	2239.9
701	2239.99
702	2240
703	2239.85
704	2239.97
705	2239.89
706	2239.86
707	2239.94
708	2239.94
709	2240.1
710	2239.93
711	2239.99
712	2239.87
713	2240.05
714	2240
715	2240.01
716	2239.81
717	2239.89
718	2239.92
719	2239.88
720	2239.98
721	2240.02
722	2239.94
723	2239.9
724	2239.85
725	2239.95
726	2239.97
727	2239.86
728	2239.93
729	2239.97
730	2239.96
731	2239.93
732	2240.02
733	2239.82
734	2240.01
735	2239.97
736	2239.91
737	2239.86
738	2239.93
739	2239.88
740	2239.89
741	2239.93
742	2239.93
743	2240.08
744	2239.98
745	2240.04
746	2240.05
747	2239.91
748	2239.92
749	2239.92
750	2240
751	2239.98
752	2239.95
753	2239.98
754	2239.87
755	2239.99
756	2239.87
757	2239.91
758	2239.95
759	2240.01
760	2239.98
761	2239.99
762	2240.05
763	2239.99
764	2240.05
765	2240.03
766	2239.97
767	2239.91
768	2239.86
769	2239.93
770	2239.93
771	2239.9
772	2240
773	2240
774	2240.02
775	2239.91
776	2239.93
777	2239.93
778	2239.93
779	2239.88
780	2239.99
781	2239.99
782	2239.89
783	2239.82
784	2239.93
785	2239.92
786	2239.83
787	2240.01
788	2239.8
789	2240.09
790	2239.99
791	2240
792	2239.93
793	2239.98
794	2239.89
795	2240
796	2239.94
797	2239.97
798	2239.96
799	2239.85
800	2240.03
801	2239.83
802	2239.98
803	2239.97
804	2239.83
805	2239.96
806	2239.88
807	2239.78
808	2239.94
809	2239.9
810	2239.96
811	2239.93
812	2240.06
813	2239.96
814	2239.99
815	2240
816	2239.91
817	2239.92
818	2239.97
819	2239.98
820	2239.91
821	2239.92
822	2240.01
823	2239.96
824	2239.87
825	2239.93
826	2239.98
827	2240.01
828	2239.92
829	2239.92
830	2239.94
831	2239.96
832	2239.97
833	2239.98
834	2239.91
835	2239.89
836	2239.87
837	2239.93
838	2239.92
839	2239.96
840	2239.86
841	2239.96
842	2240.02
843	2239.99
844	2239.98
845	2239.97
846	2239.92
847	2239.96
848	2240.02
849	2239.96
850	2239.94
851	2239.95
852	2239.9
853	2239.94
854	2239.94
855	2239.92
856	2239.92
857	2239.98
858	2239.98
859	2239.93
860	2239.91
861	2239.94
