Frame	Volume
1	5264.45
2	5267.36
3	5256.77
4	5266.98
5	5254.88
6	5262.08
7	5258.3
8	5263.03
9	5259.79
10	5255.98
11	5257.39
12	5262.16
13	5256.17
14	5254.37
15	5258.6
16	5264.42
17	5262.83
18	5260.63
19	5266.25
20	5260.4
21	5257.71
22	5262.33
23	5262.54
24	5260.07
25	5265.78
26	5256.23
27	5253.91
28	5260.35
29	5261.06
30	5257.24
31	5262.69
32	5263.72
33	5260.43
34	5256.2
35	5261.93
36	5262.97
37	5259.39
38	5260.96
39	5260.59
40	5259.63
41	5259.06
42	5257.91
43	5255.77
44	5259.22
45	5257.48
46	5259.66
47	5258.01
48	5260.21
49	5258.99
50	5258.8
51	5258.28
52	5258.12
53	5256.81
54	5260.14
55	5261.05
56	5260.21
57	5261.65
58	5263.07
59	5260.3
60	5260.07
61	5258.92
62	5259.14
63	5259.59
64	5259.53
65	5263.58
66	5258.98
67	5259.52
68	5257.13
69	5259.03
70	5256.7
71	5263.76
72	5258.15
73	5260.89
74	5258.2
75	5261.97
76	5260.29
77	5256.72
78	5260.16
79	5259.81
80	5258.39
81	5257.57
82	5257.43
83	5257.9
84	5260.5
85	5258.49
86	5259.82
87	5258.76
88	5259.25
89	5260.3
90	5260.37
91	5260.35
92	5262.64
93	5258.28
94	5258.49
95	5258
96	5259.5
97	5260.97
98	5261.26
99	5260
100	5260.6
101	5259.16
102	5259.39
103	5258.33
104	5259.36
105	5260.14
106	5260.39
107	5260.41
108	5260.4
109	5261.94
110	5259.82
111	5259.62
112	5260.95
113	5258.76
114	5258.88
115	5259.33
116	5258.61
117	5259.42
118	5261.68
119	5259.08
120	5260.72
121	5260.21
122	5259.25
123	5261.2
124	5260.05
125	5258.6
126	5259.69
127	5258.57
128	5261.38
129	5259.86
130	5259.79
131	5259.59
132	5259.33
133	5260.29
134	5259.76
135	5259.69
136	5258.33
137	5259.04
138	5258.76
139	5258.88
140	5259.25
141	5259.66
142	5259.91
143	5258.96
144	5258.56
145	5259.96
146	5260.49
147	5259.07
148	5259.96
149	5258.49
150	5258.78
151	5260.07
152	5260.2
153	5258.9
154	5259.93
155	5259.3
156	5259.52
157	5260.85
158	5259.68
159	5259.69
160	5260.06
161	5259.41
162	5260.11
163	5260
164	5257.97
165	5260.48
166	5259.23
167	5259.17
168	5259.02
169	5259.31
170	5259.77
171	5260.05
172	5259.82
173	5258.92
174	5259.95
175	5259.54
176	5260.14
177	5260.14
178	5259.24
179	5259.29
180	5259.73
181	5259.99
182	5259.37
183	5259.75
184	5259.64
185	5259.95
186	5259.71
187	5260.65
188	5259.05
189	5259.8
190	5260.8
191	5259.11
192	5259.49
193	5258.85
194	5259.86
195	5259.84
196	5259.86
197	5260.05
198	5259.49
199	5259.48
200	5259.84
201	5259.22
202	5259.09
203	5259.3
204	5259.89
205	5259.38
206	5260.14
207	5259.72
208	5259.87
209	5259.17
210	5259.62
211	5260.07
212	5258.42
213	5260.15
214	5259.99
215	5258.17
216	5259.88
217	5259.71
218	5259.15
219	5259.54
220	5260.14
221	5259.07
222	5259.22
223	5260.03
224	5259.07
225	5259.39
226	5260.51
227	5259.83
228	5259.74
229	5258.96
230	5259.29
231	5259.93
232	5260.22
233	5259.34
234	5259.44
235	5259.01
236	5260.41
237	5259.86
238	5260.38
239	5260.03
240	5259.31
241	5259
242	5259.75
243	5259.68
244	5260.33
245	5260.21
246	5259.85
247	5259.76
248	5259.58
249	5259.59
250	5259.23
251	5259.45
252	5259.91
253	5260.09
254	5259.8
255	5259.15
256	5259.95
257	5259.12
258	5260.71
259	5259.92
260	5259.23
261	5259.43
262	5259.78
263	5260.04
264	5259.57
265	5259.91
266	5258.72
267	5259.43
268	5259.53
269	5259.95
270	5260.5
271	5259.71
272	5259.25
273	5259.21
274	5259.27
275	5259.05
276	5259.36
277	5259.87
278	5259.43
279	5259.75
280	5259.2
281	5259.1
282	5258.92
283	5259.51
284	5258.54
285	5259.64
286	5259.38
287	5259.83
288	5259.52
289	5260.18
290	5260
291	5259.5
292	5259.21
293	5259.71
294	5258.91
295	5258.66
296	5259.69
297	5259.69
298	5259.67
299	5259.56
300	5259.57
301	5260.12
302	5259.2
303	5259.58
304	5259.45
305	5259.75
306	5259.8
307	5259.85
308	5259.52
309	5258.72
310	5259.89
311	5259.75
312	5259.25
313	5260.1
314	5260.12
315	5259.35
316	5259.83
317	5259.92
318	5259.43
319	5259.77
320	5259.53
321	5259.24
322	5259.57
323	5259.54
324	5259.24
325	5259.28
326	5259.77
327	5259.07
328	5259.11
329	5259.99
330	5260.13
331	5259.61
332	5259.19
333	5259.9
334	5259.71
335	5260.24
336	5258.81
337	5259.54
338	5259.35
339	5259.97
340	5259.56
341	5259.98
342	5259.5
343	5258.83
344	5259.43
345	5259.49
346	5259.48
347	5259.5
348	5259.47
349	5259.48
350	5259.12
351	5260.26
352	5259.92
353	5259.64
354	5259.85
355	5259.74
356	5259.8
357	5259.42
358	5260.01
359	5259.97
360	5259.46
361	5259.56
362	5259.55
363	5259.54
364	5258.98
365	5260.06
366	5259.66
367	5259.74
368	5259.75
369	5259.94
370	5259.28
371	5259.59
372	5259.67
373	5259.55
374	5258.94
375	5259.65
376	5259.52
377	5259.5
378	5259.35
379	5259.69
380	5259.47
381	5259.91
382	5260.15
383	5259.56
384	5259.62
385	5259.63
386	5259.56
387	5260.15
388	5260.66
389	5259.26
390	5259.92
391	5260.08
392	5259.59
393	5259.66
394	5259.7
395	5259.53
396	5259.59
397	5259.99
398	5259.72
399	5259.36
400	5260.17
401	5260.35
402	5259.34
403	5259.89
404	5259.59
405	5259.7
406	5259.99
407	5259.36
408	5258.92
409	5259.48
410	5259.66
411	5260.21
412	5259.9
413	5259.56
414	5259.37
415	5259.56
416	5259.39
417	5259.48
418	5259.27
419	5259.59
420	5259.46
421	5259.98
422	5259.44
423	5258.99
424	5259.52
425	5260.19
426	5259.29
427	5260.01
428	5259.09
429	5259.99
430	5260.17
431	5259.65
432	5259.68
433	5260.21
434	5260.18
435	5259.24
436	5259.59
437	5259.66
438	5259.46
439	5259.82
440	5259.76
441	5259.59
442	5259.7
443	5259.65
444	5259.49
445	5259.75
446	5259.71
447	5259.34
448	5259.69
449	5259.85
450	5259.51
451	5259.38
452	5259.58
453	5259.7
454	5259.79
455	5259.7
456	5259.53
457	5259.43
458	5259.78
459	5259.64
460	5259.64
461	5259.42
462	5259.53
463	5259.39
464	5259.68
465	5259.17
466	5259.63
467	5259.67
468	5259.34
469	5259.56
470	5259.31
471	5259.37
472	5259.57
473	5259.7
474	5259.7
475	5259.91
476	5259.3
477	5259.54
478	5259.91
479	5259.63
480	5259.65
481	5259.81
482	5259.71
483	5259.58
484	5259.67
485	5259.64
486	5259.72
487	5259.83
488	5259.57
489	5259.62
490	5259.7
491	5259.25
492	5259.69
493	5259.79
494	5259.53
495	5259.43
496	5259.76
497	5259.85
498	5259.86
499	5259.95
500	5259.86
501	5259.61
502	5259.52
503	5259.62
504	5259.59
505	5259.75
506	5259.23
507	5259.42
508	5259.3
509	5259.33
510	5259.55
511	5259.35
512	5259.75
513	5259.48
514	5259.09
515	5259.68
516	5259.45
517	5260.2
518	5259.52
519	5259.16
520	5260.13
521	5259.81
522	5259.72
523	5259.83
524	5259.47
525	5259.83
526	5259.81
527	5259.36
528	5259.79
529	5259.87
530	5259.66
531	5259.99
532	5259.79
533	5259.47
534	5259.64
535	5259.29
536	5259.62
537	5259.64
538	5259.99
539	5260.37
540	5259.63
541	5259.45
542	5259.41
543	5259.22
544	5259.87
545	5260.14
546	5259.62
547	5259.8
548	5259.57
549	5259.68
550	5259.53
551	5259.76
552	5259.63
553	5259.49
554	5259.51
555	5259.34
556	5259.81
557	5259.61
558	5259.69
559	5259.5
560	5259.22
561	5259.6
562	5259.53
563	5259.57
564	5259.56
565	5259.67
566	5259.92
567	5259.52
568	5259.85
569	5259.75
570	5259.69
571	5259.51
572	5259.36
573	5259.95
574	5259.72
575	5259.35
576	5259.51
577	5259.54
578	5259.53
579	5259.51
580	5259.47
581	5259.88
582	5259.73
583	5259.53
584	5259.59
585	5259.54
586	5259.6
587	5259.98
588	5259.72
589	5259.58
590	5259.8
591	5259.74
592	5259.82
593	5259.92
594	5259.89
595	5259.8
596	5259.75
597	5259.5
598	5259.82
599	5259.74
600	5259.69
601	5259.45
602	5259.47
603	5259.45
604	5259.66
605	5259.49
606	5259.82
607	5259.14
608	5259.79
609	5259.65
610	5259.66
611	5259.76
612	5259.45
613	5259.63
614	5259.4
615	5259.45
616	5259.03
617	5259.32
618	5259.67
619	5259.87
620	5259.67
621	5259.45
622	5259.45
623	5259.61
624	5259.45
625	5259.63
626	5259.59
627	5259.86
628	5259.52
629	5259.56
630	5259.68
631	5259.69
632	5259.52
633	5259.64
634	5259.6
635	5259.62
636	5259.66
637	5259.6
638	5259.77
639	5259.56
640	5259.64
641	5259.25
642	5259.63
643	5259.96
644	5259.81
645	5259.65
646	5259.64
647	5259.34
648	5259.5
649	5259.49
650	5259.29
651	5259.78
652	5259.52
653	5259.6
654	5259.53
655	5259.84
656	5259.65
657	5259.7
658	5259.51
659	5259.76
660	5259.63
661	5259.58
662	5259.52
663	5259.45
664	5259.45
665	5259.57
666	5259.58
667	5259.73
668	5259.48
669	5259.83
670	5259.56
671	5259.67
672	5259.67
673	5259.83
674	5259.59
675	5259.54
676	5259.66
677	5259.61
678	5259.55
679	5259.45
680	5259.65
681	5259.68
682	5259.65
683	5259.53
684	5259.74
685	5259.78
686	5259.82
687	5259.6
688	5259.58
689	5259.56
690	5259.58
691	5259.74
692	5259.76
693	5259.69
694	5259.71
695	5259.66
696	5259.74
697	5259.65
698	5259.58
699	5259.57
700	5259.56
701	5259.77
702	5259.7
703	5259.36
704	5259.86
705	5259.51
706	5259.56
707	5259.59
708	5259.69
709	5259.67
710	5259.63
711	5259.7
712	5259.47
713	5259.85
714	5259.59
715	5259.66
716	5259.42
717	5259.63
718	5259.6
719	5259.54
720	5259.65
721	5259.49
722	5259.62
723	5259.72
724	5259.63
725	5259.67
726	5259.66
727	5259.46
728	5259.43
729	5259.64
730	5259.68
731	5259.68
732	5259.56
733	5259.68
734	5259.61
735	5259.67
736	5259.61
737	5259.52
738	5259.55
739	5259.59
740	5259.61
741	5259.64
742	5259.67
743	5259.68
744	5259.58
745	5259.77
746	5259.63
747	5259.5
748	5259.55
749	5259.57
750	5259.65
751	5259.6
752	5259.63
753	5259.64
754	5259.41
755	5259.67
756	5259.65
757	5259.6
758	5259.62
759	5259.65
760	5259.63
761	5259.63
762	5259.71
763	5259.73
764	5259.74
765	5259.79
766	5259.56
767	5259.66
768	5259.67
769	5259.55
770	5259.57
771	5259.64
772	5259.72
773	5259.67
774	5259.66
775	5259.77
776	5259.41
777	5259.84
778	5259.61
779	5259.47
780	5259.75
781	5259.68
782	5259.58
783	5259.58
784	5259.71
785	5259.58
786	5259.56
787	5259.77
788	5259.37
789	5259.76
790	5259.6
791	5259.63
792	5259.6
793	5259.63
794	5259.48
795	5259.6
796	5259.67
797	5259.7
798	5259.65
799	5259.59
800	5259.68
801	5259.5
802	5259.7
803	5259.67
804	5259.53
805	5259.68
806	5259.57
807	5259.54
808	5259.64
809	5259.49
810	5259.7
811	5259.5
812	5259.74
813	5259.53
814	5259.64
815	5259.66
816	5259.69
817	5259.61
818	5259.6
819	5259.56
820	5259.57
821	5259.64
822	5259.65
823	5259.66
824	5259.53
825	5259.66
826	5259.76
827	5259.71
828	5259.56
829	5259.62
830	5259.57
831	5259.65
832	5259.62
833	5259.65
834	5259.61
835	5259.63
836	5259.53
837	5259.58
838	5259.52
839	5259.71
840	5259.62
841	5259.59
842	5259.65
843	5259.72
844	5259.62
845	5259.66
846	5259.69
847	5259.56
848	5259.68
849	5259.64
850	5259.61
851	5259.62
852	5259.65
853	5259.62
854	5259.61
855	5259.63
856	5259.6
857	5259.64
858	5259.66
859	5259.62
860	5259.61
861	5259.63
