1	804.537
2	762.312
3	784.539
4	774.733
5	815.777
6	832.891
7	847.196
8	785.41
9	792.931
10	726.782
11	743.502
12	726.37
13	800.428
14	789.453
15	787.203
16	797.419
17	774.01
18	755.267
19	783.112
20	808.197
21	856.444
22	867.127
23	846.404
24	836.173
25	824.567
26	832.166
27	798.781
28	814.725
29	832.498
30	860.06
31	879.377
32	789.648
33	899.926
34	685.74
35	756.758
36	800.542
37	812.436
38	803.686
39	853.719
40	855.357
41	781.723
42	862.359
43	824.561
44	868.176
45	805.766
46	752.479
47	809.551
48	838.513
49	744.484
50	812.199
51	800.404
52	788.979
53	771.424
54	811.032
55	797.997
56	808.63
57	814.267
58	730.527
59	741.986
60	761.284
61	818.709
62	760.375
63	775.76
64	775.628
65	779.732
66	742.447
67	788.445
68	832.966
69	830.808
70	816.06
71	902.651
72	871.817
73	837.121
74	853.766
75	837.464
76	870.454
77	834.018
78	864.542
79	918.822
80	885.281
81	837.484
82	866.99
83	839.665
84	809.107
85	801.917
86	798.512
87	794.64
88	825.858
89	828.015
90	790.92
91	761.247
92	800.615
93	804.156
94	848.185
95	878.884
96	810.544
97	905.537
98	926.693
99	809.505
100	875.643
101	865.814
102	889.886
103	864.267
104	817.442
105	804.669
106	829.166
107	845.085
108	785.342
109	799.973
110	826.264
111	770.326
112	816.294
113	819.556
114	839.188
115	822.595
116	788.623
117	863.675
118	768.289
119	817.621
120	842.29
121	781.448
122	798.742
123	806.829
124	830.126
125	780.191
126	872.647
127	836.114
128	852.769
129	893.113
130	832.465
131	872.251
132	763.423
133	835.857
134	752.192
135	807.622
136	774.239
137	896.275
138	792.171
139	761.451
140	797.827
141	709.027
142	763.001
143	781.166
144	786.245
145	733.429
146	846.308
147	806.655
148	787.739
149	781.475
150	794.24
151	788.561
152	770.843
153	800.932
154	765.683
155	790.245
156	820.39
157	790.582
158	804.881
159	781.255
160	867.373
161	790.721
162	847.972
163	796.953
164	831.686
165	861.929
166	837.225
167	841.636
168	903.373
169	876.174
170	920.465
171	848.353
172	826.631
173	939.831
174	839.353
175	849.595
176	910.713
177	905.315
178	932.923
179	931.498
180	862.619
181	896.867
182	792.626
183	896.552
184	873.664
185	804.296
186	734.783
187	856.778
188	835.54
189	875.625
190	800.033
191	780.618
192	824.567
193	747.565
194	827.005
195	806.041
196	776.907
197	798.288
198	754.801
199	806.487
200	861.576
201	833.425
202	824.924
203	838.266
204	862.285
205	821.124
206	882.308
207	855.026
208	840.607
209	883.877
210	891.288
211	783.407
212	777.867
213	766.885
214	793.812
215	801.119
216	708.761
217	711.47
218	762.705
219	761.586
220	826.406
221	721.84
222	823.851
223	810.272
224	790.333
225	772.348
226	863.189
227	814.168
228	848.596
229	764.421
230	777.119
231	799.792
232	791.636
233	827.457
234	764.636
235	794.993
236	829.519
237	763.866
238	780.565
239	793.436
240	851.062
241	762.832
242	739.889
243	807.427
244	828.881
245	769.383
246	823.787
247	784.536
248	816.947
249	842.662
250	829.727
251	783.887
252	841.394
253	793.108
254	802.976
255	793.835
256	812.888
257	797.554
258	785.75
259	761.852
260	781.324
261	720.136
262	719.052
263	818.572
264	815.963
265	791.9
266	759.79
267	836.584
268	812.769
269	785.083
270	819.313
271	873.872
272	763.994
273	800.561
274	785.994
275	836.948
276	820.457
277	852.439
278	854.37
279	774.936
280	792.403
281	846.558
282	836.007
283	791.991
284	856.43
285	832.837
286	793.167
287	843.441
288	819.555
289	786.754
290	787.674
291	842.141
292	869.613
293	800.778
294	776.96
295	804.249
296	801.747
297	800.089
298	781.573
299	865.22
300	786.623
301	767.07
302	771.716
303	815.062
304	805.371
305	757.308
306	788.617
307	765.551
308	775.108
309	819.629
310	755.775
311	789.056
312	787.221
313	790.422
314	794.944
315	761.476
316	794.374
317	772.882
318	786.436
319	765.21
320	870.032
321	797.716
322	807.601
323	754.849
324	737.013
325	752.863
326	769.916
327	818.672
328	807.655
329	842.456
330	828.761
331	790.095
332	817.753
333	803.649
334	833.385
335	821.357
336	841.537
337	817.685
338	780.701
339	752.338
340	905.302
341	837.392
342	814.915
343	837.92
344	779.595
345	830.62
346	820.474
347	765.661
348	782.514
349	794.649
350	741.565
351	765.924
352	743.655
353	786.84
354	830.801
355	884.223
356	819.857
357	849.426
358	821.418
359	832.437
360	798.372
361	805.603
362	785.988
363	766.766
364	782.071
365	799.777
366	791.347
367	806.082
368	766.673
369	816.844
370	753.653
371	787.211
372	874.882
373	819.427
374	845.554
375	857.843
376	860.883
377	866.187
378	837.746
379	791.602
380	828.732
381	760.533
382	792.038
383	817.029
384	854.497
385	792.727
386	799.178
387	760.322
388	804.561
389	804.89
390	873.722
391	806.424
392	830.457
393	862.305
394	796.501
395	781.031
396	792.315
397	794.28
398	850.399
399	804.125
400	813.134
401	832.069
402	806.827
403	783.598
404	746.31
405	733.806
406	773.575
407	800.965
408	756.188
409	759.976
410	785.835
411	785.955
412	758.709
413	749.242
414	776.551
415	810.347
416	730.089
417	841.458
418	756.08
419	780.099
420	821.065
421	822.298
422	764.547
423	714.559
424	828.657
425	744.547
426	797.905
427	789.099
428	790.102
429	875.852
430	827.887
431	848.725
432	853.658
433	946.63
434	999.287
435	875.505
436	942.989
437	834.02
438	896.265
439	829.088
440	814.717
441	841.74
442	834.95
443	837.43
444	779.763
445	788.383
446	906.027
447	827.676
448	815.19
449	841.836
450	860.315
451	862.994
452	864.079
453	890.162
454	847.678
455	846.453
456	851.755
457	851.535
458	841.963
459	874.897
460	823.39
461	839.04
462	898.302
463	856.32
464	887.912
465	852.839
466	873.151
467	832.533
468	845.818
469	802.504
470	824.381
471	823.31
472	863.89
473	831.022
474	782.645
475	793.625
476	793.433
477	810.494
478	874.482
479	801.769
480	818.245
481	883.408
482	817.225
483	856.313
484	819.484
485	815.637
486	841.968
487	778.002
488	806.005
489	803.5
490	876.512
491	807.218
492	839.557
493	869.512
494	850.621
495	840.602
496	827.241
497	828.948
498	777.372
499	751.677
500	765.82
501	797.301
502	802.539
503	835.055
504	791.024
505	779.703
506	829.244
507	836.127
508	790.716
509	780.425
510	755.775
511	805.778
512	778.415
513	865.112
514	797.916
515	808.896
516	755.388
517	802.399
518	785.142
519	794.993
520	766.006
521	816.187
522	819.314
523	826.09
524	773.897
525	774.608
526	842.505
527	856.933
528	848.699
529	810.7
530	818.025
531	872.509
532	849.789
533	823.404
534	858.601
535	846.796
536	799.903
537	847.148
538	824.187
539	860.07
540	841.588
541	885.626
542	899.59
543	788.694
544	803.465
545	796.846
546	789.875
547	806.021
548	822.711
549	839.798
550	848.431
551	800.197
552	735.588
553	725.397
554	785.049
555	836.001
556	740.267
557	781.944
558	799.137
559	796.72
560	811.188
561	795.795
562	735.572
563	780.902
564	789.642
565	744.526
566	758.134
567	764.372
568	727.973
569	800.887
570	822.803
571	790.017
572	751.931
573	754.527
574	757.546
575	787.195
576	747.831
577	762.94
578	800.581
579	722.681
580	735.599
581	747.414
582	820.424
583	849.567
584	788.353
585	771.991
586	796.5
587	822.453
588	843.334
589	796.814
590	803.276
591	935.644
592	776.374
593	818.794
594	837.063
595	858.128
596	804.7
597	873.461
598	870.68
599	808.724
600	805.109
