Frame	Volume
1	369.76
2	369.76
3	369.76
4	369.76
5	369.76
6	369.76
7	369.76
8	369.76
9	369.76
10	369.76
11	369.76
12	369.76
13	369.76
14	369.76
15	369.76
16	369.76
17	369.76
18	369.76
19	369.76
20	369.76
21	369.76
22	369.76
23	369.76
24	369.76
25	369.76
26	369.76
27	369.76
28	369.76
29	369.76
30	369.76
31	369.76
32	369.76
33	369.76
34	369.76
35	369.76
36	369.76
37	369.76
38	369.76
39	369.76
40	369.76
41	369.76
42	369.76
43	369.76
44	369.76
45	369.76
46	369.76
47	369.76
48	369.76
49	369.76
50	369.76
51	369.76
52	369.76
53	369.76
54	369.76
55	369.76
56	369.76
57	369.76
58	369.76
59	369.76
60	369.76
61	369.76
62	369.76
63	369.76
64	369.76
65	369.76
66	369.76
67	369.76
68	369.76
69	369.76
70	369.76
71	369.76
72	369.76
73	353.383
74	371.337
75	369.063
76	369.76
77	369.76
78	369.76
79	369.76
80	369.76
81	369.76
82	360.75
83	375.799
84	364.684
85	369.76
86	369.76
87	369.76
88	369.76
89	369.76
90	369.76
91	369.76
92	369.76
93	369.76
94	364.268
95	364.69
96	370.551
97	369.76
98	369.76
99	369.76
100	369.76
101	369.76
102	369.76
103	369.76
104	369.76
105	369.76
106	369.76
107	369.76
108	369.76
109	369.76
110	369.76
111	369.76
112	369.76
113	369.76
114	369.76
115	369.76
116	369.76
117	369.76
118	369.76
119	369.76
120	369.76
121	369.76
122	369.76
123	369.76
124	369.76
125	369.76
126	369.76
127	369.76
128	369.76
129	369.76
130	369.76
131	369.76
132	369.76
133	369.76
134	369.76
135	369.76
136	369.76
137	369.76
138	369.76
139	368.019
140	370.059
141	365.952
142	369.76
143	369.76
144	369.76
145	360.749
146	371.377
147	353.337
148	386.297
149	374.995
150	355.91
151	369.76
152	369.76
153	369.76
154	369.76
155	369.76
156	369.76
157	369.76
158	369.76
159	369.76
160	369.76
161	369.76
162	369.76
163	369.76
164	369.76
165	369.76
166	369.76
167	369.76
168	369.76
169	369.76
170	369.76
171	369.76
172	369.76
173	369.76
174	369.76
175	369.76
176	369.76
177	369.76
178	369.76
179	369.76
180	369.76
181	369.76
182	369.76
183	369.76
184	369.76
185	369.76
186	369.76
187	369.76
188	369.76
189	369.76
190	369.76
191	369.76
192	369.76
193	369.76
194	369.76
195	369.76
196	369.76
197	369.76
198	369.76
199	369.76
200	369.76
201	369.76
202	369.76
203	369.76
204	369.76
205	369.76
206	369.76
207	369.76
208	369.76
209	369.76
210	369.76
211	369.76
212	369.76
213	369.76
214	369.76
215	369.76
216	369.76
217	369.76
218	369.76
219	369.76
220	369.76
221	369.76
222	369.76
223	369.76
224	369.76
225	369.76
226	369.76
227	369.76
228	369.76
229	369.76
230	369.76
231	369.76
232	369.76
233	369.76
234	369.76
235	369.76
236	369.76
237	369.76
238	369.76
239	369.76
240	369.76
241	369.76
242	369.76
243	369.76
244	369.76
245	369.76
246	369.76
247	369.76
248	369.76
249	369.76
250	369.347
251	352.574
252	391.166
253	369.76
254	369.76
255	369.76
256	369.76
257	369.76
258	369.76
259	369.76
260	369.76
261	369.76
262	369.76
263	369.76
264	369.76
265	369.76
266	369.76
267	369.76
268	369.76
269	369.76
270	369.76
271	369.76
272	369.76
273	369.76
274	369.76
275	369.76
276	369.76
277	369.76
278	369.76
279	369.76
280	369.76
281	369.76
282	369.76
283	369.76
284	369.76
285	369.76
286	369.76
287	369.76
288	369.76
289	369.76
290	369.76
291	369.76
292	369.76
293	369.76
294	369.76
295	369.76
296	369.76
297	369.76
298	369.76
299	369.76
300	369.76
301	369.76
302	369.76
303	369.76
304	369.76
305	369.76
306	369.76
307	369.76
308	369.76
309	369.76
310	369.76
311	369.76
312	369.76
313	369.76
314	369.76
315	369.76
316	369.76
317	369.76
318	369.76
319	369.76
320	369.76
321	369.76
322	369.76
323	369.76
324	369.76
325	369.76
326	369.76
327	369.76
328	369.76
329	369.76
330	369.76
331	369.76
332	369.76
333	369.76
334	369.76
335	369.76
336	369.76
337	369.76
338	369.76
339	369.76
340	369.76
341	369.76
342	369.76
343	369.76
344	369.76
345	369.76
346	369.76
347	369.76
348	369.76
349	369.76
350	369.76
351	369.76
352	369.76
353	369.76
354	369.76
355	369.76
356	369.76
357	369.76
358	369.76
359	369.76
360	369.76
361	369.76
362	369.76
363	369.76
364	369.76
365	369.76
366	369.76
367	369.76
368	369.76
369	369.76
370	361.716
371	386.626
372	362.247
373	369.76
374	369.76
375	369.76
376	369.944
377	370.128
378	387.885
379	382.734
380	378.585
381	384.606
382	369.76
383	369.76
384	369.76
385	369.76
386	369.76
387	369.76
388	369.76
389	369.76
390	369.76
391	376.105
392	371.35
393	371.826
394	369.76
395	369.76
396	369.76
397	369.76
398	369.76
399	369.76
400	369.76
401	369.76
402	369.76
403	369.76
404	369.76
405	369.76
406	369.76
407	369.76
408	369.76
409	369.76
410	369.76
411	369.76
412	369.76
413	369.76
414	369.76
415	369.76
416	369.76
417	369.76
418	369.76
419	369.76
420	369.76
421	369.76
422	369.76
423	369.76
424	369.76
425	369.76
426	369.76
427	369.76
428	369.76
429	369.76
430	369.76
431	369.76
432	369.76
433	369.76
434	369.76
435	369.76
436	369.76
437	369.76
438	369.76
439	369.76
440	369.76
441	369.76
442	382.8
443	356.594
444	380.195
445	376.232
446	360.117
447	354.397
448	369.76
449	369.76
450	369.76
451	369.76
452	369.76
453	369.76
454	369.76
455	369.76
456	369.76
457	369.76
458	369.76
459	369.76
460	369.76
461	369.76
462	369.76
463	369.76
464	369.76
465	369.76
466	369.76
467	369.76
468	369.76
469	369.76
470	369.76
471	369.76
472	369.76
473	369.76
474	369.76
475	369.76
476	369.76
477	369.76
478	369.76
479	369.76
480	369.76
481	369.76
482	369.76
483	369.76
484	369.76
485	369.76
486	369.76
487	369.76
488	369.76
489	369.76
490	369.76
491	369.76
492	369.76
493	369.76
494	369.76
495	369.76
496	369.76
497	369.76
498	369.76
499	369.76
500	369.76
501	369.76
502	369.76
503	369.76
504	369.76
505	369.76
506	369.76
507	369.76
508	369.76
509	369.76
510	369.76
511	369.76
512	369.76
513	369.76
514	369.76
515	369.76
516	369.76
517	369.76
518	369.76
519	369.76
520	369.76
521	369.76
522	369.76
523	369.76
524	369.76
525	369.76
526	369.76
527	369.76
528	369.76
529	369.76
530	369.76
531	369.76
532	369.76
533	369.76
534	369.76
535	369.76
536	369.76
537	369.76
538	369.76
539	369.76
540	369.76
541	369.76
542	369.76
543	369.76
544	369.76
545	369.76
546	369.76
547	365.142
548	373.176
549	365.831
550	369.76
551	369.76
552	369.76
553	369.76
554	369.76
555	369.76
556	369.76
557	369.76
558	369.76
559	369.76
560	369.76
561	369.76
562	369.76
563	369.76
564	369.76
565	369.76
566	369.76
567	369.76
568	369.76
569	369.76
570	369.76
571	369.76
572	369.76
573	369.76
574	369.76
575	369.76
576	369.76
577	369.76
578	369.76
579	369.76
580	369.76
581	369.76
582	369.76
583	369.76
584	369.76
585	369.76
586	369.76
587	369.76
588	369.76
589	369.76
590	369.76
591	369.76
592	369.76
593	369.76
594	369.76
