Frame	Volume
1	802.604
2	790.025
3	799.529
4	793.445
5	801.224
6	815.235
7	802.401
8	795.154
9	801.385
10	795.446
11	799.033
12	801.233
13	801.554
14	802.33
15	798.413
16	799.493
17	802.938
18	801.094
19	800.614
20	798.358
21	797.97
22	798.979
23	801.699
24	799.435
25	799.945
26	800.155
27	799.086
28	798.748
29	797.835
30	799.056
31	799.633
32	798.091
33	799.334
34	800.73
35	799.357
36	800.235
37	799.023
38	799.154
39	798.474
40	798.427
41	800.551
42	799.109
43	799.404
44	798.824
45	799.709
46	800.355
47	798.82
48	799.917
49	798.647
50	800.769
51	798.94
52	797.642
53	799.32
54	800.717
55	799.155
56	800.324
57	799.163
58	799.942
59	798.345
60	798.441
61	797.817
62	799.254
63	799.129
64	801.357
65	798.771
66	799.012
67	799.004
68	799.055
69	799.12
70	800.057
71	799.386
72	799.456
73	800.187
74	800.258
75	798.507
76	799.817
77	798.704
78	799.834
79	799.493
80	799.902
81	799.06
82	798.996
83	800.033
84	799.691
85	799.283
86	798.782
87	798.693
88	799.348
89	799.591
90	799.309
91	799.044
92	799.499
93	799.461
94	799.176
95	799.717
96	799.121
97	798.697
98	799.531
99	799.243
100	799.18
101	799.497
102	799.375
103	798.805
104	798.989
105	799.261
106	798.703
107	799.676
108	799.232
109	799.142
110	799.767
111	799.857
112	799.28
113	799.625
114	799.175
115	799.391
116	799.35
117	798.95
118	799.454
119	799.139
120	799.153
121	799.783
122	799.364
123	798.937
124	798.733
125	799.258
126	799.255
127	799.389
128	799.13
129	798.94
130	799.491
131	799.44
132	798.807
133	799.32
134	799.474
135	798.891
136	799.629
137	798.962
138	799.607
139	799.905
140	799.348
141	799.403
142	799.217
143	799.185
144	799.226
145	799.33
146	799.047
147	799.247
148	799.404
149	799.25
150	799.044
151	799.388
152	799.25
153	799.349
154	799.62
155	799.776
156	798.937
157	799.908
158	799.295
159	799.989
160	799.466
161	799.678
162	799.446
163	798.705
164	799.402
165	799.344
166	799.58
167	799.106
168	799.169
169	799.182
170	799.557
171	799.195
172	799.62
173	799.209
174	799.584
175	799.576
176	799.418
177	799.454
178	799.138
179	799.266
180	799.206
181	799.169
182	798.989
183	799.167
184	799.59
185	799.326
186	799.45
187	798.995
188	799.427
189	799.306
190	799.256
191	799.294
192	799.264
193	799.147
194	798.892
195	799.377
196	799.373
197	799.338
198	798.807
199	799.403
200	799.54
201	799.286
202	798.815
203	799.374
204	799.528
205	798.567
206	799.071
207	799.393
208	799.055
209	798.913
210	799.41
211	799.355
212	799.102
213	799.285
214	799.596
215	799.354
216	799.313
217	798.904
218	799.307
219	799.23
220	799.525
221	799.271
222	799.283
223	799.275
224	799.328
225	799.315
226	799.538
227	799.37
228	798.908
229	799.15
230	799.679
231	799.325
232	799.604
233	799.524
234	799.331
235	799.391
236	799.442
237	799.607
238	799.036
239	799.055
240	799.1
241	799.322
242	799.179
243	799.426
244	799.03
245	799.139
246	798.698
247	799.28
248	798.949
249	799.234
250	799.477
251	799.964
252	799.357
253	799.388
254	799.281
255	799.59
256	799.139
257	799.064
258	799.131
259	798.974
260	799.527
261	799.113
262	799.459
263	799.229
264	799.587
265	799.305
266	799.59
267	798.738
268	799.233
269	799.544
270	799.264
271	799.662
272	799.446
273	799.613
274	799.69
275	798.918
276	799.067
277	799.801
278	799.619
279	799.323
280	798.971
281	799.282
282	799.206
283	799.294
284	799.287
285	798.897
286	799.113
287	799.049
288	798.949
289	799.747
290	799.408
291	799.321
292	799.242
293	799.062
294	799.452
295	799.114
296	799.326
297	799.28
298	799.168
299	799.022
300	799.27
301	799.364
302	799.002
303	799.282
304	799.153
305	799.132
306	799.317
307	799.338
308	799.442
309	799.463
310	799.334
311	799.409
312	799.393
313	799.172
314	799.149
315	799.193
316	799.188
317	799.271
318	799.51
319	799.188
320	799.407
321	799.517
322	799.277
323	799.14
324	799.222
325	799.508
326	799.391
327	799.272
328	799.478
329	799.241
330	799.451
331	799.08
332	799.463
333	799.048
334	799.219
335	799.354
336	799.37
337	799.127
338	799.525
339	799.269
340	799.396
341	799.437
342	799.359
343	799.386
344	799.301
345	799.229
346	799.16
347	799.183
348	799.304
349	799.275
350	799.296
351	799.4
352	799.282
353	799.408
354	799.214
355	799.463
356	799.493
357	799.441
358	799.342
359	799.383
360	799.293
361	799.518
362	799.41
363	799.295
364	799.32
365	799.209
366	799.392
367	799.358
368	799.219
369	799.159
370	799.151
371	799.247
372	799.146
373	799.19
374	799.181
375	799.436
376	799.154
377	799.28
378	799.074
379	799.03
380	799.335
381	799.327
382	799.48
383	799.077
384	799.374
385	799.313
386	799.35
387	799.279
388	799.247
389	799.277
390	799.262
391	799.288
392	799.267
393	799.374
394	799.254
395	799.322
396	799.317
397	799.486
398	799.182
399	799.224
400	799.301
401	799.373
402	799.426
403	799.242
404	799.314
405	799.379
406	799.449
407	799.34
408	799.436
409	799.35
410	799.317
411	799.216
412	799.184
413	799.281
414	799.128
415	799.298
416	799.366
417	799.367
418	799.207
419	799.31
420	799.22
421	799.17
422	799.276
423	799.365
424	799.174
425	799.196
426	799.214
427	799.245
428	799.303
429	799.212
430	799.351
431	799.335
432	799.319
433	799.241
434	799.261
435	799.313
436	799.346
437	799.258
438	799.251
439	799.379
440	799.328
441	799.168
442	799.334
443	799.395
444	799.318
445	799.484
446	799.299
447	799.296
448	799.255
449	799.339
450	799.32
451	799.422
452	799.216
453	799.223
454	799.238
455	799.205
456	799.459
457	799.295
458	799.383
459	799.288
460	799.119
461	799.365
462	799.132
463	799.432
464	799.129
465	799.353
466	799.223
467	799.317
468	799.369
469	799.338
470	799.505
471	799.219
472	799.341
473	799.098
474	799.141
475	799.456
476	799.221
477	799.336
478	799.179
479	799.266
480	799.251
481	799.278
482	799.148
483	799.379
484	799.191
485	799.294
486	799.296
487	799.288
488	799.326
489	799.194
490	799.425
491	799.301
492	799.316
493	799.415
494	799.26
495	798.993
496	799.472
497	799.161
498	799.396
499	799.287
500	799.276
501	799.241
502	799.395
503	799.109
504	799.318
505	799.32
506	799.341
507	799.253
508	799.271
509	799.377
510	799.169
511	799.232
512	799.274
513	799.305
514	799.316
515	799.438
516	799.108
517	799.278
518	799.384
519	799.163
520	799.287
521	799.181
522	799.335
523	799.386
524	799.415
525	799.31
526	799.284
527	799.312
528	799.233
529	799.228
530	798.939
531	799.471
532	799.089
533	799.349
534	799.353
535	799.157
536	799.251
537	799.238
538	799.223
539	799.225
540	799.508
541	799.283
542	799.401
543	799.198
544	799.444
545	798.996
546	799.147
547	799.267
548	799.196
549	799.067
550	799.456
551	799.077
552	799.099
553	799.214
554	799.082
555	799.203
556	799.363
557	799.276
558	799.366
559	799.161
560	799.377
561	799.151
562	799.288
563	799.338
564	799.268
565	799.127
566	799.218
567	799.387
568	799.338
569	799.261
570	799.315
571	799.292
572	799.366
573	799.259
574	799.252
575	799.358
576	799.327
577	799.275
578	799.094
579	799.277
580	799.254
581	799.264
582	799.156
583	799.291
584	799.236
585	799.349
586	799.269
587	799.343
588	799.266
589	799.207
590	799.341
591	799.273
592	799.366
593	799.283
594	799.256
595	799.339
596	799.24
597	799.21
598	799.188
599	799.318
600	799.316
601	799.339
602	799.27
603	799.304
604	799.244
605	799.282
606	799.283
607	799.26
608	799.169
609	799.304
610	799.281
611	799.336
612	799.239
613	799.357
614	799.232
615	799.248
616	799.334
617	799.312
618	799.298
619	799.257
620	799.333
621	799.351
622	799.195
623	799.159
624	799.22
625	799.217
626	799.241
627	799.239
628	799.241
629	799.31
630	799.337
631	799.24
632	799.297
633	799.249
634	799.253
635	799.297
636	799.282
637	799.255
638	799.296
639	799.308
640	799.207
641	799.315
642	799.266
643	799.394
644	799.219
645	799.27
646	799.173
647	799.289
648	799.264
649	799.258
650	799.237
651	799.286
652	799.23
653	799.256
654	799.285
655	799.253
656	799.26
657	799.354
658	799.296
659	799.33
660	799.236
661	799.308
662	799.23
663	799.276
664	799.231
665	799.234
666	799.284
667	799.226
668	799.29
669	799.299
670	799.262
671	799.228
672	799.297
673	799.275
674	799.301
675	799.291
676	799.253
677	799.251
678	799.318
679	799.157
680	799.201
681	799.26
682	799.275
683	799.256
684	799.256
685	799.283
686	799.299
687	799.282
688	799.29
689	799.299
690	799.243
691	799.278
692	799.275
693	799.248
694	799.274
695	799.292
696	799.293
697	799.27
698	799.279
699	799.266
700	799.28
701	799.265
702	799.303
703	799.27
704	799.315
705	799.271
706	799.284
707	799.254
708	799.281
709	799.242
710	799.264
711	799.29
712	799.241
713	799.263
714	799.338
715	799.264
716	799.315
717	799.263
718	799.254
719	799.258
720	799.28
721	799.264
722	799.28
723	799.28
724	799.247
725	799.276
726	799.28
727	799.28
728	799.276
729	799.301
730	799.267
731	799.28
732	799.284
733	799.259
734	799.3
735	799.284
736	799.28
737	799.3
738	799.32
739	799.255
740	799.285
741	799.291
742	799.264
743	799.26
744	799.255
745	799.28
746	799.285
747	799.284
748	799.298
749	799.255
750	799.28
751	799.28
752	799.28
753	799.306
754	799.272
755	799.296
756	799.294
757	799.262
758	799.273
759	799.269
760	799.28
761	799.291
762	799.278
763	799.266
764	799.28
765	799.294
766	799.265
767	799.261
768	799.327
769	799.293
770	799.28
771	799.293
772	799.26
773	799.253
774	799.273
775	799.28
776	799.299
777	799.266
778	799.276
779	799.27
780	799.24
781	799.288
782	799.272
783	799.267
784	799.309
785	799.275
786	799.28
787	799.294
788	799.28
789	799.274
790	799.28
791	799.28
792	799.28
793	799.28
794	799.285
795	799.285
