Frame	Volume
1	1295.77
2	1240.63
3	1264.57
4	1253.06
5	1263.51
6	1270.59
7	1268.57
8	1257
9	1273.25
10	1260.86
11	1263.91
12	1265.17
13	1268.68
14	1269.45
15	1267.27
16	1267.97
17	1268.95
18	1264.57
19	1266.29
20	1263.68
21	1263.94
22	1265.64
23	1266.9
24	1265.18
25	1265.33
26	1265.16
27	1264.18
28	1263.73
29	1261.78
30	1264.89
31	1265.45
32	1262.88
33	1265.44
34	1266.77
35	1263.47
36	1265.13
37	1263.84
38	1265.1
39	1263.59
40	1263.41
41	1264.45
42	1264.7
43	1265.5
44	1263.69
45	1264.29
46	1265.55
47	1264.48
48	1265.34
49	1264.62
50	1265.56
51	1264.18
52	1262.83
53	1263.93
54	1266.47
55	1265.65
56	1265.28
57	1265.3
58	1265.27
59	1263.73
60	1264.37
61	1264.31
62	1264.58
63	1265.29
64	1266.17
65	1264.85
66	1264.24
67	1264.31
68	1264.78
69	1265.59
70	1264.78
71	1265.15
72	1265.16
73	1265.59
74	1266.22
75	1264.56
76	1264.92
77	1263.8
78	1265.07
79	1264.83
80	1265.52
81	1265.19
82	1263.62
83	1265.62
84	1265.14
85	1264.56
86	1264.47
87	1264.85
88	1264.35
89	1265.37
90	1264.81
91	1264.89
92	1264.59
93	1265.25
94	1265.27
95	1264.9
96	1265
97	1263.95
98	1264.69
99	1264.37
100	1265.09
101	1264.9
102	1264.48
103	1264.14
104	1264.29
105	1264.47
106	1264.54
107	1265.57
108	1264.99
109	1265.63
110	1265.1
111	1265.06
112	1264.64
113	1265
114	1264.67
115	1264.31
116	1264.95
117	1263.68
118	1265.38
119	1264.61
120	1265.17
121	1265.69
122	1265.07
123	1264.12
124	1263.91
125	1265.04
126	1265.43
127	1264.89
128	1264.79
129	1264.15
130	1265.74
131	1265.11
132	1263.87
133	1264.61
134	1264.83
135	1265.14
136	1264.73
137	1264.2
138	1265.02
139	1265.93
140	1264.82
141	1265.11
142	1264.63
143	1264.64
144	1264.8
145	1264.6
146	1264.15
147	1264.6
148	1265.25
149	1265.15
150	1264.11
151	1264.72
152	1264.87
153	1264.99
154	1265
155	1265.34
156	1264.57
157	1265.38
158	1264.95
159	1265.38
160	1264.92
161	1264.74
162	1265.15
163	1264.31
164	1264.72
165	1265.14
166	1264.43
167	1264.82
168	1264.23
169	1264.56
170	1265.17
171	1264.69
172	1265.31
173	1264.45
174	1265.5
175	1264.88
176	1264.66
177	1265.22
178	1265
179	1264.79
180	1264.71
181	1264.73
182	1264.88
183	1264.58
184	1264.98
185	1264.78
186	1264.88
187	1264.74
188	1265.06
189	1264.75
190	1264.8
191	1264.9
192	1264.79
193	1264.86
194	1264.39
195	1264.93
196	1265
197	1265.11
198	1264.46
199	1265.04
200	1265
201	1264.73
202	1264.33
203	1264.93
204	1265.03
205	1264.54
206	1264.92
207	1264.74
208	1264.62
209	1264.5
210	1265.3
211	1264.95
212	1264.83
213	1264.94
214	1264.97
215	1264.77
216	1264.86
217	1264.55
218	1264.87
219	1264.62
220	1265
221	1265.08
222	1265.03
223	1264.86
224	1265.05
225	1264.86
226	1264.89
227	1264.81
228	1264.47
229	1264.84
230	1264.95
231	1265.03
232	1265.11
233	1265
234	1265.03
235	1265.02
236	1264.96
237	1264.94
238	1264.65
239	1264.74
240	1264.67
241	1264.91
242	1264.88
243	1264.76
244	1264.96
245	1264.44
246	1264.37
247	1264.97
248	1264.59
249	1264.6
250	1265.04
251	1265.54
252	1264.8
253	1264.94
254	1264.85
255	1265.27
256	1264.74
257	1264.54
258	1264.65
259	1264.72
260	1265.04
261	1264.83
262	1265.22
263	1264.93
264	1264.91
265	1265.1
266	1264.88
267	1264.52
268	1264.54
269	1264.94
270	1264.73
271	1264.94
272	1265.27
273	1264.85
274	1264.63
275	1264.43
276	1264.86
277	1264.98
278	1264.79
279	1264.74
280	1264.93
281	1264.87
282	1265.09
283	1264.6
284	1265.31
285	1264.93
286	1264.74
287	1264.81
288	1264.87
289	1264.74
290	1264.88
291	1264.74
292	1264.48
293	1264.81
294	1264.75
295	1264.64
296	1264.99
297	1264.89
298	1264.55
299	1264.88
300	1264.65
301	1264.72
302	1264.7
303	1264.56
304	1264.85
305	1264.84
306	1264.91
307	1264.95
308	1265.19
309	1264.84
310	1265.17
311	1264.8
312	1264.96
313	1264.91
314	1264.69
315	1264.69
316	1264.91
317	1265.05
318	1264.86
319	1264.87
320	1264.91
321	1264.94
322	1264.72
323	1264.69
324	1264.94
325	1264.89
326	1264.82
327	1264.44
328	1265.37
329	1264.76
330	1264.79
331	1264.95
332	1265.02
333	1264.45
334	1264.76
335	1264.59
336	1264.92
337	1264.78
338	1264.95
339	1264.91
340	1264.7
341	1264.74
342	1264.81
343	1265.03
344	1264.84
345	1264.77
346	1264.61
347	1264.86
348	1264.76
349	1264.7
350	1264.84
351	1264.8
352	1264.69
353	1264.9
354	1264.99
355	1265.07
356	1264.97
357	1264.74
358	1264.72
359	1264.89
360	1264.73
361	1265.04
362	1264.77
363	1264.78
364	1264.97
365	1264.86
366	1264.91
367	1264.85
368	1264.74
369	1264.92
370	1264.84
371	1264.72
372	1264.95
373	1264.77
374	1264.87
375	1264.93
376	1264.66
377	1264.58
378	1264.72
379	1264.65
380	1264.79
381	1264.84
382	1265.1
383	1264.58
384	1264.81
385	1264.89
386	1264.9
387	1264.9
388	1264.84
389	1264.59
390	1264.77
391	1264.8
392	1264.92
393	1265.12
394	1264.75
395	1264.87
396	1264.86
397	1264.77
398	1264.96
399	1264.99
400	1264.89
401	1264.85
402	1264.81
403	1265.09
404	1265.13
405	1264.96
406	1264.97
407	1264.76
408	1264.97
409	1264.84
410	1264.92
411	1264.72
412	1264.78
413	1264.89
414	1264.8
415	1264.69
416	1264.85
417	1264.86
418	1264.63
419	1264.88
420	1264.83
421	1264.84
422	1264.85
423	1265.01
424	1264.62
425	1264.63
426	1264.87
427	1264.82
428	1264.92
429	1264.87
430	1264.74
431	1264.78
432	1264.82
433	1264.66
434	1264.91
435	1264.88
436	1264.75
437	1264.75
438	1264.85
439	1265
440	1264.81
441	1264.8
442	1264.88
443	1264.7
444	1264.97
445	1264.86
446	1264.81
447	1264.87
448	1264.68
449	1264.93
450	1264.91
451	1265.03
452	1264.77
453	1264.95
454	1264.92
455	1264.64
456	1264.86
457	1264.76
458	1264.91
459	1264.85
460	1264.89
461	1264.88
462	1264.8
463	1264.79
464	1264.72
465	1264.92
466	1264.85
467	1264.69
468	1265.06
469	1264.86
470	1264.82
471	1264.76
472	1264.97
473	1264.81
474	1264.9
475	1264.92
476	1264.83
477	1264.83
478	1264.88
479	1264.82
480	1264.85
481	1264.83
482	1264.68
483	1264.93
484	1264.91
485	1264.84
486	1264.71
487	1264.71
488	1264.85
489	1264.75
490	1264.86
491	1264.89
492	1264.81
493	1264.8
494	1264.85
495	1264.58
496	1264.92
497	1264.74
498	1264.59
499	1264.95
500	1264.85
501	1264.72
502	1264.81
503	1264.79
504	1264.83
505	1264.82
506	1264.8
507	1264.6
508	1264.97
509	1264.98
510	1264.7
511	1264.71
512	1264.9
513	1264.92
514	1264.81
515	1264.92
516	1264.72
517	1264.89
518	1264.88
519	1264.76
520	1264.81
521	1264.83
522	1264.81
523	1264.82
524	1264.89
525	1264.85
526	1264.87
527	1264.86
528	1264.89
529	1264.66
530	1264.54
531	1264.91
532	1264.76
533	1264.73
534	1264.82
535	1264.67
536	1264.66
537	1264.93
538	1264.77
539	1264.89
540	1265.03
541	1264.76
542	1264.93
543	1264.78
544	1264.93
545	1264.65
546	1264.61
547	1264.85
548	1264.67
549	1264.57
550	1265.03
551	1264.58
552	1264.72
553	1264.7
554	1264.63
555	1264.71
556	1264.98
557	1264.89
558	1264.95
559	1264.7
560	1264.87
561	1264.63
562	1264.84
563	1264.88
564	1264.79
565	1264.77
566	1264.82
567	1264.98
568	1264.9
569	1264.78
570	1264.85
571	1264.8
572	1264.78
573	1264.75
574	1264.83
575	1264.8
576	1264.82
577	1264.83
578	1264.75
579	1264.82
580	1264.93
581	1264.84
582	1264.65
583	1264.74
584	1264.8
585	1264.85
586	1264.84
587	1264.81
588	1264.89
589	1264.81
590	1264.83
591	1264.79
592	1264.89
593	1264.79
594	1264.75
595	1264.92
596	1264.95
597	1264.97
598	1264.78
599	1264.91
600	1264.76
601	1264.82
602	1264.8
603	1264.79
604	1264.86
605	1264.79
606	1264.85
607	1264.8
608	1264.82
609	1264.97
610	1264.81
611	1264.85
612	1264.85
613	1264.83
614	1264.84
615	1264.74
616	1264.87
617	1264.83
618	1264.76
619	1264.81
620	1264.78
621	1264.94
622	1264.73
623	1264.78
624	1264.82
625	1264.79
626	1264.73
627	1264.84
628	1264.81
629	1264.85
630	1264.88
631	1264.78
632	1264.86
633	1264.81
634	1264.8
635	1264.84
636	1264.85
637	1264.78
638	1264.84
639	1264.85
640	1264.77
641	1264.85
642	1264.84
643	1264.86
644	1264.92
645	1264.84
646	1264.75
647	1264.9
648	1264.76
649	1264.76
650	1264.75
651	1264.89
652	1264.81
653	1264.81
654	1264.93
655	1264.86
656	1264.86
657	1264.83
658	1264.81
659	1264.88
660	1264.81
661	1264.82
662	1264.81
663	1264.8
664	1264.79
665	1264.8
666	1264.84
667	1264.8
668	1264.83
669	1264.86
670	1264.82
671	1264.79
672	1264.86
673	1264.82
674	1264.84
675	1264.85
676	1264.79
677	1264.8
678	1264.84
679	1264.74
680	1264.78
681	1264.82
682	1264.82
683	1264.8
684	1264.81
685	1264.83
686	1264.84
687	1264.89
688	1264.8
689	1264.89
690	1264.73
691	1264.83
692	1264.83
693	1264.79
694	1264.82
695	1264.8
696	1264.83
697	1264.85
698	1264.85
699	1264.82
700	1264.67
701	1264.82
702	1264.86
703	1264.72
704	1264.86
705	1264.83
706	1264.73
707	1264.83
708	1264.88
709	1264.85
710	1264.83
711	1264.85
712	1264.83
713	1264.8
714	1264.76
715	1264.83
716	1264.79
717	1264.85
718	1264.85
719	1264.81
720	1264.82
721	1264.84
722	1264.87
723	1264.83
724	1264.84
725	1264.82
726	1264.83
727	1264.79
728	1264.81
729	1264.81
730	1264.85
731	1264.83
732	1264.86
733	1264.82
734	1264.83
735	1264.84
736	1264.86
737	1264.8
738	1264.81
739	1264.81
740	1264.79
741	1264.84
742	1264.85
743	1264.81
744	1264.84
745	1264.82
746	1264.84
747	1264.82
748	1264.84
749	1264.86
750	1264.82
751	1264.82
752	1264.82
753	1264.85
754	1264.81
755	1264.83
756	1264.81
757	1264.76
758	1264.85
759	1264.82
760	1264.8
761	1264.83
762	1264.86
763	1264.8
764	1264.81
765	1264.82
766	1264.81
767	1264.82
768	1264.84
769	1264.83
770	1264.84
771	1264.84
772	1264.84
773	1264.83
774	1264.89
775	1264.82
776	1264.8
777	1264.8
778	1264.79
779	1264.81
780	1264.73
781	1264.89
782	1264.84
783	1264.81
784	1264.84
785	1264.8
786	1264.82
787	1264.83
788	1264.82
789	1264.82
790	1264.82
791	1264.82
792	1264.82
793	1264.82
794	1264.84
795	1264.82
