1	989.595
2	940.448
3	823.175
4	839.402
5	921.092
6	759.626
7	798.226
8	751.617
9	832.786
10	929.231
11	882.345
12	828.053
13	960.271
14	854.125
15	927.104
16	781.334
17	1074.63
18	845.061
19	822.055
20	892.052
21	962.544
22	829.353
23	1000.64
24	1003.73
25	906.31
26	1027.33
27	909.543
28	696.447
29	764.626
30	954.042
31	959.984
32	974.992
33	1040.83
34	812.907
35	979.678
36	1041.84
37	937.868
38	853.054
39	759.919
40	806.954
41	1363.49
42	1098.41
43	967.644
44	908.455
45	1319.51
46	1217.88
47	1266.85
48	1172.42
49	1183.21
50	1284.26
51	1244.2
52	1396.52
53	1113.9
54	927.195
55	1129.35
56	885.943
57	948.178
58	993.264
59	1110.06
60	978.102
61	902.187
62	998.956
63	991.025
64	1004.27
65	1137.69
66	1031.08
67	731.036
68	672.459
69	792.668
70	788.156
71	770.382
72	748.38
73	958.396
74	779.81
75	662.442
76	905.476
77	926.687
78	885.017
79	668.683
80	873.747
81	918.221
82	754.332
83	772.456
84	770.324
85	700.792
86	912.952
87	922.83
88	777.454
89	720.094
90	750.151
91	679.769
92	776.827
93	912.386
94	793.583
95	879.271
96	898.8
97	841.874
98	891.558
99	844.633
100	1012.74
101	807.775
102	789.669
103	938.801
104	762.336
105	829.1
106	992.19
107	945.013
108	880.418
109	1003.94
110	824.412
111	1070.01
112	768.986
113	880.125
114	843.758
115	925.128
116	1130.45
117	1039.17
118	930.716
119	1035.06
120	941.963
121	1115.62
122	969.996
123	1062.47
124	1045.07
125	1098.03
126	927.154
127	845.849
128	987.78
129	979.874
130	865.072
131	904.341
132	920.862
133	873.694
134	903.634
135	859.411
136	931.646
137	915.814
138	1139.06
139	970.041
140	882.79
141	1072.94
142	920.87
143	1100.46
144	743.844
145	929.776
146	862.972
147	871.091
148	1066.29
149	885.892
150	862.748
151	756.492
152	769.678
153	909.699
154	767.163
155	886.523
156	858.742
157	890.635
158	752.037
159	954.268
160	909.88
161	898.814
162	788.643
163	1014.65
164	975.903
165	813.639
166	986.164
167	845.412
168	818.62
169	823.86
170	621.581
171	844.43
172	736.278
173	595.929
174	787.661
175	509.323
176	900.954
177	924.416
178	943.436
179	787.441
180	766.534
181	829.058
182	607.896
183	807.841
184	683.641
185	675.272
186	919.485
187	711.443
188	782.079
189	832.392
190	805.349
191	844.962
192	736.418
193	735.236
194	862.34
195	709.19
196	764.955
197	879.67
198	832.841
199	710.427
200	721.652
