1	1093.79
2	1090.37
3	991.414
4	1170.85
5	1065.05
6	1429
7	1146.2
8	1144.55
9	1341.75
10	1184.05
11	1070.59
12	1330.84
13	1414.39
14	1295.68
15	1159.77
16	1201.2
17	1150.45
18	1064.17
19	1509.14
20	1458.53
21	1303.04
22	1404.22
23	1139.57
24	1417.77
25	1370.91
26	1332.82
27	1337.35
28	1304.62
29	1223.97
30	1301.03
31	1323.11
32	1525.72
33	1345.8
34	1026.14
35	1142.67
36	1191.67
37	1330.48
38	1449.48
39	1587.84
40	1525.49
41	1539.34
42	1454.13
43	1495.19
44	1667.74
45	1434.8
46	1448.87
47	1486.79
48	1498.35
49	1345.45
50	1372.01
51	1284.23
52	1413.45
53	1402.23
54	1342.35
55	1514.42
56	1181.16
57	1420.43
58	1434.21
59	1226.35
60	1274.46
61	1440.76
62	1242.15
63	1561.56
64	1595.46
65	1602.23
66	1433.67
67	1512.56
68	1411.02
69	1415.52
70	1506.15
71	1457.18
72	1441.86
73	1567.3
74	1532.66
75	1489.53
76	1262.45
77	1379.55
78	1527.71
79	1365.15
80	1400.9
81	1302.68
82	1367.25
83	1577.57
84	1441.41
85	1471.71
86	1451.43
87	1406.84
88	1382.37
89	1445.77
90	1404.8
91	1504.91
92	1424.89
93	1377.11
94	1300.26
95	1405.92
96	1296.33
97	1309.2
98	1394.72
99	1040.74
100	1180.98
101	1206.39
102	1130.79
103	1360.96
104	1402.59
105	1412.06
106	1237.79
107	1488.36
108	1371.36
109	1396.21
110	1248.15
111	1388.16
112	1360.82
113	1467.77
114	1310.01
115	1334.74
116	1344.99
117	1292.02
118	1515.8
119	1385.07
120	1402.91
121	1366.92
122	1312.05
123	1525.22
124	1434.25
125	1524.5
126	1412.03
127	1205.36
128	1139.3
129	1472.16
130	1420.8
131	1432.1
132	737.51
133	984.644
134	1476.74
135	1492.94
136	1343.9
137	1508.16
138	1578.5
139	1584.4
140	1571.85
141	1371.57
142	1561.02
143	1063.14
144	1522.71
145	1602.56
146	1382.05
147	1548.51
148	1017.98
149	1126.48
150	1090.15
151	1436.94
152	1283.76
153	1357.39
154	1588.15
155	1060.34
156	1418.87
157	1402.74
158	1433.68
159	1155.37
160	1201.24
161	1382.29
162	1270.5
163	806.599
164	1146.33
165	1071.51
166	1079.77
167	1154.29
168	1167.45
169	1217.85
170	1089.4
171	1294.99
172	1209.69
173	1123.32
174	1435.57
175	1248.69
176	1250.67
177	1209.54
178	1155.84
179	1224.54
180	1432.24
181	1353.62
182	1256.13
183	1496.39
184	1501.43
185	767.452
186	1581.78
187	1315.72
188	1605.74
189	1569.16
190	873.303
191	1305.03
192	1335.65
193	1330.89
194	1326.51
195	1479.45
196	1579.9
197	1620.48
198	1592.97
199	1494.35
200	1548.46
