1	989.595
2	940.448
3	823.175
4	839.402
5	921.092
6	759.626
7	798.226
8	751.617
9	832.786
10	929.231
11	882.345
12	828.053
13	960.271
14	854.125
15	927.104
16	781.334
17	1074.63
18	845.061
19	822.055
20	892.052
21	962.544
22	829.353
23	1000.64
24	1003.73
25	906.31
26	1027.33
27	909.543
28	696.447
29	764.626
30	954.042
31	959.984
32	974.992
33	1040.83
34	812.907
35	979.678
36	1041.84
37	937.868
38	853.054
39	759.919
40	806.954
41	1363.49
42	1098.41
43	967.644
44	908.455
45	1319.51
46	1217.88
47	1266.85
48	1172.42
49	1183.21
50	1284.26
51	1244.2
52	1396.52
53	1113.9
54	927.195
55	1129.35
56	885.943
57	948.178
58	993.264
59	1110.06
60	978.102
61	902.187
62	998.956
63	991.025
64	1004.27
65	1137.69
66	1031.08
67	731.036
68	672.459
69	792.668
70	788.156
71	770.382
72	748.38
73	958.396
74	779.81
75	662.442
76	905.476
77	926.687
78	885.017
79	668.683
80	873.747
81	918.221
82	754.332
83	772.456
84	770.324
85	700.792
86	912.952
87	922.83
88	777.454
89	720.094
90	750.151
91	679.769
92	776.827
93	912.386
94	793.583
95	879.271
96	898.8
97	841.874
98	891.558
99	844.633
100	1012.74
101	807.775
102	789.669
103	938.801
104	762.336
105	829.1
106	992.19
107	945.013
108	880.418
109	1003.94
110	824.412
111	1070.01
112	768.986
113	880.125
114	843.758
115	925.128
116	1130.45
117	1039.17
118	930.716
119	1035.06
120	941.963
121	1115.62
122	969.996
123	1062.47
124	1045.07
125	1098.03
126	927.154
127	845.849
128	987.78
129	979.874
130	865.072
131	904.341
132	920.862
133	873.694
134	903.634
135	859.411
136	931.646
137	915.814
138	1139.06
139	970.041
140	882.79
141	1072.94
142	920.87
143	1100.46
144	743.844
145	929.776
146	862.972
147	871.091
148	1066.29
149	885.892
150	862.748
151	756.492
152	769.678
153	909.699
154	767.163
155	886.523
156	858.742
157	890.635
158	752.037
159	954.268
160	909.88
161	898.814
162	788.643
163	1014.65
164	975.903
165	813.639
166	986.164
167	845.412
168	818.62
169	823.86
170	621.581
171	844.43
172	736.278
173	595.929
174	787.661
175	509.323
176	900.954
177	924.416
178	943.436
179	787.441
180	766.534
181	829.058
182	607.896
183	807.841
184	683.641
185	675.272
186	919.485
187	711.443
188	782.079
189	832.392
190	805.349
191	844.962
192	736.418
193	735.236
194	862.34
195	709.19
196	764.955
197	879.67
198	832.841
199	710.427
200	721.652
201	773.276
202	817.149
203	936.608
204	859.858
205	774.852
206	934.707
207	857.816
208	959.087
209	938.101
210	811.173
211	839.806
212	873.409
213	879.671
214	1141.22
215	949.15
216	908.33
217	833.276
218	682.09
219	818.425
220	814.109
221	1192.2
222	763.967
223	865.607
224	774.846
225	878.184
226	823.296
227	790.433
228	732.067
229	774.802
230	728.365
231	740.764
232	750.948
233	696.362
234	745.138
235	813.46
236	847.727
237	696.972
238	980.937
239	671.681
240	784.52
241	740.27
242	929.291
243	693.604
244	1048.05
245	796.971
246	921.199
247	979.06
248	846.434
249	822.069
250	822.624
251	726.87
252	801.371
253	858.418
254	652.02
255	825.243
256	834.267
257	817.851
258	861.044
259	894.268
260	899.973
261	1053.19
262	894.975
263	780.865
264	762.663
265	744.388
266	713.741
267	724.187
268	638.079
269	934.922
270	771.053
271	669.052
272	795.766
273	864.669
274	870.274
275	1089.56
276	815.495
277	982.562
278	859.655
279	886.214
280	832.875
281	918.861
282	896.15
283	876.903
284	837.754
285	865.125
286	841.475
287	1048.29
288	985.651
289	751.464
290	972.995
291	798.628
292	770.509
293	900.478
294	869.321
295	698.221
296	843.513
297	905.005
298	1189.87
299	936.805
300	996.739
301	828.035
302	1180.52
303	1045.51
304	1216.54
305	1029.14
306	1155.9
307	1055.26
308	1074.17
309	1114.77
310	1258.15
311	1085.94
312	1103.61
313	1033.95
314	1306.35
315	1188.24
316	1097.89
317	1009.48
318	944.825
319	992.077
320	1250.05
321	969.102
322	989.761
323	1033.7
324	952.383
325	1030.06
326	946.664
327	1052.3
328	1084.66
329	994.216
330	986.144
331	1025.15
332	1109.57
333	780.51
334	1009.31
335	807.361
336	842.848
337	842.744
338	872.291
339	957.262
340	932.091
341	1056.62
342	905.622
343	909.192
344	936.118
345	851.575
346	691.436
347	902.279
348	1043.27
349	715.13
350	931.803
351	844.906
352	786.695
353	881.053
354	874.789
355	854.1
356	643.87
357	693.238
358	860.552
359	910.395
360	744.457
361	674.293
362	617.191
363	927.005
364	824.21
365	817.385
366	929.221
367	754.338
368	693.266
369	927.722
370	844.856
371	695.032
372	816.017
373	805.629
374	693.616
375	864.245
376	811.128
377	861.146
378	962.065
379	946.892
380	686.856
381	721.782
382	951.667
383	926.541
384	893.486
385	824.216
386	738.921
387	803.36
388	768.039
389	906.029
390	733.421
391	608.321
392	662.652
393	785.899
394	660.575
395	779.286
396	924.286
397	921.204
398	923.28
399	733.017
400	768.904
401	943.481
402	1023.15
403	870.949
404	886.904
405	871.193
406	719.511
407	792.988
408	932.277
409	927.049
410	885.323
411	674.02
412	843.925
413	748.086
414	1014.62
415	971.913
416	590.358
417	974.419
418	646.781
419	729.97
420	627.175
421	810.106
422	903.358
423	825.456
424	657.511
425	738.217
426	767.681
427	718.871
428	721.921
429	885.583
430	831.368
431	1018.21
432	773.385
433	773.656
434	868.17
435	828.808
436	749.437
437	856.174
438	966.598
439	718.347
440	772.568
441	744.864
442	840.918
443	899.286
444	881.818
445	914.823
446	726.1
447	1003.51
448	722.298
449	901.576
450	819.818
451	750.488
452	919.746
453	871.495
454	1000.99
455	907.398
456	974.809
457	796.547
458	814.061
459	935.279
460	730.32
461	892.023
462	954.829
463	1051.35
464	868.275
465	821.058
466	1178.97
467	939.776
468	1050.24
469	781.261
470	909.79
471	739.115
472	836.17
473	806.728
474	709.822
475	775.955
476	706.742
477	690.488
478	801.814
479	628.776
480	951.267
481	907.296
482	716.657
483	763.209
484	959.553
485	860.024
486	1182.46
487	880.404
488	889.001
489	1101.12
490	1017.68
491	1055.34
492	833.212
493	805.255
494	849.93
495	676.209
496	848.775
497	770.492
498	929.141
499	1068
500	776.807
501	733.83
502	923.865
503	919.483
504	828.869
505	843.752
506	788.339
507	808.836
508	911.225
509	808.62
510	1069.42
511	680.481
512	762.648
513	791.91
514	929.19
515	895.499
516	1043.24
517	691.443
518	918.48
519	1024.93
520	992.766
521	1065.51
522	1040.84
523	940.057
524	830.863
525	1058.16
526	906.424
527	1013.92
528	1053.63
529	935.962
530	906.381
531	812.22
532	1042.7
533	921.353
534	951.592
535	949.769
536	968.127
537	801.915
538	800.273
539	899.314
540	1024.04
541	969.877
542	792.31
543	1075.68
544	985.726
545	968.142
546	975.655
547	824.331
548	768.748
549	1010.53
550	964.074
551	1079.15
552	1034.92
553	982.565
554	813.326
555	999.095
556	1145.75
557	768.833
558	861.848
559	812.836
560	892.954
561	828.72
562	985.707
563	712.798
564	1004.55
565	978.534
566	948.926
567	717.485
568	748.133
569	895.717
570	860.036
571	782.945
572	853.634
573	639.95
574	833.659
575	891.003
576	723.561
577	746.481
578	863.75
579	1131.15
580	917.209
581	729.393
582	953.159
583	743.079
584	876.762
585	985.95
586	719.294
587	676.365
588	743.904
589	1007.19
590	786.262
591	894.332
592	1004.84
593	680.834
594	827.805
595	802.031
596	730.614
597	916.079
598	738.108
599	1079.91
600	767.979
