1	351.779
2	504.361
3	310.325
4	539.826
5	493.328
6	413.448
7	330.319
8	547.922
9	478.037
10	222.715
11	307.597
12	350.254
13	257.384
14	377.829
15	267.225
16	373.17
17	245.614
18	327.521
19	645.04
20	654.389
21	451.796
22	622.76
23	698.558
24	467.027
25	670.229
26	533.399
27	451.455
28	549.979
29	325.062
30	416.046
31	607.769
32	462.13
33	379.552
34	558.056
35	450.655
36	528.888
37	627.978
38	432.334
39	612.389
40	478.681
41	524.204
42	462.015
43	294.521
44	592.35
45	589.511
46	372.851
47	411.786
48	356.794
49	445.969
50	339.385
51	301.762
52	699.919
53	628.273
54	685.079
55	232.744
56	455.1
57	408.205
58	348.922
59	277.125
60	587.263
61	457.206
62	255.692
63	475.86
64	486.974
65	566.316
66	445.921
67	477.227
68	394.061
69	328.263
70	471.257
71	462.722
72	547.292
73	543.381
74	396.783
75	401.802
76	608.639
77	495.252
78	593.139
79	304.355
80	684.736
81	259.824
82	426.662
83	414.94
84	569.303
85	554.803
86	392.36
87	425.354
88	551.941
89	383.002
90	658.367
91	402.408
92	418.792
93	341.999
94	526.42
95	381.43
96	423.412
97	389.059
98	533.569
99	310.049
100	464.613
101	411.664
102	330.965
103	470.066
104	355.407
105	543.552
106	519.823
107	345.169
108	495.949
109	403.686
110	352.114
111	468.674
112	539.123
113	547.756
114	518.255
115	451.861
116	564.833
117	464.803
118	540.38
119	601.658
120	511.052
121	446.549
122	404.796
123	503.077
124	584.693
125	624.401
126	604.564
127	324.316
128	633.432
129	652.088
130	485.68
131	434.721
132	478.635
133	344.218
134	452.933
135	535.962
136	429.642
137	404.264
138	472.634
139	369.444
140	385.586
141	312.219
142	399.191
143	235.352
144	567.6
145	400.864
146	410.505
147	532.887
148	465.438
149	350.641
150	644.669
151	579.465
152	488.093
153	538.848
154	456.477
155	439.64
156	629.145
157	408.946
158	768.98
159	474.501
160	410.361
161	414.953
162	506.094
163	440.511
164	541.71
165	563.279
166	433.898
167	452.684
168	309.953
169	442.737
170	434.46
171	413.106
172	539.156
173	275.339
174	338.106
175	499.089
176	516.107
177	721.964
178	425.974
179	569.642
180	501.995
181	290.008
182	518.481
183	686.198
184	371.193
185	577.339
186	473.212
187	454.825
188	365.154
189	489.453
190	550.837
191	569.377
192	661.138
193	372.384
194	306.043
195	654.911
196	417.92
197	270.212
198	535.015
199	430.571
200	319.978
201	463.689
202	507.984
203	459.13
204	661.535
205	415.647
206	345.478
207	410.289
208	571.535
209	342.661
210	395.316
211	303.457
212	394.143
213	633.162
214	503.031
215	436.536
216	355.098
217	296.999
218	680.265
219	709.535
220	520.121
221	334.664
222	356.388
223	495.656
224	365.745
225	410.078
226	503.289
227	188.63
228	305.714
229	396.488
230	665.855
231	451.274
232	591.703
233	555.583
234	426.903
235	537.197
236	343.642
237	419.398
238	436.259
239	352.111
240	649.352
241	576.032
242	574.285
243	390.909
244	337.749
245	353.986
246	269.567
247	531.035
248	504.489
249	600.21
250	343.333
251	274.153
252	348.704
253	375.769
254	413.449
255	451.507
256	426.518
257	343.647
258	454.253
259	618.864
260	511.754
261	487.909
262	498.412
263	446.215
264	361.415
265	398.767
266	434.031
267	446.917
268	393.982
269	494.557
270	484.433
271	548.088
272	530.111
273	368.775
274	326.015
275	258.444
276	542.716
277	459.086
278	413.609
279	775.192
280	320.345
281	291.674
282	407.856
283	387.762
284	511.452
285	305.395
286	206.334
287	485.714
288	621.967
289	505.353
290	405.802
291	596.72
292	405.175
293	330.998
294	344.939
295	632.394
296	503.217
297	375.493
298	354.391
299	332.471
300	579.71
301	465.154
302	526.166
303	420.126
304	668.738
305	661.874
306	417.042
307	327.923
308	238.117
309	413.584
310	403.552
311	261.558
312	297.399
313	508.912
314	314.537
315	411.731
316	221.916
317	298.762
318	467.578
319	555.777
320	413.427
321	367.932
322	213.474
323	356.189
324	509.835
325	305.186
326	349.363
327	528.889
328	644.328
329	453.671
330	564.086
331	332.904
332	373.606
333	539.971
334	630.736
335	261.878
336	420.68
337	417.643
338	470.745
339	452.699
340	291.355
341	409.433
342	470.342
343	368.45
344	301.462
345	546.587
346	580.559
347	398.363
348	567.57
349	417.593
350	539.283
351	395.577
352	351.404
353	542.309
354	538.502
355	661.7
356	438.512
357	624.642
358	444.382
359	486.829
360	271.636
361	383.116
362	323.105
363	333.181
364	409.829
365	323.324
366	592.573
367	453.331
368	425.946
369	536.097
370	355.662
371	209.408
372	484.933
373	375.645
374	508.693
375	526.728
376	409.942
377	288.913
378	436.326
379	525.479
380	593.447
381	556.885
382	467.058
383	273.384
384	340.264
385	494.046
386	494.96
387	325.725
388	461.83
389	670.14
390	344.244
391	293.259
392	423.08
393	387.991
394	212.408
395	456.005
396	367.652
397	434.597
398	483.464
399	390.33
400	537.989
401	451.168
402	517.482
403	710.353
404	507.331
405	314.772
406	531.172
407	526.992
408	499.037
409	364.874
410	383.814
411	567.567
412	613.042
413	444.044
414	521.933
415	448.098
416	483.691
417	562.586
418	744.614
419	617.971
420	610.434
421	691.881
422	842.688
423	534.228
424	627.728
425	522.318
426	618.157
427	524.022
428	541.373
429	471.508
430	569.337
431	609.472
432	794.301
433	461.188
434	445.504
435	448.401
436	466.436
437	580.712
438	496.758
439	674.573
440	315.776
441	465.63
442	591.756
443	628.525
444	706.923
445	693.938
446	546.945
447	667.08
448	512.3
449	522.436
450	363.442
451	506.279
452	401.358
453	531.737
454	497.214
455	481.635
456	338.433
457	687.42
458	514.115
459	517.158
460	415.218
461	374.008
462	357.554
463	505.485
464	503.037
465	275.04
466	388.317
467	356.929
468	530.489
469	389.199
470	745.68
471	350.692
472	591.306
473	579.968
474	490.981
475	562.395
476	418.216
477	519.123
478	295.78
479	577.62
480	468.067
481	421.163
482	452.562
483	371.505
484	399.823
485	458.153
486	344.8
487	530.328
488	388.428
489	486.873
490	357.334
491	571.841
492	551.978
493	318.088
494	504.894
495	320.942
496	419.4
497	399.602
498	672.144
499	620.548
500	789.571
501	386.286
502	362.484
503	579.772
504	605.812
505	534.783
506	557.916
507	462.012
508	558.675
509	379.194
510	525.938
511	235.467
512	327.932
513	511.046
514	634.54
515	694.763
516	624.682
517	651.466
518	428.842
519	594.922
520	373.114
521	415.543
522	471.771
523	550.233
524	521.687
525	578.612
526	545.613
527	540.855
528	511.08
529	486.012
530	346.439
531	581.694
532	491.85
533	411.833
534	489.953
535	353.646
536	324.699
537	227.063
538	384.654
539	535.599
540	516.384
541	545.119
542	433.164
543	469.021
544	465.38
545	341.249
546	567.742
547	674.627
548	644.602
549	442.129
550	455.552
551	481.258
552	635.944
553	610.388
554	360.908
555	541.151
556	736.994
557	561.921
558	448.31
559	389.221
560	388.29
561	519.183
562	345.594
563	535.48
564	597.383
565	391.858
566	568.981
567	668.861
568	600.477
569	447.69
570	412.571
571	538.892
572	533.837
573	499.061
574	356.694
575	854.371
576	414.997
577	400.11
578	389.781
579	397.595
580	493.559
581	502.609
582	455.706
583	503.364
584	535.708
585	482.36
586	449.243
587	359.446
588	276.161
589	307.187
590	291.37
591	267.054
592	248.879
593	343.63
594	328.713
595	429.81
596	451.206
597	389.006
598	365.029
599	356.666
600	486.934
