Frame	Volume
1	374.712
2	373.294
3	371.838
4	369.512
5	368.304
6	370.731
7	369.657
8	368.343
9	370.669
10	371.058
11	370.407
12	369.871
13	370.782
14	369.313
15	370
16	369.775
17	369.539
18	370.507
19	369.187
20	369.564
21	369.861
22	369.673
23	369.181
24	370.152
25	369.93
26	369.863
27	369.227
28	369.598
29	369.588
30	369.793
31	369.953
32	369.841
33	369.866
34	369.684
35	369.19
36	369.573
37	369.637
38	369.521
39	369.312
40	369.327
41	370.161
42	369.7
43	369.54
44	369.833
45	369.769
46	369.424
47	369.475
48	369.649
49	369.886
50	369.804
51	369.963
52	369.896
53	369.857
54	369.5
55	370.109
56	369.555
57	369.842
58	369.625
59	370.021
60	369.937
61	369.694
62	370.211
63	369.504
64	369.675
65	369.817
66	369.854
67	369.664
68	369.501
69	370.102
70	369.811
71	369.688
72	369.463
73	369.552
74	369.809
75	369.844
76	369.158
77	370.031
78	369.449
79	369.463
80	370.106
81	369.777
82	369.836
83	369.757
84	369.533
85	369.601
86	370.03
87	369.52
88	369.261
89	369.713
90	369.915
91	369.793
92	369.636
93	370.225
94	369.813
95	369.335
96	369.77
97	369.748
98	369.688
99	369.544
100	369.668
101	369.763
102	369.409
103	369.542
104	369.654
105	370.013
106	369.737
107	369.662
108	369.859
109	369.856
110	369.477
111	369.688
112	369.353
113	369.87
114	370.101
115	369.624
116	369.982
117	369.553
118	370.083
119	369.604
120	370.236
121	369.693
122	369.576
123	369.955
124	369.772
125	369.983
126	369.794
127	369.966
128	369.412
129	369.839
130	369.494
131	369.699
132	369.978
133	369.632
134	369.791
135	369.876
136	369.933
137	369.825
138	369.637
139	369.983
140	369.919
141	369.893
142	369.643
143	370.06
144	369.752
145	369.739
146	369.747
147	369.774
148	369.615
149	369.742
150	369.854
151	369.525
152	370.083
153	369.83
154	370.198
155	369.658
156	369.845
157	370.064
158	369.65
159	369.398
160	369.614
161	370.165
162	369.656
163	369.564
164	369.619
165	369.697
166	369.467
167	369.386
168	369.526
169	369.423
170	369.766
171	369.659
172	369.757
173	369.708
174	369.627
175	369.847
176	369.933
177	369.882
178	369.784
179	369.454
180	369.784
181	369.755
182	369.585
183	369.699
184	369.842
185	369.729
186	369.882
187	370.205
188	369.522
189	369.594
190	369.686
191	369.737
192	369.91
193	369.866
194	369.716
195	369.602
196	369.857
197	369.761
198	369.547
199	369.62
200	369.676
201	369.524
202	369.801
203	369.792
204	369.684
205	369.6
206	369.841
207	369.406
208	369.682
209	369.664
210	369.958
211	369.846
212	369.97
213	369.933
214	370.072
215	369.706
216	369.436
217	369.465
218	370.02
219	369.696
220	369.66
221	369.908
222	369.989
223	369.81
224	369.826
225	369.809
226	369.589
227	369.94
228	369.715
229	369.939
230	369.843
231	369.715
232	369.814
233	369.761
234	369.915
235	369.402
236	369.585
237	369.452
238	369.565
239	369.93
240	369.696
241	369.595
242	369.831
243	369.566
244	369.835
245	369.853
246	369.924
247	369.647
248	369.784
249	369.715
250	370.056
251	369.797
252	369.95
253	369.731
254	370.098
255	369.529
256	369.668
257	369.771
258	369.782
259	369.818
260	369.761
261	369.514
262	369.697
263	369.745
264	369.878
265	369.884
266	369.764
267	369.575
268	369.662
269	369.812
270	369.618
271	369.778
272	369.888
273	369.681
274	369.785
275	369.726
276	369.539
277	369.897
278	369.766
279	369.773
280	369.774
281	369.751
282	369.898
283	369.704
284	369.928
285	369.872
286	369.683
287	369.814
288	369.633
289	369.663
290	369.754
291	369.873
292	369.683
293	369.894
294	369.914
295	369.743
296	369.688
297	369.68
298	369.873
299	369.63
300	369.831
301	369.836
302	369.981
303	369.731
304	369.841
305	369.851
306	369.772
307	369.831
308	369.598
309	369.578
310	369.832
311	369.598
312	369.832
313	369.735
314	369.709
315	369.827
316	369.547
317	369.767
318	369.63
319	369.646
320	369.727
321	369.818
322	369.756
323	369.738
324	369.815
325	369.738
326	369.689
327	369.628
328	369.9
329	369.923
330	369.88
331	369.824
332	369.672
333	369.745
334	369.754
335	369.788
336	369.717
337	369.698
338	369.768
339	369.806
340	369.67
341	369.795
342	369.859
343	369.828
344	369.757
345	369.882
346	369.794
347	369.86
348	369.712
349	369.595
350	369.729
351	369.874
352	369.718
353	369.736
354	369.687
355	369.742
356	369.804
357	369.732
358	369.746
359	369.782
360	369.831
361	369.721
362	369.801
363	369.791
364	369.765
365	369.69
366	369.734
367	369.811
368	369.84
369	369.694
370	369.779
371	369.787
372	369.714
373	369.639
374	369.737
375	369.741
376	369.787
377	369.777
378	369.705
379	369.791
380	369.79
381	369.749
382	369.69
383	369.812
384	369.746
385	369.829
386	369.869
387	369.707
388	369.663
389	369.692
390	369.677
391	369.743
392	369.797
393	369.75
394	369.71
395	369.836
396	369.727
397	369.806
398	369.747
399	369.692
400	369.69
401	369.765
402	369.705
403	369.75
404	369.747
405	369.798
406	369.748
407	369.83
408	369.759
409	369.63
410	369.789
411	369.603
412	369.654
413	369.698
414	369.74
415	369.714
416	369.761
417	369.647
418	369.712
419	369.744
420	369.791
421	369.76
422	369.814
423	369.739
424	369.751
425	369.761
426	369.754
427	369.763
428	369.746
429	369.764
430	369.757
431	369.762
432	369.768
433	369.756
434	369.761
435	369.76
436	369.76
437	369.74
438	369.75
439	369.775
440	369.758
441	369.77
442	369.795
443	369.758
444	369.738
445	369.763
446	369.76
447	369.785
448	369.817
449	369.734
450	369.785
451	369.754
452	369.736
453	369.753
454	369.712
455	369.745
456	369.666
457	369.777
458	369.763
459	369.75
460	369.791
461	369.664
462	369.614
463	369.787
464	369.856
465	369.715
466	369.771
467	369.742
468	369.784
469	369.824
470	369.761
471	369.744
472	369.738
473	369.763
474	369.787
475	369.743
476	369.755
477	369.747
478	369.776
479	369.765
480	369.761
481	369.718
482	369.744
483	369.776
484	369.767
485	369.741
486	369.767
487	369.771
488	369.77
489	369.778
490	369.744
491	369.767
492	369.767
493	369.819
494	369.716
495	369.761
496	369.736
497	369.833
498	369.729
499	369.76
500	369.692
501	369.743
502	369.708
503	369.718
504	369.801
505	369.789
506	369.766
507	369.776
508	369.745
509	369.781
510	369.744
511	369.745
512	369.776
513	369.772
514	369.766
515	369.756
516	369.761
517	369.766
518	369.761
519	369.73
520	369.773
521	369.745
522	369.744
523	369.768
524	369.757
525	369.76
526	369.76
527	369.752
528	369.742
529	369.785
530	369.759
531	369.761
532	369.751
533	369.741
534	369.728
535	369.769
536	369.742
537	369.824
538	369.729
539	369.76
540	369.73
541	369.761
542	369.765
543	369.808
544	369.763
545	369.746
546	369.796
547	369.765
548	369.829
549	369.786
550	369.652
551	369.768
552	369.768
553	369.71
554	369.787
555	369.758
556	369.776
557	369.729
558	369.746
559	369.747
560	369.784
561	369.76
562	369.763
563	369.76
564	369.781
565	369.602
566	369.768
567	369.718
568	369.796
569	369.811
570	369.804
571	369.758
572	369.752
573	369.746
574	369.783
575	369.757
576	369.748
577	369.754
578	369.747
579	369.777
580	369.758
581	369.806
582	369.801
583	369.745
584	369.756
585	369.825
586	369.732
587	369.765
588	369.779
