Frame	Volume
1	758.278
2	716.146
3	772.41
4	712.635
5	738.923
6	709.799
7	718.058
8	730.526
9	743.887
10	717.401
11	732.267
12	767.755
13	726.592
14	734.081
15	729.514
16	725.391
17	731.563
18	724.242
19	728.739
20	726.419
21	733.569
22	732.623
23	731.064
24	727.505
25	730.893
26	730.559
27	726.535
28	728.692
29	730.755
30	728.482
31	732.964
32	732.157
33	729.758
34	729.952
35	727.688
36	732.028
37	730.31
38	731.802
39	727.046
40	724.314
41	729.484
42	730.419
43	729.928
44	728.732
45	729.204
46	726.349
47	727.424
48	729.665
49	730.969
50	732.361
51	728.888
52	730.203
53	729.386
54	729.756
55	730.279
56	730.375
57	731.369
58	728.73
59	730.378
60	731.244
61	730.956
62	730.146
63	730.958
64	730.307
65	730.688
66	729.916
67	729.564
68	730.228
69	730.32
70	728.325
71	729.879
72	729.613
73	731.66
74	730.102
75	729.792
76	729.433
77	729.602
78	730.018
79	728.417
80	730.618
81	730.196
82	728.795
83	729.704
84	729.872
85	730.194
86	728.856
87	729.213
88	729.043
89	730.338
90	729.642
91	729.894
92	730.149
93	729.969
94	730.752
95	730.503
96	728.365
97	730.524
98	728.593
99	731.082
100	729.986
101	728.738
102	731.683
103	729.802
104	729.714
105	730.224
106	730.821
107	728.486
108	728.834
109	729.127
110	729.466
111	729.144
112	729.167
113	730.367
114	729.904
115	729.617
116	729.091
117	728.521
118	731.198
119	728.635
120	731.178
121	730.654
122	728.945
123	730.2
124	729.268
125	729.084
126	728.838
127	729.69
128	729.795
129	729.731
130	729.832
131	729.804
132	729.056
133	729.488
134	728.921
135	729.312
136	730.1
137	729.405
138	727.547
139	730.915
140	730.122
141	729.589
142	729.405
143	729.707
144	728.844
145	728.721
146	728.684
147	729.593
148	729.863
149	730.197
150	729.052
151	728.375
152	729.431
153	728.834
154	729.366
155	729.391
156	729.743
157	729.678
158	729.414
159	730.04
160	730.303
161	729.771
162	730.324
163	730.189
164	729.522
165	729.86
166	730.01
167	729.807
168	729.811
169	729.128
170	730.226
171	729.891
172	730.045
173	729.975
174	729.43
175	729.392
176	729.429
177	729.762
178	729.816
179	729.731
180	729.427
181	729.905
182	729.25
183	730.558
184	729.303
185	729.68
186	729.793
187	729.699
188	729.216
189	728.631
190	730.141
191	730.167
192	729.859
193	729.046
194	730.259
195	729.153
196	730.393
197	729.594
198	730.207
199	730.214
200	730.263
201	728.947
202	729.413
203	729.523
204	729.841
205	728.5
206	730.098
207	729.766
208	729.729
209	729.794
210	729.104
211	729.694
212	729.921
213	729.714
214	729.366
215	729.59
216	729.786
217	730.386
218	729.099
219	729.761
220	729.651
221	729.619
222	730.122
223	729.932
224	728.889
225	729.875
226	730.309
227	729.232
228	728.813
229	730.032
230	729.845
231	729.567
232	729.322
233	729.138
234	730.021
235	729.745
236	729.969
237	729.85
238	729.935
239	729.669
240	729.865
241	729.468
242	729.539
243	729.185
244	729.752
245	729.795
246	729.646
247	729.904
248	729.564
249	729.944
250	729.703
251	729.89
252	729.719
253	729.688
254	729.627
255	729.679
256	729.67
257	729.868
258	729.803
259	729.717
260	729.255
261	729.836
262	729.922
263	729.529
264	729.93
265	729.593
266	729.679
267	729.576
268	729.681
269	729.775
270	729.67
271	729.71
272	729.682
273	729.524
274	729.7
275	730.022
276	729.965
277	729.283
278	729.666
279	729.957
280	729.304
281	729.644
282	729.543
283	729.728
284	729.697
285	729.714
286	729.65
287	729.398
288	729.906
289	729.783
290	729.724
291	729.208
292	729.439
293	729.714
294	729.942
295	729.748
296	729.212
297	729.275
298	729.739
299	729.537
300	729.928
301	729.552
302	729.604
303	729.942
304	729.51
305	729.337
306	729.287
307	729.726
308	729.855
309	729.282
310	729.422
311	729.26
312	729.628
313	730.327
314	729.812
315	729.581
316	729.665
317	729.487
318	729.718
319	729.737
320	729.77
321	729.742
322	729.42
323	729.66
324	729.862
325	729.557
326	729.69
327	729.693
328	729.335
329	729.406
330	729.922
331	730.074
332	729.646
333	729.801
334	729.958
335	729.805
336	729.058
337	728.673
338	729.676
339	729.17
340	729.65
341	729.755
342	729.427
343	729.132
344	729.712
345	729.396
346	729.753
347	729.711
348	729.734
349	729.504
350	729.462
351	729.737
352	729.516
353	729.967
354	729.617
355	729.637
356	729.549
357	729.664
358	729.667
359	729.466
360	729.425
361	729.613
362	729.615
363	729.56
364	729.704
365	729.675
366	729.555
367	729.616
368	729.434
369	729.686
370	729.643
371	729.492
372	729.717
373	729.774
374	729.902
375	729.587
376	729.619
377	729.615
378	729.708
379	729.648
380	729.536
381	729.732
382	729.765
383	729.704
384	729.606
385	729.751
386	729.712
387	729.463
388	729.626
389	729.605
390	729.628
391	729.745
392	729.704
393	729.694
394	729.602
395	729.61
396	729.681
397	729.756
398	729.561
399	729.583
400	729.684
401	729.526
402	729.566
403	729.572
404	729.654
405	729.721
406	729.653
407	729.605
408	729.831
409	729.557
410	729.581
411	729.522
412	729.549
413	729.715
414	729.689
415	729.459
416	729.719
417	729.584
418	729.659
419	729.651
420	729.646
421	729.731
422	729.73
423	729.615
424	729.74
425	729.762
426	729.647
427	729.497
428	729.745
429	729.648
430	729.658
431	729.628
432	729.828
433	729.504
434	729.456
435	729.76
436	729.715
437	729.732
438	729.614
439	729.738
440	729.664
441	729.68
442	729.683
443	729.769
444	729.559
445	729.61
446	729.577
447	729.513
448	729.596
449	729.669
450	729.652
451	729.709
452	729.617
453	729.648
454	729.568
455	729.526
456	729.536
457	729.665
458	729.548
459	729.65
460	729.62
461	729.677
462	729.633
463	729.66
464	729.621
465	729.65
466	729.661
467	729.607
468	729.68
469	729.639
470	729.506
471	729.582
472	729.688
473	729.688
474	729.601
475	729.691
476	729.872
477	729.67
478	729.532
479	729.652
480	729.777
481	729.433
482	729.586
483	729.519
484	729.634
485	729.669
486	729.539
487	729.662
488	729.539
489	729.602
490	729.609
491	729.702
492	729.65
493	729.737
494	729.608
495	729.705
496	729.501
497	729.591
498	729.574
499	729.641
500	729.608
501	729.665
502	729.615
503	729.642
504	729.63
505	729.54
506	729.634
507	729.645
508	729.586
509	729.609
510	729.63
511	729.622
512	729.622
513	729.631
514	729.591
515	729.638
516	729.632
517	729.594
518	729.664
519	729.622
520	729.661
521	729.608
522	729.631
523	729.622
524	729.637
525	729.569
526	729.586
527	729.639
528	729.63
529	729.604
530	729.635
531	729.681
532	729.637
533	729.581
534	729.653
535	729.633
536	729.723
537	729.691
538	729.664
539	729.621
540	729.659
541	729.652
542	729.639
543	729.668
544	729.565
545	729.72
546	729.64
547	729.624
548	729.637
549	729.623
550	729.642
551	729.643
552	729.642
553	729.631
554	729.637
555	729.612
556	729.688
557	729.66
558	729.705
559	729.661
560	729.564
561	729.619
562	729.672
563	729.605
564	729.635
565	729.652
566	729.59
567	729.642
568	729.635
569	729.647
570	729.628
571	729.679
572	729.588
573	729.54
574	729.576
575	729.633
576	729.613
577	729.627
578	729.65
579	729.624
580	729.643
581	729.617
582	729.649
583	729.65
584	729.655
585	729.614
586	729.601
587	729.675
588	729.647
