       0.000           0.0000
       1.000         656.4370
       2.000        1266.0078
       3.000        1911.2875
       4.000        2584.4563
       5.000        3223.8232
       6.000        3871.5774
       7.000        4548.8721
       8.000        5215.6675
       9.000        5832.5605
      10.000        6467.0664
      11.000        7132.9292
      12.000        7701.9658
      13.000        8456.2871
      14.000        9099.0674
      15.000        9763.6172
      16.000       10374.2871
      17.000       11049.8154
      18.000       11712.6260
      19.000       12420.5498
      20.000       13061.9561
      21.000       13363.3535
      22.000       13752.9531
      23.000       14171.8896
      24.000       14326.0508
      25.000       14800.0137
      26.000       15078.9316
      27.000       15452.4297
      28.000       15754.0361
      29.000       16287.5820
      30.000       16341.8613
      31.000       16695.8691
      32.000       17052.3301
      33.000       17264.6816
      34.000       17686.0000
      35.000       18079.8262
      36.000       18259.0527
      37.000       18804.9414
      38.000       19006.1738
      39.000       19109.0059
      40.000       19690.0742
      41.000       19658.9395
      42.000       19589.8984
      43.000       19768.0820
      44.000       19790.8262
      45.000       19575.1895
      46.000       19519.2070
      47.000       19549.7402
      48.000       19547.3730
      49.000       19521.6074
      50.000       19611.7500
      51.000       19689.6309
      52.000       19692.9336
      53.000       19504.3477
      54.000       19535.3203
      55.000       19594.4141
      56.000       19677.1016
      57.000       19554.1270
      58.000       19668.5977
      59.000       19497.2051
      60.000       19640.6348
      61.000       19652.0938
      62.000       19420.4590
      63.000       19681.0176
      64.000       19927.8125
      65.000       19729.2910
      66.000       19406.5781
      67.000       19605.9082
      68.000       19676.7031
      69.000       19499.7539
      70.000       19533.3340
      71.000       19709.7480
      72.000       19643.9219
      73.000       19696.3301
      74.000       19777.6348
      75.000       19388.2422
      76.000       19648.7773
      77.000       19561.7637
      78.000       19709.1016
      79.000       19750.3066
      80.000       19709.5625
      81.000       19531.9707
      82.000       19667.5977
      83.000       19634.0957
      84.000       19547.1660
      85.000       19613.9707
      86.000       19603.8691
      87.000       19733.2090
      88.000       19639.8633
      89.000       19758.3320
      90.000       19720.3555
      91.000       19521.9453
      92.000       19744.7227
      93.000       19660.5898
      94.000       19468.4824
      95.000       19571.0156
      96.000       19652.8848
      97.000       19576.5020
      98.000       19591.3535
      99.000       19542.0293
     100.000       19512.5254
     101.000       19703.6406
     102.000       19711.0527
     103.000       19659.0234
     104.000       19648.3027
     105.000       19527.5137
     106.000       19634.7891
     107.000       19671.7773
     108.000       19571.0684
     109.000       19765.6973
     110.000       19567.7656
     111.000       19780.4590
     112.000       19710.2070
     113.000       19852.6211
     114.000       19754.6875
     115.000       19562.4473
     116.000       19663.1914
     117.000       19425.4121
     118.000       19775.2637
     119.000       19707.7324
     120.000       19539.1621
     121.000       19646.2109
     122.000       19689.3105
     123.000       19528.9355
     124.000       19442.7852
     125.000       19534.6719
     126.000       19563.3047
     127.000       19618.4453
     128.000       19641.3008
     129.000       19633.7285
     130.000       19769.5547
     131.000       19585.1504
     132.000       19811.0977
     133.000       19500.2266
     134.000       19519.4160
     135.000       19814.9707
     136.000       19696.4961
     137.000       19701.1270
     138.000       19685.0137
     139.000       19681.5352
     140.000       19626.7988
