       0.000     -132512.7492
       1.000     -117188.1868
       2.000     -116714.6706
       3.000     -115819.3385
       4.000     -114775.9652
       5.000     -113736.8238
       6.000     -112683.5845
       7.000     -111450.2665
       8.000     -110363.3928
       9.000     -109228.7223
      10.000     -108095.8941
      11.000     -106849.2553
      12.000     -105681.6987
      13.000     -104282.9526
      14.000     -103042.3534
      15.000     -101616.6294
      16.000     -100309.6322
      17.000      -98897.6961
      18.000      -97580.2066
      19.000      -95871.7141
      20.000      -94412.4386
      21.000      -93678.1968
      22.000      -92744.5680
      23.000      -91907.2917
      24.000      -91327.0560
      25.000      -90207.0639
      26.000      -89050.8931
      27.000      -88350.6520
      28.000      -87413.8720
      29.000      -86106.2054
      30.000      -85475.9354
      31.000      -84227.8604
      32.000      -83250.6909
      33.000      -82431.3640
      34.000      -81129.7063
      35.000      -80051.5541
      36.000      -79085.7053
      37.000      -77842.1008
      38.000      -77448.7464
      39.000      -76839.7749
      40.000      -75379.6819
      41.000      -75206.4877
      42.000      -75271.2126
      43.000      -74686.1544
      44.000      -74589.1397
      45.000      -74979.5877
      46.000      -74987.6121
      47.000      -74734.9160
      48.000      -75148.8799
      49.000      -74919.0836
      50.000      -74898.4905
      51.000      -75244.7046
      52.000      -75035.1827
      53.000      -75080.2185
      54.000      -75115.1753
      55.000      -74804.6692
      56.000      -75148.1989
      57.000      -75181.1703
      58.000      -75011.7598
      59.000      -75177.2937
      60.000      -75029.7664
      61.000      -75163.4915
      62.000      -75137.9350
      63.000      -75341.7239
      64.000      -74696.3666
      65.000      -74912.3961
      66.000      -75450.4275
      67.000      -75361.4836
      68.000      -75296.0078
      69.000      -75479.1420
      70.000      -75224.6491
      71.000      -75257.8186
      72.000      -75385.2179
      73.000      -75238.9293
      74.000      -75149.5394
      75.000      -75571.9236
      76.000      -75132.2742
      77.000      -75467.7383
      78.000      -75307.3559
      79.000      -75335.9671
      80.000      -75108.8546
      81.000      -75266.9497
      82.000      -75359.8367
      83.000      -75120.9273
      84.000      -75460.8575
      85.000      -75295.5697
      86.000      -75219.1539
      87.000      -75094.5569
      88.000      -75546.1574
      89.000      -75100.4131
      90.000      -75158.7008
      91.000      -75519.6038
      92.000      -75004.3154
      93.000      -75079.8980
      94.000      -75309.5556
      95.000      -75329.7298
      96.000      -74992.8148
      97.000      -75088.6192
      98.000      -75193.0412
      99.000      -75241.0788
     100.000      -75343.9310
     101.000      -75353.0488
     102.000      -75324.0032
     103.000      -75147.4964
     104.000      -75103.4857
     105.000      -75242.3465
     106.000      -75073.9742
     107.000      -75255.3735
     108.000      -75325.9800
     109.000      -75377.3491
     110.000      -75404.9847
     111.000      -74903.1707
     112.000      -75369.3005
     113.000      -75145.7416
     114.000      -75163.1756
     115.000      -75496.6630
     116.000      -75512.6093
     117.000      -75584.7581
     118.000      -75432.5328
     119.000      -75488.3863
     120.000      -75522.5247
     121.000      -75318.3089
     122.000      -75547.2088
     123.000      -75764.7753
     124.000      -75603.9444
     125.000      -75756.8991
     126.000      -75527.3995
     127.000      -75531.1828
     128.000      -75482.8385
     129.000      -75674.5356
     130.000      -75607.2564
     131.000      -75809.9061
     132.000      -75535.2610
     133.000      -75780.6942
     134.000      -75445.0664
     135.000      -75289.2623
     136.000      -75624.9120
     137.000      -75466.8011
     138.000      -75435.0277
     139.000      -75544.7072
     140.000      -75818.6805
