#Atom       AtomicFlx
 370.000       0.5925
 408.000       0.5267
 441.000       0.5975
 451.000       0.6555
 463.000       0.6739
 489.000       0.5983
 745.000       1.6078
 764.000       2.1339
 771.000       2.6443
 778.000       3.0146
1250.000       1.2231
1308.000       0.5855
1687.000       0.6070
1969.000       0.4863
2002.000       0.5987
2024.000       0.6560
2050.000       0.5339
2306.000       1.8202
2332.000       3.3505
2339.000       4.5409
2811.000       1.0795
2869.000       0.5099
