     141.000           0.9229
     142.000           0.9423
     143.000           0.9525
     144.000           0.9594
     145.000           0.9647
     146.000           0.9692
     147.000           0.9737
     148.000           0.9765
     149.000           0.9783
     150.000           0.9781
     151.000           0.9807
     152.000           0.9824
     153.000           0.9833
     154.000           0.9825
     155.000           0.9831
     156.000           0.9863
     157.000           0.9877
     158.000           0.9879
     159.000           0.9885
     160.000           0.9897
     161.000           0.9887
     162.000           0.9903
     163.000           0.9918
     164.000           0.9909
     165.000           0.9911
     166.000           0.9908
     167.000           0.9906
     168.000           0.9912
     169.000           0.9911
     170.000           0.9917
     171.000           0.9914
     172.000           0.9914
     173.000           0.9923
     174.000           0.9960
     175.000           0.9944
     176.000           0.9941
     177.000           0.9945
     178.000           0.9946
     179.000           0.9933
     180.000           0.9913
     181.000           0.9924
     182.000           0.9931
     183.000           0.9941
     184.000           0.9932
     185.000           0.9933
     186.000           0.9960
     187.000           0.9962
     188.000           0.9948
     189.000           0.9942
     190.000           0.9955
     191.000           0.9955
     192.000           0.9944
     193.000           0.9934
     194.000           0.9936
     195.000           0.9958
     196.000           0.9942
     197.000           0.9930
     198.000           0.9916
     199.000           0.9919
     200.000           0.9922
     201.000           0.9894
     202.000           0.9926
     203.000           0.9939
     204.000           0.9951
     205.000           0.9959
     206.000           0.9955
     207.000           0.9943
     208.000           0.9931
     209.000           0.9917
     210.000           0.9937
     211.000           0.9927
     212.000           0.9941
     213.000           0.9936
     214.000           0.9942
     215.000           0.9917
     216.000           0.9928
     217.000           0.9937
     218.000           0.9959
     219.000           0.9947
     220.000           0.9950
     221.000           0.9943
     222.000           0.9939
     223.000           0.9929
     224.000           0.9948
     225.000           0.9964
     226.000           0.9952
     227.000           0.9954
     228.000           0.9956
     229.000           0.9941
     230.000           0.9940
     231.000           0.9933
     232.000           0.9918
     233.000           0.9925
     234.000           0.9915
     235.000           0.9927
     236.000           0.9946
     237.000           0.9950
     238.000           0.9942
     239.000           0.9950
     240.000           0.9931
     241.000           0.9933
     242.000           0.9957
     243.000           0.9961
     244.000           0.9973
     245.000           0.9948
     246.000           0.9956
     247.000           0.9972
     248.000           0.9970
     249.000           0.9974
     250.000           0.9978
     251.000           0.9970
     252.000           0.9975
     253.000           0.9966
     254.000           0.9949
     255.000           0.9960
     256.000           0.9967
     257.000           0.9995
     258.000           0.9976
     259.000           0.9961
     260.000           0.9974
     261.000           0.9958
     262.000           0.9943
     263.000           0.9944
     264.000           0.9967
     265.000           0.9973
     266.000           0.9960
     267.000           0.9980
     268.000           0.9992
     269.000           0.9988
     270.000           0.9978
     271.000           0.9977
     272.000           0.9965
     273.000           0.9952
     274.000           0.9967
     275.000           0.9966
     276.000           0.9944
     277.000           0.9947
     278.000           0.9938
     279.000           0.9954
     280.000           0.9956
     281.000           0.9951
     282.000           0.9970
     283.000           0.9962
     284.000           0.9954
     285.000           0.9951
     286.000           0.9974
     287.000           0.9960
     288.000           0.9979
     289.000           0.9965
     290.000           0.9961
     291.000           0.9968
     292.000           0.9969
     293.000           0.9987
     294.000           0.9969
     295.000           0.9964
     296.000           0.9960
     297.000           0.9960
     298.000           0.9948
     299.000           0.9961
     300.000           0.9965
     301.000           0.9965
     302.000           0.9969
     303.000           0.9952
     304.000           0.9955
     305.000           0.9940
     306.000           0.9966
     307.000           0.9956
     308.000           0.9988
     309.000           0.9988
     310.000           0.9976
     311.000           0.9989
     312.000           0.9962
     313.000           0.9970
     314.000           0.9968
     315.000           0.9950
     316.000           0.9955
     317.000           0.9968
     318.000           0.9963
     319.000           0.9957
     320.000           0.9985
     321.000           0.9974
     322.000           0.9962
     323.000           0.9965
     324.000           0.9943
     325.000           0.9934
     326.000           0.9946
     327.000           0.9923
     328.000           0.9938
     329.000           0.9951
     330.000           0.9951
     331.000           0.9963
     332.000           0.9968
     333.000           0.9948
     334.000           0.9944
     335.000           0.9960
     336.000           0.9952
     337.000           0.9956
     338.000           0.9964
     339.000           0.9982
     340.000           0.9967
     341.000           0.9956
     342.000           0.9946
     343.000           0.9934
     344.000           0.9943
     345.000           0.9940
     346.000           0.9954
     347.000           0.9969
     348.000           0.9974
     349.000           0.9965
     350.000           0.9976
     351.000           0.9975
     352.000           0.9967
     353.000           0.9972
     354.000           0.9972
     355.000           0.9999
     356.000           0.9994
     357.000           0.9990
     358.000           0.9992
     359.000           0.9997
     360.000           0.9995
     361.000           0.9996
     362.000           1.0020
     363.000           1.0018
     364.000           1.0019
     365.000           1.0008
     366.000           1.0000
     367.000           0.9988
     368.000           0.9968
     369.000           0.9984
     370.000           0.9967
     371.000           0.9954
     372.000           0.9986
     373.000           1.0003
     374.000           0.9989
     375.000           0.9993
     376.000           0.9989
     377.000           0.9979
     378.000           0.9985
     379.000           0.9985
     380.000           0.9984
     381.000           0.9974
     382.000           0.9973
     383.000           0.9985
     384.000           0.9970
     385.000           0.9968
     386.000           0.9957
     387.000           0.9971
     388.000           0.9978
     389.000           0.9972
     390.000           0.9985
     391.000           0.9985
     392.000           0.9997
     393.000           0.9984
     394.000           0.9974
     395.000           0.9955
     396.000           0.9976
     397.000           0.9977
     398.000           0.9981
     399.000           0.9999
     400.000           0.9986
     401.000           0.9971
     402.000           0.9981
     403.000           0.9986
     404.000           0.9973
     405.000           0.9974
     406.000           0.9979
     407.000           0.9978
     408.000           0.9967
     409.000           0.9982
     410.000           0.9961
     411.000           0.9970
     412.000           0.9999
     413.000           1.0010
     414.000           1.0003
     415.000           0.9994
     416.000           0.9997
     417.000           1.0012
     418.000           0.9984
     419.000           0.9997
     420.000           0.9980
     421.000           0.9974
     422.000           0.9970
     423.000           0.9976
     424.000           0.9964
     425.000           0.9967
     426.000           0.9985
     427.000           0.9987
     428.000           0.9977
     429.000           0.9986
     430.000           0.9991
     431.000           0.9977
     432.000           0.9977
     433.000           0.9988
     434.000           0.9985
     435.000           0.9981
     436.000           0.9994
     437.000           0.9994
     438.000           0.9993
     439.000           0.9985
     440.000           0.9985
     441.000           0.9994
     442.000           0.9996
     443.000           0.9966
     444.000           0.9993
     445.000           0.9987
     446.000           0.9975
     447.000           0.9987
     448.000           1.0005
     449.000           0.9985
     450.000           0.9987
     451.000           0.9987
     452.000           0.9993
     453.000           0.9971
     454.000           0.9976
     455.000           0.9977
     456.000           0.9975
     457.000           0.9970
     458.000           0.9979
     459.000           0.9987
     460.000           0.9994
     461.000           0.9985
     462.000           0.9999
     463.000           1.0026
     464.000           1.0001
     465.000           1.0012
     466.000           1.0006
     467.000           1.0000
     468.000           1.0012
     469.000           0.9993
     470.000           0.9991
     471.000           0.9997
     472.000           0.9992
     473.000           0.9983
     474.000           0.9983
     475.000           0.9993
     476.000           0.9999
     477.000           1.0006
     478.000           1.0000
     479.000           0.9981
     480.000           0.9988
     481.000           0.9985
     482.000           0.9987
     483.000           1.0003
     484.000           0.9993
     485.000           0.9986
     486.000           1.0000
     487.000           0.9997
     488.000           0.9997
     489.000           0.9990
     490.000           0.9977
     491.000           0.9971
     492.000           0.9968
     493.000           0.9968
     494.000           0.9992
     495.000           0.9994
     496.000           0.9985
     497.000           0.9992
     498.000           1.0015
     499.000           1.0011
     500.000           1.0008
     501.000           1.0004
     502.000           1.0011
     503.000           1.0014
     504.000           0.9994
     505.000           0.9997
     506.000           1.0003
     507.000           1.0020
     508.000           1.0034
     509.000           1.0015
     510.000           1.0003
     511.000           0.9984
     512.000           0.9983
     513.000           0.9979
     514.000           0.9982
     515.000           0.9990
     516.000           1.0013
     517.000           1.0011
     518.000           0.9998
     519.000           0.9988
     520.000           0.9987
     521.000           0.9994
     522.000           0.9986
     523.000           0.9986
     524.000           1.0005
     525.000           1.0011
     526.000           0.9996
     527.000           1.0001
     528.000           1.0004
     529.000           1.0013
     530.000           1.0014
     531.000           1.0013
     532.000           1.0011
     533.000           1.0015
     534.000           1.0003
     535.000           1.0005
     536.000           1.0013
     537.000           1.0003
     538.000           1.0005
     539.000           1.0002
     540.000           1.0015
     541.000           1.0031
     542.000           1.0038
     543.000           1.0021
     544.000           1.0023
     545.000           1.0003
     546.000           1.0011
     547.000           1.0007
     548.000           1.0020
     549.000           1.0024
     550.000           1.0039
     551.000           1.0022
     552.000           1.0030
     553.000           1.0038
     554.000           1.0015
     555.000           1.0010
     556.000           1.0023
     557.000           1.0023
     558.000           1.0025
     559.000           1.0019
     560.000           1.0007
     561.000           0.9992
     562.000           1.0010
     563.000           0.9999
     564.000           0.9982
     565.000           1.0002
     566.000           1.0020
     567.000           1.0024
     568.000           0.9999
     569.000           0.9995
     570.000           1.0014
     571.000           0.9998
     572.000           1.0028
     573.000           1.0019
     574.000           0.9998
     575.000           1.0000
     576.000           0.9981
     577.000           0.9967
     578.000           0.9995
     579.000           1.0004
     580.000           1.0010
     581.000           0.9988
     582.000           1.0003
     583.000           1.0004
     584.000           0.9999
     585.000           0.9995
     586.000           1.0011
     587.000           1.0017
     588.000           1.0006
     589.000           1.0017
     590.000           1.0040
     591.000           1.0046
     592.000           1.0042
     593.000           1.0027
     594.000           1.0017
     595.000           1.0006
     596.000           1.0004
     597.000           1.0018
     598.000           1.0005
     599.000           1.0010
     600.000           1.0010
     601.000           1.0011
     602.000           1.0013
     603.000           1.0016
     604.000           1.0007
     605.000           1.0013
     606.000           1.0024
     607.000           1.0027
     608.000           1.0007
     609.000           1.0007
     610.000           0.9997
     611.000           1.0007
     612.000           0.9993
     613.000           1.0010
     614.000           1.0011
     615.000           0.9993
     616.000           0.9988
     617.000           1.0011
     618.000           1.0002
     619.000           1.0021
     620.000           1.0029
     621.000           1.0034
     622.000           1.0023
     623.000           1.0022
     624.000           1.0013
     625.000           1.0019
     626.000           1.0024
     627.000           1.0014
     628.000           1.0002
     629.000           1.0023
     630.000           1.0006
     631.000           0.9989
     632.000           0.9996
     633.000           0.9992
     634.000           0.9987
     635.000           1.0015
     636.000           0.9999
     637.000           1.0015
     638.000           1.0002
     639.000           1.0003
     640.000           1.0022
     641.000           1.0029
     642.000           1.0036
     643.000           1.0023
     644.000           1.0034
     645.000           1.0017
     646.000           1.0022
     647.000           1.0002
     648.000           1.0014
     649.000           1.0024
     650.000           1.0016
     651.000           1.0008
     652.000           1.0006
     653.000           1.0015
     654.000           1.0028
     655.000           1.0022
     656.000           1.0027
     657.000           1.0020
     658.000           1.0030
     659.000           1.0037
     660.000           1.0036
     661.000           1.0015
     662.000           1.0000
     663.000           1.0005
     664.000           1.0011
     665.000           1.0013
     666.000           1.0018
     667.000           1.0031
     668.000           1.0032
     669.000           1.0032
     670.000           1.0034
     671.000           1.0038
     672.000           1.0046
     673.000           1.0029
     674.000           1.0022
     675.000           1.0013
     676.000           1.0012
     677.000           1.0023
     678.000           0.9997
     679.000           1.0006
     680.000           1.0004
     681.000           0.9992
     682.000           0.9993
     683.000           0.9998
     684.000           0.9987
     685.000           1.0013
     686.000           1.0028
     687.000           1.0022
     688.000           1.0033
     689.000           1.0034
     690.000           1.0042
     691.000           1.0023
     692.000           1.0036
     693.000           1.0031
     694.000           1.0019
     695.000           1.0032
     696.000           1.0022
     697.000           1.0020
     698.000           1.0027
     699.000           1.0035
     700.000           1.0015
     701.000           1.0014
     702.000           1.0030
     703.000           1.0030
     704.000           1.0037
     705.000           1.0013
     706.000           1.0002
     707.000           1.0001
     708.000           1.0014
     709.000           1.0008
     710.000           0.9992
     711.000           1.0013
     712.000           1.0001
     713.000           0.9985
     714.000           1.0001
     715.000           0.9988
     716.000           1.0000
     717.000           1.0018
     718.000           1.0014
     719.000           1.0023
     720.000           1.0049
     721.000           1.0031
     722.000           1.0033
     723.000           1.0020
     724.000           1.0025
     725.000           1.0017
     726.000           1.0011
     727.000           0.9989
     728.000           1.0010
     729.000           1.0015
     730.000           1.0006
     731.000           1.0016
     732.000           1.0000
     733.000           1.0002
     734.000           1.0009
     735.000           1.0016
     736.000           1.0016
     737.000           1.0027
     738.000           1.0050
     739.000           1.0043
     740.000           1.0026
     741.000           1.0060
     742.000           1.0043
     743.000           1.0058
     744.000           1.0034
     745.000           1.0020
     746.000           1.0033
     747.000           1.0033
     748.000           1.0038
     749.000           1.0035
     750.000           1.0039
     751.000           1.0030
     752.000           1.0049
     753.000           1.0036
     754.000           1.0041
     755.000           1.0022
     756.000           1.0024
     757.000           1.0039
     758.000           1.0010
     759.000           1.0014
     760.000           1.0018
     761.000           1.0048
     762.000           1.0030
     763.000           1.0036
     764.000           1.0024
     765.000           1.0021
     766.000           1.0047
     767.000           1.0032
     768.000           1.0031
     769.000           1.0021
     770.000           1.0031
     771.000           1.0018
     772.000           1.0039
     773.000           1.0048
     774.000           1.0043
     775.000           1.0041
     776.000           1.0037
     777.000           1.0055
     778.000           1.0043
     779.000           1.0042
     780.000           1.0020
     781.000           1.0030
     782.000           1.0015
     783.000           1.0040
     784.000           1.0054
     785.000           1.0069
     786.000           1.0044
     787.000           1.0068
     788.000           1.0069
     789.000           1.0059
     790.000           1.0054
     791.000           1.0059
     792.000           1.0033
     793.000           1.0013
     794.000           1.0027
     795.000           1.0027
     796.000           1.0025
     797.000           1.0027
     798.000           1.0046
     799.000           1.0054
     800.000           1.0037
     801.000           1.0033
     802.000           1.0037
     803.000           1.0031
     804.000           1.0043
     805.000           1.0039
     806.000           1.0042
     807.000           1.0031
     808.000           1.0037
     809.000           1.0038
     810.000           1.0017
     811.000           1.0033
     812.000           1.0031
     813.000           1.0040
     814.000           1.0036
     815.000           1.0034
     816.000           1.0058
     817.000           1.0063
     818.000           1.0049
     819.000           1.0059
     820.000           1.0043
     821.000           1.0046
     822.000           1.0041
     823.000           1.0047
     824.000           1.0039
     825.000           1.0028
     826.000           1.0027
     827.000           1.0049
     828.000           1.0048
     829.000           1.0040
     830.000           1.0038
     831.000           1.0033
     832.000           1.0036
     833.000           1.0049
     834.000           1.0047
     835.000           1.0048
     836.000           1.0053
     837.000           1.0046
     838.000           1.0055
     839.000           1.0039
     840.000           1.0046
     841.000           1.0046
     842.000           1.0052
     843.000           1.0038
     844.000           1.0048
     845.000           1.0065
     846.000           1.0073
     847.000           1.0032
     848.000           1.0043
     849.000           1.0049
     850.000           1.0047
     851.000           1.0056
     852.000           1.0053
     853.000           1.0058
     854.000           1.0044
     855.000           1.0041
     856.000           1.0038
     857.000           1.0042
     858.000           1.0046
     859.000           1.0059
     860.000           1.0042
     861.000           1.0047
     862.000           1.0040
     863.000           1.0042
     864.000           1.0035
     865.000           1.0030
     866.000           1.0039
     867.000           1.0026
     868.000           1.0045
     869.000           1.0041
     870.000           1.0013
     871.000           1.0034
     872.000           1.0046
     873.000           1.0059
     874.000           1.0056
     875.000           1.0072
     876.000           1.0050
     877.000           1.0038
     878.000           1.0040
     879.000           1.0040
     880.000           1.0069
     881.000           1.0073
     882.000           1.0076
     883.000           1.0092
     884.000           1.0067
     885.000           1.0072
     886.000           1.0069
     887.000           1.0056
     888.000           1.0036
     889.000           1.0036
     890.000           1.0043
     891.000           1.0059
     892.000           1.0041
     893.000           1.0051
     894.000           1.0051
     895.000           1.0052
     896.000           1.0044
     897.000           1.0043
     898.000           1.0062
     899.000           1.0060
     900.000           1.0037
     901.000           1.0039
     902.000           1.0067
     903.000           1.0066
     904.000           1.0038
     905.000           1.0045
     906.000           1.0066
     907.000           1.0054
     908.000           1.0030
     909.000           1.0049
     910.000           1.0061
     911.000           1.0063
     912.000           1.0053
     913.000           1.0036
     914.000           1.0033
     915.000           1.0034
     916.000           1.0042
     917.000           1.0041
     918.000           1.0049
     919.000           1.0052
     920.000           1.0027
     921.000           1.0000
     922.000           1.0032
     923.000           1.0027
     924.000           1.0042
     925.000           1.0041
     926.000           1.0029
     927.000           1.0025
     928.000           1.0029
     929.000           1.0053
     930.000           1.0050
     931.000           1.0081
     932.000           1.0063
     933.000           1.0055
     934.000           1.0044
     935.000           1.0044
     936.000           1.0052
     937.000           1.0054
     938.000           1.0045
     939.000           1.0048
     940.000           1.0046
     941.000           1.0073
     942.000           1.0074
     943.000           1.0060
     944.000           1.0066
     945.000           1.0053
     946.000           1.0017
     947.000           1.0024
     948.000           1.0033
     949.000           1.0028
     950.000           1.0039
     951.000           1.0046
     952.000           1.0054
     953.000           1.0050
     954.000           1.0045
     955.000           1.0056
     956.000           1.0067
     957.000           1.0063
     958.000           1.0074
     959.000           1.0064
     960.000           1.0048
     961.000           1.0045
     962.000           1.0043
     963.000           1.0049
     964.000           1.0047
     965.000           1.0057
     966.000           1.0055
     967.000           1.0049
     968.000           1.0045
     969.000           1.0065
     970.000           1.0079
     971.000           1.0077
     972.000           1.0070
     973.000           1.0058
     974.000           1.0037
     975.000           1.0040
     976.000           1.0033
     977.000           1.0067
     978.000           1.0072
     979.000           1.0077
     980.000           1.0085
     981.000           1.0077
     982.000           1.0074
     983.000           1.0087
     984.000           1.0088
     985.000           1.0088
     986.000           1.0073
     987.000           1.0080
     988.000           1.0084
     989.000           1.0075
     990.000           1.0059
     991.000           1.0077
     992.000           1.0074
     993.000           1.0046
     994.000           1.0048
     995.000           1.0033
     996.000           1.0029
     997.000           1.0049
     998.000           1.0066
     999.000           1.0070
    1000.000           1.0096
    1001.000           1.0060
    1002.000           1.0071
    1003.000           1.0078
    1004.000           1.0093
    1005.000           1.0080
    1006.000           1.0064
    1007.000           1.0064
    1008.000           1.0083
    1009.000           1.0082
    1010.000           1.0075
    1011.000           1.0060
    1012.000           1.0064
    1013.000           1.0056
    1014.000           1.0061
    1015.000           1.0055
    1016.000           1.0079
    1017.000           1.0093
    1018.000           1.0086
    1019.000           1.0053
    1020.000           1.0042
    1021.000           1.0061
    1022.000           1.0068
    1023.000           1.0051
    1024.000           1.0060
    1025.000           1.0067
    1026.000           1.0044
    1027.000           1.0060
    1028.000           1.0053
    1029.000           1.0055
    1030.000           1.0058
    1031.000           1.0058
    1032.000           1.0052
    1033.000           1.0056
    1034.000           1.0068
    1035.000           1.0057
    1036.000           1.0067
    1037.000           1.0082
    1038.000           1.0075
    1039.000           1.0068
    1040.000           1.0056
    1041.000           1.0081
    1042.000           1.0076
    1043.000           1.0075
    1044.000           1.0063
    1045.000           1.0071
    1046.000           1.0074
    1047.000           1.0092
    1048.000           1.0089
    1049.000           1.0087
    1050.000           1.0080
    1051.000           1.0062
    1052.000           1.0078
    1053.000           1.0090
    1054.000           1.0088
    1055.000           1.0077
    1056.000           1.0051
    1057.000           1.0062
    1058.000           1.0060
    1059.000           1.0081
    1060.000           1.0084
    1061.000           1.0080
    1062.000           1.0067
    1063.000           1.0088
    1064.000           1.0051
    1065.000           1.0060
    1066.000           1.0060
    1067.000           1.0057
    1068.000           1.0059
    1069.000           1.0054
    1070.000           1.0081
    1071.000           1.0100
    1072.000           1.0069
    1073.000           1.0049
    1074.000           1.0042
    1075.000           1.0070
    1076.000           1.0065
    1077.000           1.0068
    1078.000           1.0074
    1079.000           1.0080
    1080.000           1.0084
    1081.000           1.0086
    1082.000           1.0098
    1083.000           1.0103
    1084.000           1.0084
    1085.000           1.0069
    1086.000           1.0055
    1087.000           1.0066
    1088.000           1.0068
    1089.000           1.0053
    1090.000           1.0053
    1091.000           1.0060
    1092.000           1.0069
    1093.000           1.0065
    1094.000           1.0081
    1095.000           1.0085
    1096.000           1.0078
    1097.000           1.0075
    1098.000           1.0078
    1099.000           1.0087
    1100.000           1.0086
    1101.000           1.0088
    1102.000           1.0091
    1103.000           1.0079
    1104.000           1.0102
    1105.000           1.0081
    1106.000           1.0078
    1107.000           1.0081
    1108.000           1.0054
    1109.000           1.0048
    1110.000           1.0057
    1111.000           1.0068
    1112.000           1.0067
    1113.000           1.0077
    1114.000           1.0092
    1115.000           1.0100
    1116.000           1.0090
    1117.000           1.0076
    1118.000           1.0077
    1119.000           1.0074
    1120.000           1.0080
    1121.000           1.0073
    1122.000           1.0079
    1123.000           1.0087
    1124.000           1.0089
    1125.000           1.0074
    1126.000           1.0066
    1127.000           1.0077
    1128.000           1.0092
    1129.000           1.0104
    1130.000           1.0087
    1131.000           1.0076
    1132.000           1.0081
    1133.000           1.0090
    1134.000           1.0103
    1135.000           1.0105
    1136.000           1.0093
    1137.000           1.0073
    1138.000           1.0074
    1139.000           1.0087
    1140.000           1.0084
    1141.000           1.0077
    1142.000           1.0058
    1143.000           1.0070
    1144.000           1.0072
    1145.000           1.0056
    1146.000           1.0059
    1147.000           1.0068
    1148.000           1.0052
    1149.000           1.0048
    1150.000           1.0055
    1151.000           1.0049
    1152.000           1.0055
    1153.000           1.0088
    1154.000           1.0083
    1155.000           1.0078
    1156.000           1.0088
    1157.000           1.0090
    1158.000           1.0087
    1159.000           1.0088
    1160.000           1.0095
    1161.000           1.0099
    1162.000           1.0081
    1163.000           1.0092
    1164.000           1.0096
    1165.000           1.0097
    1166.000           1.0088
    1167.000           1.0093
    1168.000           1.0101
    1169.000           1.0102
    1170.000           1.0104
    1171.000           1.0111
    1172.000           1.0093
    1173.000           1.0075
    1174.000           1.0088
    1175.000           1.0068
    1176.000           1.0060
    1177.000           1.0058
    1178.000           1.0070
    1179.000           1.0064
    1180.000           1.0066
    1181.000           1.0065
    1182.000           1.0068
    1183.000           1.0076
    1184.000           1.0078
    1185.000           1.0071
    1186.000           1.0067
    1187.000           1.0071
    1188.000           1.0065
    1189.000           1.0067
    1190.000           1.0083
    1191.000           1.0084
    1192.000           1.0085
    1193.000           1.0092
    1194.000           1.0090
    1195.000           1.0090
    1196.000           1.0084
    1197.000           1.0080
    1198.000           1.0077
    1199.000           1.0078
    1200.000           1.0071
    1201.000           1.0086
    1202.000           1.0064
    1203.000           1.0066
    1204.000           1.0068
    1205.000           1.0079
    1206.000           1.0066
    1207.000           1.0083
    1208.000           1.0093
    1209.000           1.0084
    1210.000           1.0085
    1211.000           1.0091
    1212.000           1.0075
    1213.000           1.0070
    1214.000           1.0067
    1215.000           1.0071
    1216.000           1.0075
    1217.000           1.0066
    1218.000           1.0065
    1219.000           1.0073
    1220.000           1.0077
    1221.000           1.0064
    1222.000           1.0068
    1223.000           1.0071
    1224.000           1.0085
    1225.000           1.0080
    1226.000           1.0084
    1227.000           1.0085
    1228.000           1.0083
    1229.000           1.0079
    1230.000           1.0096
    1231.000           1.0093
    1232.000           1.0100
    1233.000           1.0086
    1234.000           1.0081
    1235.000           1.0078
    1236.000           1.0076
    1237.000           1.0080
    1238.000           1.0068
    1239.000           1.0052
    1240.000           1.0079
    1241.000           1.0103
    1242.000           1.0105
    1243.000           1.0092
    1244.000           1.0080
    1245.000           1.0098
    1246.000           1.0086
    1247.000           1.0071
    1248.000           1.0090
    1249.000           1.0092
    1250.000           1.0071
    1251.000           1.0078
    1252.000           1.0087
    1253.000           1.0091
    1254.000           1.0082
    1255.000           1.0101
    1256.000           1.0106
    1257.000           1.0097
    1258.000           1.0095
    1259.000           1.0103
    1260.000           1.0109
    1261.000           1.0103
    1262.000           1.0112
    1263.000           1.0097
    1264.000           1.0112
    1265.000           1.0079
    1266.000           1.0101
    1267.000           1.0072
    1268.000           1.0100
    1269.000           1.0112
    1270.000           1.0104
    1271.000           1.0113
    1272.000           1.0112
    1273.000           1.0112
    1274.000           1.0085
    1275.000           1.0107
    1276.000           1.0117
    1277.000           1.0101
    1278.000           1.0106
    1279.000           1.0117
    1280.000           1.0094
    1281.000           1.0051
    1282.000           1.0054
    1283.000           1.0058
    1284.000           1.0058
    1285.000           1.0072
    1286.000           1.0070
    1287.000           1.0072
    1288.000           1.0077
    1289.000           1.0076
    1290.000           1.0093
    1291.000           1.0090
    1292.000           1.0077
    1293.000           1.0092
    1294.000           1.0084
    1295.000           1.0096
    1296.000           1.0099
    1297.000           1.0089
    1298.000           1.0094
    1299.000           1.0107
    1300.000           1.0111
    1301.000           1.0114
    1302.000           1.0099
    1303.000           1.0088
    1304.000           1.0074
    1305.000           1.0099
    1306.000           1.0084
    1307.000           1.0099
    1308.000           1.0113
    1309.000           1.0098
    1310.000           1.0094
    1311.000           1.0071
    1312.000           1.0074
    1313.000           1.0074
    1314.000           1.0075
    1315.000           1.0068
    1316.000           1.0073
    1317.000           1.0077
    1318.000           1.0069
    1319.000           1.0083
    1320.000           1.0096
    1321.000           1.0098
    1322.000           1.0091
    1323.000           1.0086
    1324.000           1.0088
    1325.000           1.0097
    1326.000           1.0097
    1327.000           1.0076
    1328.000           1.0071
    1329.000           1.0089
    1330.000           1.0086
    1331.000           1.0109
    1332.000           1.0097
    1333.000           1.0112
    1334.000           1.0114
    1335.000           1.0093
    1336.000           1.0090
    1337.000           1.0085
    1338.000           1.0080
    1339.000           1.0086
    1340.000           1.0082
    1341.000           1.0066
    1342.000           1.0071
    1343.000           1.0076
    1344.000           1.0060
    1345.000           1.0046
    1346.000           1.0055
    1347.000           1.0054
    1348.000           1.0059
    1349.000           1.0089
    1350.000           1.0104
    1351.000           1.0119
    1352.000           1.0121
    1353.000           1.0121
    1354.000           1.0120
    1355.000           1.0119
    1356.000           1.0123
    1357.000           1.0125
    1358.000           1.0094
    1359.000           1.0090
    1360.000           1.0099
    1361.000           1.0104
    1362.000           1.0102
    1363.000           1.0105
    1364.000           1.0104
    1365.000           1.0086
    1366.000           1.0086
    1367.000           1.0083
    1368.000           1.0102
    1369.000           1.0088
    1370.000           1.0094
    1371.000           1.0087
    1372.000           1.0085
    1373.000           1.0104
    1374.000           1.0090
    1375.000           1.0107
    1376.000           1.0119
    1377.000           1.0104
    1378.000           1.0100
    1379.000           1.0081
    1380.000           1.0070
    1381.000           1.0089
    1382.000           1.0073
    1383.000           1.0076
    1384.000           1.0087
    1385.000           1.0095
    1386.000           1.0099
    1387.000           1.0108
    1388.000           1.0094
    1389.000           1.0107
    1390.000           1.0082
    1391.000           1.0064
    1392.000           1.0079
    1393.000           1.0058
    1394.000           1.0061
    1395.000           1.0071
    1396.000           1.0081
    1397.000           1.0076
    1398.000           1.0066
    1399.000           1.0076
    1400.000           1.0091
    1401.000           1.0097
    1402.000           1.0095
    1403.000           1.0100
    1404.000           1.0107
    1405.000           1.0101
    1406.000           1.0101
    1407.000           1.0086
    1408.000           1.0077
    1409.000           1.0100
    1410.000           1.0109
    1411.000           1.0098
    1412.000           1.0108
    1413.000           1.0110
    1414.000           1.0145
    1415.000           1.0128
    1416.000           1.0105
    1417.000           1.0125
    1418.000           1.0125
    1419.000           1.0120
    1420.000           1.0122
    1421.000           1.0125
    1422.000           1.0107
    1423.000           1.0091
    1424.000           1.0092
    1425.000           1.0088
    1426.000           1.0097
    1427.000           1.0086
    1428.000           1.0092
    1429.000           1.0103
    1430.000           1.0105
    1431.000           1.0098
    1432.000           1.0090
    1433.000           1.0096
    1434.000           1.0090
    1435.000           1.0083
    1436.000           1.0077
    1437.000           1.0072
    1438.000           1.0086
    1439.000           1.0088
    1440.000           1.0082
    1441.000           1.0083
    1442.000           1.0088
    1443.000           1.0092
    1444.000           1.0104
    1445.000           1.0095
    1446.000           1.0086
    1447.000           1.0104
    1448.000           1.0092
    1449.000           1.0092
    1450.000           1.0103
    1451.000           1.0095
    1452.000           1.0078
    1453.000           1.0087
    1454.000           1.0106
    1455.000           1.0108
    1456.000           1.0097
    1457.000           1.0093
    1458.000           1.0068
    1459.000           1.0089
    1460.000           1.0073
    1461.000           1.0078
    1462.000           1.0095
    1463.000           1.0094
    1464.000           1.0085
    1465.000           1.0092
    1466.000           1.0104
    1467.000           1.0084
    1468.000           1.0084
    1469.000           1.0097
    1470.000           1.0078
    1471.000           1.0097
    1472.000           1.0081
    1473.000           1.0088
    1474.000           1.0084
    1475.000           1.0112
    1476.000           1.0112
    1477.000           1.0125
    1478.000           1.0096
    1479.000           1.0103
    1480.000           1.0095
    1481.000           1.0080
    1482.000           1.0097
    1483.000           1.0092
    1484.000           1.0091
    1485.000           1.0103
    1486.000           1.0091
    1487.000           1.0105
    1488.000           1.0085
    1489.000           1.0075
    1490.000           1.0099
    1491.000           1.0111
    1492.000           1.0078
    1493.000           1.0087
    1494.000           1.0107
    1495.000           1.0072
    1496.000           1.0080
    1497.000           1.0075
    1498.000           1.0091
    1499.000           1.0088
    1500.000           1.0098
    1501.000           1.0092
    1502.000           1.0092
    1503.000           1.0110
    1504.000           1.0095
    1505.000           1.0086
    1506.000           1.0098
    1507.000           1.0112
    1508.000           1.0119
    1509.000           1.0109
    1510.000           1.0111
    1511.000           1.0115
    1512.000           1.0103
    1513.000           1.0111
    1514.000           1.0107
    1515.000           1.0104
    1516.000           1.0130
    1517.000           1.0096
    1518.000           1.0081
    1519.000           1.0090
    1520.000           1.0086
    1521.000           1.0090
    1522.000           1.0103
    1523.000           1.0096
    1524.000           1.0075
    1525.000           1.0093
    1526.000           1.0082
    1527.000           1.0103
    1528.000           1.0099
    1529.000           1.0088
    1530.000           1.0068
    1531.000           1.0073
    1532.000           1.0091
    1533.000           1.0105
    1534.000           1.0093
    1535.000           1.0087
    1536.000           1.0098
    1537.000           1.0122
    1538.000           1.0105
    1539.000           1.0098
    1540.000           1.0077
    1541.000           1.0092
    1542.000           1.0106
    1543.000           1.0092
    1544.000           1.0094
    1545.000           1.0097
    1546.000           1.0080
    1547.000           1.0072
    1548.000           1.0090
    1549.000           1.0106
    1550.000           1.0106
    1551.000           1.0100
    1552.000           1.0100
    1553.000           1.0112
    1554.000           1.0086
    1555.000           1.0081
    1556.000           1.0107
    1557.000           1.0102
    1558.000           1.0093
    1559.000           1.0087
    1560.000           1.0097
    1561.000           1.0104
    1562.000           1.0106
    1563.000           1.0123
    1564.000           1.0120
    1565.000           1.0118
    1566.000           1.0128
    1567.000           1.0117
    1568.000           1.0094
    1569.000           1.0087
    1570.000           1.0104
    1571.000           1.0103
    1572.000           1.0100
    1573.000           1.0079
    1574.000           1.0100
    1575.000           1.0112
    1576.000           1.0119
    1577.000           1.0127
    1578.000           1.0104
    1579.000           1.0102
    1580.000           1.0088
    1581.000           1.0105
    1582.000           1.0112
    1583.000           1.0101
    1584.000           1.0112
    1585.000           1.0106
    1586.000           1.0105
    1587.000           1.0115
    1588.000           1.0149
    1589.000           1.0129
    1590.000           1.0125
    1591.000           1.0115
    1592.000           1.0127
    1593.000           1.0121
    1594.000           1.0112
    1595.000           1.0106
    1596.000           1.0118
    1597.000           1.0123
    1598.000           1.0130
    1599.000           1.0123
    1600.000           1.0100
    1601.000           1.0083
    1602.000           1.0074
    1603.000           1.0088
    1604.000           1.0113
    1605.000           1.0123
    1606.000           1.0131
    1607.000           1.0143
    1608.000           1.0128
    1609.000           1.0122
    1610.000           1.0121
    1611.000           1.0126
    1612.000           1.0125
    1613.000           1.0119
    1614.000           1.0092
    1615.000           1.0110
    1616.000           1.0113
    1617.000           1.0114
    1618.000           1.0121
    1619.000           1.0113
    1620.000           1.0096
    1621.000           1.0115
    1622.000           1.0112
    1623.000           1.0116
    1624.000           1.0129
    1625.000           1.0113
    1626.000           1.0139
    1627.000           1.0136
    1628.000           1.0125
    1629.000           1.0115
    1630.000           1.0095
    1631.000           1.0107
    1632.000           1.0095
    1633.000           1.0108
    1634.000           1.0100
    1635.000           1.0101
    1636.000           1.0100
    1637.000           1.0081
    1638.000           1.0072
    1639.000           1.0095
    1640.000           1.0103
    1641.000           1.0096
    1642.000           1.0079
    1643.000           1.0083
    1644.000           1.0101
    1645.000           1.0101
    1646.000           1.0093
    1647.000           1.0097
    1648.000           1.0113
    1649.000           1.0128
    1650.000           1.0166
    1651.000           1.0138
    1652.000           1.0120
    1653.000           1.0116
    1654.000           1.0115
    1655.000           1.0121
    1656.000           1.0114
    1657.000           1.0126
    1658.000           1.0114
    1659.000           1.0140
    1660.000           1.0139
    1661.000           1.0136
    1662.000           1.0120
    1663.000           1.0093
    1664.000           1.0098
    1665.000           1.0094
    1666.000           1.0097
    1667.000           1.0093
    1668.000           1.0118
    1669.000           1.0108
    1670.000           1.0096
    1671.000           1.0107
    1672.000           1.0126
    1673.000           1.0136
    1674.000           1.0121
    1675.000           1.0128
    1676.000           1.0116
    1677.000           1.0121
    1678.000           1.0126
    1679.000           1.0123
    1680.000           1.0112
    1681.000           1.0138
    1682.000           1.0144
    1683.000           1.0109
    1684.000           1.0111
    1685.000           1.0094
    1686.000           1.0115
    1687.000           1.0137
    1688.000           1.0124
    1689.000           1.0137
    1690.000           1.0125
    1691.000           1.0134
    1692.000           1.0147
    1693.000           1.0120
    1694.000           1.0110
    1695.000           1.0108
    1696.000           1.0127
    1697.000           1.0122
    1698.000           1.0128
    1699.000           1.0136
    1700.000           1.0145
    1701.000           1.0127
    1702.000           1.0134
    1703.000           1.0117
    1704.000           1.0114
    1705.000           1.0115
    1706.000           1.0135
    1707.000           1.0136
    1708.000           1.0127
    1709.000           1.0136
    1710.000           1.0141
    1711.000           1.0105
    1712.000           1.0131
    1713.000           1.0126
    1714.000           1.0125
    1715.000           1.0113
    1716.000           1.0127
    1717.000           1.0126
    1718.000           1.0148
    1719.000           1.0125
    1720.000           1.0121
    1721.000           1.0118
    1722.000           1.0119
    1723.000           1.0117
    1724.000           1.0133
    1725.000           1.0116
    1726.000           1.0103
    1727.000           1.0098
    1728.000           1.0110
    1729.000           1.0105
    1730.000           1.0113
    1731.000           1.0110
    1732.000           1.0110
    1733.000           1.0116
    1734.000           1.0096
    1735.000           1.0082
    1736.000           1.0099
    1737.000           1.0099
    1738.000           1.0103
    1739.000           1.0102
    1740.000           1.0109
    1741.000           1.0103
    1742.000           1.0100
    1743.000           1.0097
    1744.000           1.0100
    1745.000           1.0094
    1746.000           1.0109
    1747.000           1.0127
    1748.000           1.0128
    1749.000           1.0126
    1750.000           1.0121
    1751.000           1.0117
    1752.000           1.0111
    1753.000           1.0089
    1754.000           1.0091
    1755.000           1.0108
    1756.000           1.0106
    1757.000           1.0122
    1758.000           1.0102
    1759.000           1.0140
    1760.000           1.0135
    1761.000           1.0148
    1762.000           1.0151
    1763.000           1.0145
    1764.000           1.0145
    1765.000           1.0154
    1766.000           1.0155
    1767.000           1.0147
    1768.000           1.0129
    1769.000           1.0124
    1770.000           1.0121
    1771.000           1.0117
    1772.000           1.0138
    1773.000           1.0110
    1774.000           1.0105
    1775.000           1.0112
    1776.000           1.0119
    1777.000           1.0134
    1778.000           1.0120
    1779.000           1.0131
    1780.000           1.0131
    1781.000           1.0138
    1782.000           1.0137
    1783.000           1.0151
    1784.000           1.0152
    1785.000           1.0138
    1786.000           1.0142
    1787.000           1.0128
    1788.000           1.0122
    1789.000           1.0122
    1790.000           1.0108
    1791.000           1.0112
    1792.000           1.0106
    1793.000           1.0143
    1794.000           1.0126
    1795.000           1.0110
    1796.000           1.0125
    1797.000           1.0117
    1798.000           1.0120
    1799.000           1.0130
    1800.000           1.0125
    1801.000           1.0101
    1802.000           1.0112
    1803.000           1.0123
    1804.000           1.0128
    1805.000           1.0119
    1806.000           1.0131
    1807.000           1.0117
    1808.000           1.0109
    1809.000           1.0116
    1810.000           1.0133
    1811.000           1.0120
    1812.000           1.0123
    1813.000           1.0101
    1814.000           1.0127
    1815.000           1.0139
    1816.000           1.0146
    1817.000           1.0146
    1818.000           1.0139
    1819.000           1.0148
    1820.000           1.0154
    1821.000           1.0144
    1822.000           1.0143
    1823.000           1.0127
    1824.000           1.0120
    1825.000           1.0122
    1826.000           1.0119
    1827.000           1.0123
    1828.000           1.0102
    1829.000           1.0140
    1830.000           1.0148
    1831.000           1.0146
    1832.000           1.0131
    1833.000           1.0131
    1834.000           1.0139
    1835.000           1.0126
    1836.000           1.0127
    1837.000           1.0108
    1838.000           1.0123
    1839.000           1.0115
    1840.000           1.0109
    1841.000           1.0120
    1842.000           1.0114
    1843.000           1.0119
    1844.000           1.0167
    1845.000           1.0156
    1846.000           1.0144
    1847.000           1.0155
    1848.000           1.0147
    1849.000           1.0146
    1850.000           1.0152
    1851.000           1.0160
    1852.000           1.0130
    1853.000           1.0142
    1854.000           1.0157
    1855.000           1.0164
    1856.000           1.0162
    1857.000           1.0142
    1858.000           1.0137
    1859.000           1.0149
    1860.000           1.0151
    1861.000           1.0169
    1862.000           1.0142
    1863.000           1.0121
    1864.000           1.0152
    1865.000           1.0168
    1866.000           1.0173
    1867.000           1.0149
    1868.000           1.0141
    1869.000           1.0127
    1870.000           1.0135
    1871.000           1.0115
    1872.000           1.0119
    1873.000           1.0125
    1874.000           1.0104
    1875.000           1.0110
    1876.000           1.0116
    1877.000           1.0119
    1878.000           1.0143
    1879.000           1.0112
    1880.000           1.0115
    1881.000           1.0100
    1882.000           1.0114
    1883.000           1.0113
    1884.000           1.0100
    1885.000           1.0114
    1886.000           1.0100
    1887.000           1.0117
    1888.000           1.0119
    1889.000           1.0117
    1890.000           1.0142
    1891.000           1.0140
    1892.000           1.0119
    1893.000           1.0123
    1894.000           1.0127
    1895.000           1.0138
    1896.000           1.0121
    1897.000           1.0146
    1898.000           1.0148
    1899.000           1.0137
    1900.000           1.0132
    1901.000           1.0109
    1902.000           1.0121
    1903.000           1.0113
    1904.000           1.0097
    1905.000           1.0115
    1906.000           1.0136
    1907.000           1.0135
    1908.000           1.0136
    1909.000           1.0130
    1910.000           1.0136
    1911.000           1.0144
    1912.000           1.0128
    1913.000           1.0131
    1914.000           1.0116
    1915.000           1.0099
    1916.000           1.0080
    1917.000           1.0095
    1918.000           1.0094
    1919.000           1.0127
    1920.000           1.0151
    1921.000           1.0138
    1922.000           1.0126
    1923.000           1.0104
    1924.000           1.0108
    1925.000           1.0119
    1926.000           1.0128
    1927.000           1.0136
    1928.000           1.0123
    1929.000           1.0114
    1930.000           1.0121
    1931.000           1.0120
    1932.000           1.0106
    1933.000           1.0138
    1934.000           1.0148
    1935.000           1.0126
    1936.000           1.0132
    1937.000           1.0122
    1938.000           1.0125
    1939.000           1.0127
    1940.000           1.0120
    1941.000           1.0153
    1942.000           1.0156
    1943.000           1.0138
    1944.000           1.0139
    1945.000           1.0136
    1946.000           1.0132
    1947.000           1.0122
    1948.000           1.0105
    1949.000           1.0114
    1950.000           1.0113
    1951.000           1.0113
    1952.000           1.0113
    1953.000           1.0103
    1954.000           1.0102
    1955.000           1.0117
    1956.000           1.0120
    1957.000           1.0142
    1958.000           1.0139
    1959.000           1.0139
    1960.000           1.0147
    1961.000           1.0135
    1962.000           1.0132
    1963.000           1.0135
    1964.000           1.0111
    1965.000           1.0134
    1966.000           1.0137
    1967.000           1.0128
    1968.000           1.0131
    1969.000           1.0114
    1970.000           1.0121
    1971.000           1.0130
    1972.000           1.0118
    1973.000           1.0131
    1974.000           1.0114
    1975.000           1.0112
    1976.000           1.0130
    1977.000           1.0148
    1978.000           1.0129
    1979.000           1.0132
    1980.000           1.0141
    1981.000           1.0118
    1982.000           1.0132
    1983.000           1.0129
    1984.000           1.0112
    1985.000           1.0132
    1986.000           1.0129
    1987.000           1.0157
    1988.000           1.0136
    1989.000           1.0132
    1990.000           1.0121
    1991.000           1.0117
    1992.000           1.0138
    1993.000           1.0130
    1994.000           1.0124
    1995.000           1.0112
    1996.000           1.0111
    1997.000           1.0102
    1998.000           1.0108
    1999.000           1.0119
    2000.000           1.0120
    2001.000           1.0120
    2002.000           1.0141
    2003.000           1.0151
    2004.000           1.0154
    2005.000           1.0147
    2006.000           1.0156
    2007.000           1.0168
    2008.000           1.0166
    2009.000           1.0174
    2010.000           1.0149
    2011.000           1.0139
    2012.000           1.0136
    2013.000           1.0154
    2014.000           1.0150
    2015.000           1.0126
    2016.000           1.0115
    2017.000           1.0124
    2018.000           1.0119
    2019.000           1.0129
    2020.000           1.0122
    2021.000           1.0126
    2022.000           1.0139
    2023.000           1.0135
    2024.000           1.0116
    2025.000           1.0126
    2026.000           1.0133
    2027.000           1.0130
    2028.000           1.0147
    2029.000           1.0147
    2030.000           1.0132
    2031.000           1.0114
    2032.000           1.0107
    2033.000           1.0122
    2034.000           1.0127
    2035.000           1.0115
    2036.000           1.0113
    2037.000           1.0114
    2038.000           1.0138
    2039.000           1.0133
    2040.000           1.0124
    2041.000           1.0107
    2042.000           1.0104
    2043.000           1.0104
    2044.000           1.0122
    2045.000           1.0148
    2046.000           1.0134
    2047.000           1.0141
    2048.000           1.0140
    2049.000           1.0150
    2050.000           1.0146
    2051.000           1.0156
    2052.000           1.0153
    2053.000           1.0146
    2054.000           1.0151
    2055.000           1.0152
    2056.000           1.0141
    2057.000           1.0121
    2058.000           1.0134
    2059.000           1.0138
    2060.000           1.0156
    2061.000           1.0164
    2062.000           1.0142
    2063.000           1.0150
    2064.000           1.0135
    2065.000           1.0151
    2066.000           1.0148
    2067.000           1.0156
    2068.000           1.0156
    2069.000           1.0148
    2070.000           1.0164
    2071.000           1.0124
    2072.000           1.0139
    2073.000           1.0142
    2074.000           1.0144
    2075.000           1.0144
    2076.000           1.0122
    2077.000           1.0129
    2078.000           1.0128
    2079.000           1.0136
    2080.000           1.0151
    2081.000           1.0143
    2082.000           1.0130
    2083.000           1.0112
    2084.000           1.0109
    2085.000           1.0127
    2086.000           1.0132
    2087.000           1.0123
    2088.000           1.0131
    2089.000           1.0147
    2090.000           1.0123
    2091.000           1.0111
    2092.000           1.0122
    2093.000           1.0156
    2094.000           1.0150
    2095.000           1.0139
    2096.000           1.0130
    2097.000           1.0133
    2098.000           1.0139
    2099.000           1.0154
    2100.000           1.0141
    2101.000           1.0136
    2102.000           1.0138
    2103.000           1.0150
    2104.000           1.0151
    2105.000           1.0131
    2106.000           1.0131
    2107.000           1.0120
    2108.000           1.0116
    2109.000           1.0125
    2110.000           1.0122
    2111.000           1.0128
    2112.000           1.0147
    2113.000           1.0131
    2114.000           1.0131
    2115.000           1.0151
    2116.000           1.0133
    2117.000           1.0128
    2118.000           1.0121
    2119.000           1.0119
    2120.000           1.0131
    2121.000           1.0126
    2122.000           1.0129
    2123.000           1.0137
    2124.000           1.0137
    2125.000           1.0147
    2126.000           1.0116
    2127.000           1.0106
    2128.000           1.0126
    2129.000           1.0139
    2130.000           1.0129
    2131.000           1.0137
    2132.000           1.0139
    2133.000           1.0134
    2134.000           1.0110
    2135.000           1.0100
    2136.000           1.0112
    2137.000           1.0105
    2138.000           1.0132
    2139.000           1.0154
    2140.000           1.0141
    2141.000           1.0144
    2142.000           1.0157
    2143.000           1.0147
    2144.000           1.0138
    2145.000           1.0136
    2146.000           1.0140
    2147.000           1.0121
    2148.000           1.0124
    2149.000           1.0133
    2150.000           1.0122
    2151.000           1.0119
    2152.000           1.0116
    2153.000           1.0141
    2154.000           1.0143
    2155.000           1.0136
    2156.000           1.0145
    2157.000           1.0160
    2158.000           1.0149
    2159.000           1.0133
    2160.000           1.0136
    2161.000           1.0138
    2162.000           1.0118
    2163.000           1.0132
    2164.000           1.0115
    2165.000           1.0130
    2166.000           1.0136
    2167.000           1.0149
    2168.000           1.0160
    2169.000           1.0162
    2170.000           1.0189
    2171.000           1.0172
    2172.000           1.0160
    2173.000           1.0174
    2174.000           1.0144
    2175.000           1.0146
    2176.000           1.0135
    2177.000           1.0152
    2178.000           1.0175
    2179.000           1.0175
    2180.000           1.0165
    2181.000           1.0183
    2182.000           1.0168
    2183.000           1.0163
    2184.000           1.0152
    2185.000           1.0153
    2186.000           1.0132
    2187.000           1.0120
    2188.000           1.0131
    2189.000           1.0141
    2190.000           1.0112
    2191.000           1.0129
    2192.000           1.0118
    2193.000           1.0133
    2194.000           1.0153
    2195.000           1.0165
    2196.000           1.0158
    2197.000           1.0157
    2198.000           1.0149
    2199.000           1.0158
    2200.000           1.0138
    2201.000           1.0142
    2202.000           1.0133
    2203.000           1.0145
    2204.000           1.0134
    2205.000           1.0144
    2206.000           1.0160
    2207.000           1.0160
    2208.000           1.0163
    2209.000           1.0148
    2210.000           1.0129
    2211.000           1.0128
    2212.000           1.0130
    2213.000           1.0113
    2214.000           1.0145
    2215.000           1.0155
    2216.000           1.0133
    2217.000           1.0135
    2218.000           1.0128
    2219.000           1.0136
    2220.000           1.0138
    2221.000           1.0142
    2222.000           1.0151
    2223.000           1.0153
    2224.000           1.0157
    2225.000           1.0135
    2226.000           1.0160
    2227.000           1.0142
    2228.000           1.0153
    2229.000           1.0139
    2230.000           1.0141
    2231.000           1.0146
    2232.000           1.0136
    2233.000           1.0138
    2234.000           1.0144
    2235.000           1.0131
    2236.000           1.0129
    2237.000           1.0142
    2238.000           1.0137
    2239.000           1.0138
    2240.000           1.0125
    2241.000           1.0133
    2242.000           1.0141
    2243.000           1.0149
    2244.000           1.0158
    2245.000           1.0156
    2246.000           1.0139
    2247.000           1.0153
    2248.000           1.0138
    2249.000           1.0148
    2250.000           1.0164
    2251.000           1.0138
    2252.000           1.0166
    2253.000           1.0165
    2254.000           1.0152
    2255.000           1.0161
    2256.000           1.0142
    2257.000           1.0130
    2258.000           1.0139
    2259.000           1.0154
    2260.000           1.0162
    2261.000           1.0153
    2262.000           1.0156
    2263.000           1.0160
    2264.000           1.0178
    2265.000           1.0182
    2266.000           1.0163
    2267.000           1.0163
    2268.000           1.0160
    2269.000           1.0127
    2270.000           1.0145
    2271.000           1.0144
    2272.000           1.0138
    2273.000           1.0159
    2274.000           1.0161
    2275.000           1.0175
    2276.000           1.0171
    2277.000           1.0149
    2278.000           1.0168
    2279.000           1.0146
    2280.000           1.0155
    2281.000           1.0149
    2282.000           1.0156
    2283.000           1.0150
    2284.000           1.0152
    2285.000           1.0176
    2286.000           1.0176
    2287.000           1.0154
    2288.000           1.0156
    2289.000           1.0174
    2290.000           1.0171
    2291.000           1.0158
    2292.000           1.0148
    2293.000           1.0162
    2294.000           1.0157
    2295.000           1.0142
    2296.000           1.0150
    2297.000           1.0141
    2298.000           1.0153
    2299.000           1.0137
    2300.000           1.0138
    2301.000           1.0146
    2302.000           1.0148
    2303.000           1.0144
    2304.000           1.0138
    2305.000           1.0112
    2306.000           1.0137
    2307.000           1.0157
    2308.000           1.0160
    2309.000           1.0173
    2310.000           1.0167
    2311.000           1.0149
    2312.000           1.0145
    2313.000           1.0140
    2314.000           1.0139
    2315.000           1.0142
    2316.000           1.0142
    2317.000           1.0130
    2318.000           1.0132
    2319.000           1.0135
    2320.000           1.0140
    2321.000           1.0133
    2322.000           1.0140
    2323.000           1.0148
    2324.000           1.0146
    2325.000           1.0151
    2326.000           1.0167
    2327.000           1.0161
    2328.000           1.0151
    2329.000           1.0135
    2330.000           1.0125
    2331.000           1.0147
    2332.000           1.0157
    2333.000           1.0168
    2334.000           1.0145
    2335.000           1.0127
    2336.000           1.0134
    2337.000           1.0149
    2338.000           1.0154
    2339.000           1.0132
    2340.000           1.0165
    2341.000           1.0155
    2342.000           1.0158
    2343.000           1.0146
    2344.000           1.0142
    2345.000           1.0149
    2346.000           1.0169
    2347.000           1.0170
    2348.000           1.0164
    2349.000           1.0165
    2350.000           1.0164
    2351.000           1.0163
    2352.000           1.0153
    2353.000           1.0181
    2354.000           1.0179
    2355.000           1.0164
    2356.000           1.0165
    2357.000           1.0161
    2358.000           1.0160
    2359.000           1.0153
    2360.000           1.0148
    2361.000           1.0134
    2362.000           1.0121
    2363.000           1.0137
    2364.000           1.0146
    2365.000           1.0137
    2366.000           1.0139
    2367.000           1.0130
    2368.000           1.0127
    2369.000           1.0132
    2370.000           1.0147
    2371.000           1.0135
    2372.000           1.0126
    2373.000           1.0144
    2374.000           1.0156
    2375.000           1.0143
    2376.000           1.0148
    2377.000           1.0174
    2378.000           1.0165
    2379.000           1.0161
    2380.000           1.0161
    2381.000           1.0164
    2382.000           1.0174
    2383.000           1.0180
    2384.000           1.0174
    2385.000           1.0159
    2386.000           1.0151
    2387.000           1.0150
    2388.000           1.0161
    2389.000           1.0169
    2390.000           1.0167
    2391.000           1.0173
    2392.000           1.0160
    2393.000           1.0148
    2394.000           1.0158
    2395.000           1.0163
    2396.000           1.0155
    2397.000           1.0158
    2398.000           1.0150
    2399.000           1.0161
    2400.000           1.0141
    2401.000           1.0146
    2402.000           1.0150
    2403.000           1.0157
    2404.000           1.0154
    2405.000           1.0160
    2406.000           1.0150
    2407.000           1.0141
    2408.000           1.0146
    2409.000           1.0150
    2410.000           1.0134
    2411.000           1.0154
    2412.000           1.0145
    2413.000           1.0148
    2414.000           1.0148
    2415.000           1.0142
    2416.000           1.0146
    2417.000           1.0150
    2418.000           1.0150
    2419.000           1.0180
    2420.000           1.0175
    2421.000           1.0162
    2422.000           1.0145
    2423.000           1.0123
    2424.000           1.0131
    2425.000           1.0122
    2426.000           1.0156
    2427.000           1.0145
    2428.000           1.0156
    2429.000           1.0157
    2430.000           1.0151
    2431.000           1.0161
    2432.000           1.0145
    2433.000           1.0137
    2434.000           1.0142
    2435.000           1.0144
    2436.000           1.0157
    2437.000           1.0166
    2438.000           1.0150
    2439.000           1.0141
    2440.000           1.0127
    2441.000           1.0123
    2442.000           1.0153
    2443.000           1.0159
    2444.000           1.0164
    2445.000           1.0162
    2446.000           1.0148
    2447.000           1.0143
    2448.000           1.0158
    2449.000           1.0167
    2450.000           1.0190
    2451.000           1.0179
    2452.000           1.0158
    2453.000           1.0151
    2454.000           1.0178
    2455.000           1.0158
    2456.000           1.0157
    2457.000           1.0145
    2458.000           1.0143
    2459.000           1.0138
    2460.000           1.0126
    2461.000           1.0117
    2462.000           1.0111
    2463.000           1.0140
    2464.000           1.0124
    2465.000           1.0132
    2466.000           1.0143
    2467.000           1.0136
    2468.000           1.0140
    2469.000           1.0137
    2470.000           1.0151
    2471.000           1.0127
    2472.000           1.0132
    2473.000           1.0141
    2474.000           1.0143
    2475.000           1.0139
    2476.000           1.0154
    2477.000           1.0149
    2478.000           1.0155
    2479.000           1.0142
    2480.000           1.0141
    2481.000           1.0135
    2482.000           1.0137
    2483.000           1.0151
    2484.000           1.0143
    2485.000           1.0144
    2486.000           1.0160
    2487.000           1.0143
    2488.000           1.0143
    2489.000           1.0137
    2490.000           1.0150
    2491.000           1.0142
    2492.000           1.0123
    2493.000           1.0129
    2494.000           1.0163
    2495.000           1.0168
    2496.000           1.0150
    2497.000           1.0117
    2498.000           1.0122
    2499.000           1.0116
    2500.000           1.0135
    2501.000           1.0145
    2502.000           1.0150
    2503.000           1.0118
    2504.000           1.0127
    2505.000           1.0148
    2506.000           1.0166
    2507.000           1.0149
    2508.000           1.0131
    2509.000           1.0116
    2510.000           1.0114
    2511.000           1.0133
    2512.000           1.0119
    2513.000           1.0152
    2514.000           1.0145
    2515.000           1.0149
    2516.000           1.0134
    2517.000           1.0126
    2518.000           1.0125
    2519.000           1.0144
    2520.000           1.0128
    2521.000           1.0148
    2522.000           1.0140
    2523.000           1.0142
    2524.000           1.0148
    2525.000           1.0143
    2526.000           1.0139
    2527.000           1.0148
    2528.000           1.0137
    2529.000           1.0141
    2530.000           1.0136
    2531.000           1.0150
    2532.000           1.0148
    2533.000           1.0150
    2534.000           1.0156
    2535.000           1.0188
    2536.000           1.0176
    2537.000           1.0185
    2538.000           1.0156
    2539.000           1.0166
    2540.000           1.0161
    2541.000           1.0169
    2542.000           1.0176
    2543.000           1.0173
    2544.000           1.0154
    2545.000           1.0160
    2546.000           1.0168
    2547.000           1.0178
    2548.000           1.0153
    2549.000           1.0155
    2550.000           1.0146
    2551.000           1.0143
    2552.000           1.0148
    2553.000           1.0133
    2554.000           1.0128
    2555.000           1.0142
    2556.000           1.0139
    2557.000           1.0103
    2558.000           1.0117
    2559.000           1.0131
    2560.000           1.0150
    2561.000           1.0143
    2562.000           1.0155
    2563.000           1.0156
    2564.000           1.0176
    2565.000           1.0170
    2566.000           1.0165
    2567.000           1.0143
    2568.000           1.0141
    2569.000           1.0137
    2570.000           1.0151
    2571.000           1.0163
    2572.000           1.0173
    2573.000           1.0177
    2574.000           1.0167
    2575.000           1.0172
    2576.000           1.0183
    2577.000           1.0160
    2578.000           1.0137
    2579.000           1.0129
    2580.000           1.0135
    2581.000           1.0148
    2582.000           1.0126
    2583.000           1.0134
    2584.000           1.0134
    2585.000           1.0143
    2586.000           1.0158
    2587.000           1.0139
    2588.000           1.0142
    2589.000           1.0128
    2590.000           1.0138
    2591.000           1.0155
    2592.000           1.0161
    2593.000           1.0166
    2594.000           1.0165
    2595.000           1.0164
    2596.000           1.0146
    2597.000           1.0122
    2598.000           1.0153
    2599.000           1.0152
    2600.000           1.0140
    2601.000           1.0138
    2602.000           1.0126
    2603.000           1.0131
    2604.000           1.0137
    2605.000           1.0136
    2606.000           1.0152
    2607.000           1.0157
    2608.000           1.0158
    2609.000           1.0164
    2610.000           1.0174
    2611.000           1.0175
    2612.000           1.0159
    2613.000           1.0154
    2614.000           1.0156
    2615.000           1.0147
    2616.000           1.0124
    2617.000           1.0107
    2618.000           1.0102
    2619.000           1.0103
    2620.000           1.0127
    2621.000           1.0129
    2622.000           1.0127
    2623.000           1.0134
    2624.000           1.0138
    2625.000           1.0159
    2626.000           1.0168
    2627.000           1.0157
    2628.000           1.0152
    2629.000           1.0131
    2630.000           1.0170
    2631.000           1.0168
    2632.000           1.0175
    2633.000           1.0167
    2634.000           1.0180
    2635.000           1.0165
    2636.000           1.0140
    2637.000           1.0150
    2638.000           1.0164
    2639.000           1.0176
    2640.000           1.0171
    2641.000           1.0150
    2642.000           1.0163
    2643.000           1.0158
    2644.000           1.0172
    2645.000           1.0149
    2646.000           1.0164
    2647.000           1.0160
    2648.000           1.0149
    2649.000           1.0161
    2650.000           1.0138
    2651.000           1.0148
    2652.000           1.0137
    2653.000           1.0143
    2654.000           1.0160
    2655.000           1.0171
    2656.000           1.0151
    2657.000           1.0162
    2658.000           1.0183
    2659.000           1.0167
    2660.000           1.0153
    2661.000           1.0148
    2662.000           1.0144
    2663.000           1.0152
    2664.000           1.0140
    2665.000           1.0161
    2666.000           1.0166
    2667.000           1.0153
    2668.000           1.0171
    2669.000           1.0194
    2670.000           1.0195
    2671.000           1.0186
    2672.000           1.0166
    2673.000           1.0157
    2674.000           1.0153
    2675.000           1.0150
    2676.000           1.0156
    2677.000           1.0147
    2678.000           1.0163
    2679.000           1.0148
    2680.000           1.0138
    2681.000           1.0159
    2682.000           1.0141
    2683.000           1.0129
    2684.000           1.0117
    2685.000           1.0127
    2686.000           1.0143
    2687.000           1.0119
    2688.000           1.0150
    2689.000           1.0145
    2690.000           1.0168
    2691.000           1.0182
    2692.000           1.0165
    2693.000           1.0173
    2694.000           1.0155
    2695.000           1.0166
    2696.000           1.0163
    2697.000           1.0172
    2698.000           1.0164
    2699.000           1.0147
    2700.000           1.0128
    2701.000           1.0121
    2702.000           1.0135
    2703.000           1.0125
    2704.000           1.0123
    2705.000           1.0145
    2706.000           1.0148
    2707.000           1.0137
    2708.000           1.0159
    2709.000           1.0142
    2710.000           1.0143
    2711.000           1.0135
    2712.000           1.0134
    2713.000           1.0146
    2714.000           1.0145
    2715.000           1.0157
    2716.000           1.0142
    2717.000           1.0140
    2718.000           1.0144
    2719.000           1.0148
    2720.000           1.0143
    2721.000           1.0158
    2722.000           1.0168
    2723.000           1.0159
    2724.000           1.0168
    2725.000           1.0159
    2726.000           1.0170
    2727.000           1.0155
    2728.000           1.0157
    2729.000           1.0155
    2730.000           1.0155
    2731.000           1.0150
    2732.000           1.0151
    2733.000           1.0153
    2734.000           1.0131
    2735.000           1.0120
    2736.000           1.0138
    2737.000           1.0144
    2738.000           1.0152
    2739.000           1.0161
    2740.000           1.0152
    2741.000           1.0164
    2742.000           1.0135
    2743.000           1.0145
    2744.000           1.0145
    2745.000           1.0138
    2746.000           1.0149
    2747.000           1.0136
    2748.000           1.0145
    2749.000           1.0166
    2750.000           1.0151
    2751.000           1.0153
    2752.000           1.0140
    2753.000           1.0156
    2754.000           1.0152
    2755.000           1.0167
    2756.000           1.0157
    2757.000           1.0150
    2758.000           1.0164
    2759.000           1.0157
    2760.000           1.0170
    2761.000           1.0157
    2762.000           1.0132
    2763.000           1.0146
    2764.000           1.0151
    2765.000           1.0145
    2766.000           1.0151
    2767.000           1.0153
    2768.000           1.0161
    2769.000           1.0156
    2770.000           1.0160
    2771.000           1.0178
    2772.000           1.0158
    2773.000           1.0149
    2774.000           1.0144
    2775.000           1.0134
    2776.000           1.0119
    2777.000           1.0134
    2778.000           1.0129
    2779.000           1.0129
    2780.000           1.0126
    2781.000           1.0161
    2782.000           1.0169
    2783.000           1.0181
    2784.000           1.0176
    2785.000           1.0158
    2786.000           1.0134
    2787.000           1.0138
    2788.000           1.0116
    2789.000           1.0135
    2790.000           1.0149
    2791.000           1.0141
    2792.000           1.0142
    2793.000           1.0142
    2794.000           1.0179
    2795.000           1.0186
    2796.000           1.0175
    2797.000           1.0175
    2798.000           1.0188
    2799.000           1.0171
    2800.000           1.0166
    2801.000           1.0139
    2802.000           1.0141
    2803.000           1.0145
    2804.000           1.0162
    2805.000           1.0139
    2806.000           1.0143
    2807.000           1.0136
    2808.000           1.0131
    2809.000           1.0143
    2810.000           1.0137
    2811.000           1.0139
    2812.000           1.0128
    2813.000           1.0128
    2814.000           1.0119
    2815.000           1.0148
    2816.000           1.0161
    2817.000           1.0141
    2818.000           1.0156
    2819.000           1.0163
    2820.000           1.0164
    2821.000           1.0167
    2822.000           1.0166
    2823.000           1.0166
    2824.000           1.0158
    2825.000           1.0158
    2826.000           1.0166
    2827.000           1.0154
    2828.000           1.0140
    2829.000           1.0136
    2830.000           1.0120
    2831.000           1.0135
    2832.000           1.0136
    2833.000           1.0148
    2834.000           1.0153
    2835.000           1.0167
    2836.000           1.0157
    2837.000           1.0166
    2838.000           1.0175
    2839.000           1.0164
    2840.000           1.0167
    2841.000           1.0160
    2842.000           1.0151
    2843.000           1.0156
    2844.000           1.0136
    2845.000           1.0143
    2846.000           1.0148
    2847.000           1.0168
    2848.000           1.0173
    2849.000           1.0168
    2850.000           1.0162
    2851.000           1.0155
    2852.000           1.0162
    2853.000           1.0124
    2854.000           1.0118
    2855.000           1.0134
    2856.000           1.0142
    2857.000           1.0137
    2858.000           1.0157
    2859.000           1.0143
    2860.000           1.0156
    2861.000           1.0148
    2862.000           1.0151
    2863.000           1.0147
    2864.000           1.0143
    2865.000           1.0150
    2866.000           1.0170
    2867.000           1.0180
    2868.000           1.0169
    2869.000           1.0172
    2870.000           1.0179
    2871.000           1.0171
    2872.000           1.0177
    2873.000           1.0178
    2874.000           1.0173
    2875.000           1.0153
    2876.000           1.0138
    2877.000           1.0168
    2878.000           1.0158
    2879.000           1.0154
    2880.000           1.0157
    2881.000           1.0152
    2882.000           1.0136
    2883.000           1.0137
    2884.000           1.0139
    2885.000           1.0141
    2886.000           1.0156
    2887.000           1.0142
    2888.000           1.0155
    2889.000           1.0138
    2890.000           1.0142
    2891.000           1.0119
    2892.000           1.0121
    2893.000           1.0129
    2894.000           1.0129
    2895.000           1.0145
    2896.000           1.0161
    2897.000           1.0141
    2898.000           1.0141
    2899.000           1.0150
    2900.000           1.0160
    2901.000           1.0144
    2902.000           1.0136
    2903.000           1.0146
    2904.000           1.0162
    2905.000           1.0168
    2906.000           1.0170
    2907.000           1.0161
    2908.000           1.0155
    2909.000           1.0141
    2910.000           1.0142
    2911.000           1.0129
    2912.000           1.0130
    2913.000           1.0123
    2914.000           1.0143
    2915.000           1.0139
    2916.000           1.0158
    2917.000           1.0149
    2918.000           1.0146
    2919.000           1.0136
    2920.000           1.0128
    2921.000           1.0125
    2922.000           1.0138
    2923.000           1.0147
    2924.000           1.0160
    2925.000           1.0157
    2926.000           1.0160
    2927.000           1.0185
    2928.000           1.0175
    2929.000           1.0162
    2930.000           1.0146
    2931.000           1.0138
    2932.000           1.0150
    2933.000           1.0163
    2934.000           1.0139
    2935.000           1.0136
    2936.000           1.0144
    2937.000           1.0176
    2938.000           1.0165
    2939.000           1.0152
    2940.000           1.0111
    2941.000           1.0137
    2942.000           1.0137
    2943.000           1.0142
    2944.000           1.0129
    2945.000           1.0146
    2946.000           1.0131
    2947.000           1.0139
    2948.000           1.0138
    2949.000           1.0125
    2950.000           1.0144
    2951.000           1.0120
    2952.000           1.0166
    2953.000           1.0153
    2954.000           1.0150
    2955.000           1.0150
    2956.000           1.0150
    2957.000           1.0186
    2958.000           1.0187
    2959.000           1.0184
    2960.000           1.0179
    2961.000           1.0178
    2962.000           1.0166
    2963.000           1.0145
    2964.000           1.0144
    2965.000           1.0128
    2966.000           1.0129
    2967.000           1.0123
    2968.000           1.0117
    2969.000           1.0144
    2970.000           1.0151
    2971.000           1.0152
    2972.000           1.0163
    2973.000           1.0179
    2974.000           1.0165
    2975.000           1.0165
    2976.000           1.0137
    2977.000           1.0147
    2978.000           1.0144
    2979.000           1.0128
    2980.000           1.0131
    2981.000           1.0129
    2982.000           1.0145
    2983.000           1.0151
    2984.000           1.0149
    2985.000           1.0114
    2986.000           1.0128
    2987.000           1.0144
    2988.000           1.0147
    2989.000           1.0152
    2990.000           1.0159
    2991.000           1.0138
    2992.000           1.0124
    2993.000           1.0124
    2994.000           1.0120
    2995.000           1.0126
    2996.000           1.0128
    2997.000           1.0138
    2998.000           1.0142
    2999.000           1.0143
    3000.000           1.0165
    3001.000           1.0151
    3002.000           1.0166
    3003.000           1.0157
    3004.000           1.0145
    3005.000           1.0133
    3006.000           1.0146
    3007.000           1.0140
    3008.000           1.0146
    3009.000           1.0171
    3010.000           1.0179
    3011.000           1.0159
    3012.000           1.0129
    3013.000           1.0135
    3014.000           1.0133
    3015.000           1.0139
    3016.000           1.0153
    3017.000           1.0150
    3018.000           1.0145
    3019.000           1.0167
    3020.000           1.0169
    3021.000           1.0155
    3022.000           1.0159
    3023.000           1.0161
    3024.000           1.0153
    3025.000           1.0129
    3026.000           1.0123
    3027.000           1.0151
    3028.000           1.0160
    3029.000           1.0167
    3030.000           1.0158
    3031.000           1.0152
    3032.000           1.0156
    3033.000           1.0143
    3034.000           1.0133
    3035.000           1.0162
    3036.000           1.0147
    3037.000           1.0132
    3038.000           1.0128
    3039.000           1.0151
    3040.000           1.0152
