     141.000       18299.4512
     142.000       18308.4902
     143.000       18405.9707
     144.000       18146.8594
     145.000       18413.4629
     146.000       18388.3242
     147.000       18342.5566
     148.000       18197.1699
     149.000       18322.3809
     150.000       18230.1953
     151.000       18089.5156
     152.000       18152.0176
     153.000       18465.9258
     154.000       18385.4336
     155.000       18323.8867
     156.000       18343.8965
     157.000       18310.9727
     158.000       18219.7988
     159.000       18359.6367
     160.000       18426.8613
     161.000       18431.6426
     162.000       18153.4551
     163.000       18312.7891
     164.000       18250.0352
     165.000       18313.4922
     166.000       18374.3301
     167.000       18237.9922
     168.000       18442.6426
     169.000       18172.9082
     170.000       18429.4336
     171.000       18238.9160
     172.000       18372.0098
     173.000       18113.3652
     174.000       18198.2383
     175.000       18190.3164
     176.000       18404.8379
     177.000       18337.4941
     178.000       18281.9492
     179.000       18373.4844
     180.000       18355.2520
     181.000       18453.1836
     182.000       18260.4609
     183.000       18352.9531
     184.000       18398.8984
     185.000       18223.2129
     186.000       18244.1309
     187.000       18298.9141
     188.000       18284.7129
     189.000       18265.2734
     190.000       18330.7441
     191.000       18285.5859
     192.000       18270.3535
     193.000       18317.6152
     194.000       18213.2285
     195.000       18055.6680
     196.000       18228.7051
     197.000       18330.6875
     198.000       18014.3906
     199.000       18307.5840
     200.000       18192.2383
     201.000       18438.4766
     202.000       18340.6680
     203.000       18089.0820
     204.000       18368.7910
     205.000       18520.5957
     206.000       18258.7656
     207.000       18357.8477
     208.000       18236.5215
     209.000       18336.7695
     210.000       18169.8535
     211.000       18242.1660
     212.000       18360.0586
     213.000       18277.0938
     214.000       18258.6582
     215.000       18308.0938
     216.000       18256.5742
     217.000       18340.4453
     218.000       18273.9570
     219.000       18078.5898
     220.000       18162.6816
     221.000       18222.7090
     222.000       18243.4023
     223.000       18192.0977
     224.000       18260.9805
     225.000       18179.5781
     226.000       18247.3008
     227.000       18053.7227
     228.000       18353.4980
     229.000       18294.3027
     230.000       18319.7188
     231.000       18081.2695
     232.000       18304.6797
     233.000       18375.5859
     234.000       18550.6641
     235.000       18336.3164
     236.000       18294.3965
     237.000       18330.4590
     238.000       18440.2930
     239.000       18265.5039
     240.000       18117.0898
     241.000       18496.6758
     242.000       18381.0508
     243.000       18225.8516
     244.000       18285.8750
     245.000       18238.5508
     246.000       18329.6777
     247.000       18255.5977
     248.000       18291.7578
     249.000       18328.6602
     250.000       18271.9863
     251.000       18325.0625
     252.000       18230.8223
     253.000       18354.2812
     254.000       18310.5449
     255.000       18150.7969
     256.000       18331.3281
     257.000       18198.0645
     258.000       18413.8457
     259.000       18337.2715
     260.000       18308.0156
     261.000       18302.1191
     262.000       18111.2129
     263.000       18372.6934
     264.000       18296.9512
     265.000       18265.9629
     266.000       18305.7324
     267.000       18289.6348
     268.000       18244.7324
     269.000       18173.3379
     270.000       18217.2070
     271.000       18398.8867
     272.000       18523.0508
     273.000       18522.9922
     274.000       18420.7930
     275.000       18546.3438
     276.000       18319.2891
     277.000       18261.3809
     278.000       18185.6875
     279.000       18327.8555
     280.000       18270.0273
     281.000       18240.4570
     282.000       18260.1348
     283.000       18350.7246
     284.000       18353.5840
     285.000       18387.4297
     286.000       18281.3672
     287.000       18175.3516
     288.000       18222.8223
     289.000       18487.6445
     290.000       18272.3359
     291.000       18048.2246
     292.000       18255.2324
     293.000       18317.0684
     294.000       18339.0879
     295.000       18303.7031
     296.000       18251.6504
     297.000       18346.8887
     298.000       18447.0742
     299.000       18128.1582
     300.000       18376.1680
     301.000       18243.4141
     302.000       18161.0801
     303.000       18377.8750
     304.000       18352.7070
     305.000       18335.6777
     306.000       18219.4785
     307.000       18475.8711
     308.000       18217.9199
     309.000       18421.8633
     310.000       18173.5195
     311.000       18331.7598
     312.000       18168.9668
     313.000       18309.0723
     314.000       18237.3223
     315.000       18137.7520
     316.000       18387.8008
     317.000       18313.7422
     318.000       18416.9668
     319.000       18279.1582
     320.000       18285.8691
     321.000       18334.6582
     322.000       18222.1094
     323.000       18249.8262
     324.000       18144.2188
     325.000       18195.3594
     326.000       18343.4141
     327.000       18308.9043
     328.000       18099.5645
     329.000       18304.8418
     330.000       18337.8848
     331.000       18300.9004
     332.000       18233.0488
     333.000       18272.6289
     334.000       18277.6016
     335.000       18339.3945
     336.000       18424.2012
     337.000       18444.6816
     338.000       18221.9551
     339.000       18337.7520
     340.000       18377.9414
     341.000       18342.8438
     342.000       18236.1328
     343.000       18334.9785
     344.000       18185.6309
     345.000       18335.4551
     346.000       18310.8613
     347.000       18310.8027
     348.000       18207.3945
     349.000       18238.9590
     350.000       18213.1055
     351.000       18423.0117
     352.000       18338.3926
     353.000       18340.2930
     354.000       18318.0840
     355.000       18315.1738
     356.000       18185.4688
     357.000       18014.4004
     358.000       18152.4180
     359.000       18056.8379
     360.000       18275.9609
     361.000       18348.3809
     362.000       18306.9180
     363.000       18231.0645
     364.000       18250.8184
     365.000       18369.7031
     366.000       18259.9297
     367.000       18330.1777
     368.000       18364.0547
     369.000       18207.8438
     370.000       18246.4766
     371.000       18376.1133
     372.000       18339.1914
     373.000       18387.0059
     374.000       18387.0723
     375.000       18399.6211
     376.000       18245.7480
     377.000       18134.2285
     378.000       18441.8359
     379.000       18629.3066
     380.000       18410.8867
     381.000       18367.8965
     382.000       18353.9473
     383.000       17963.1016
     384.000       18245.6973
     385.000       18505.6797
     386.000       18519.0605
     387.000       18269.0176
     388.000       18384.5469
     389.000       18274.1309
     390.000       18330.3457
     391.000       18417.5039
     392.000       18326.1797
     393.000       18284.4961
     394.000       18438.9238
     395.000       18366.6719
     396.000       18240.8125
     397.000       18240.6172
     398.000       18340.6504
     399.000       18340.6777
     400.000       18337.0898
     401.000       18241.9629
     402.000       18432.1191
     403.000       18332.9844
     404.000       18287.3105
     405.000       18146.4512
     406.000       18244.5742
     407.000       18240.9883
     408.000       18376.4980
     409.000       18181.0742
     410.000       18252.4883
     411.000       18202.2754
     412.000       18168.0938
     413.000       18383.6387
     414.000       18555.0371
     415.000       18310.7969
     416.000       18198.7305
     417.000       18399.9648
     418.000       18214.7012
     419.000       18326.9453
     420.000       18536.3945
     421.000       18240.1504
     422.000       18126.1465
     423.000       18362.0254
     424.000       18268.2930
     425.000       18557.9766
     426.000       18323.5293
     427.000       18360.7598
     428.000       18195.5820
     429.000       18308.7266
     430.000       18318.8477
     431.000       18371.2363
     432.000       18357.8301
     433.000       18238.3105
     434.000       18151.8633
     435.000       18432.6621
     436.000       18284.1855
     437.000       18148.5078
     438.000       18228.4219
     439.000       18195.0918
     440.000       18344.5820
     441.000       18464.6953
     442.000       18363.4102
     443.000       18193.2031
     444.000       18211.3125
     445.000       18250.2969
     446.000       18297.9180
     447.000       18233.7773
     448.000       18359.1543
     449.000       18345.5215
     450.000       18156.5371
     451.000       18287.8594
     452.000       18299.6309
     453.000       18205.2305
     454.000       18461.6328
     455.000       18204.6973
     456.000       18240.1230
     457.000       18251.2852
     458.000       18186.6426
     459.000       18328.8867
     460.000       18203.8301
     461.000       18156.6699
     462.000       18322.0059
     463.000       18432.2246
     464.000       18184.7656
     465.000       18184.7852
     466.000       18153.5430
     467.000       18248.9746
     468.000       18217.6211
     469.000       18235.4453
     470.000       18319.7676
     471.000       18349.9375
     472.000       18407.0938
     473.000       18220.5625
     474.000       18346.5020
     475.000       18435.7148
     476.000       18192.4551
     477.000       18077.2227
     478.000       18374.4238
     479.000       18416.2520
     480.000       18392.7207
     481.000       18326.1973
     482.000       18170.9062
     483.000       18223.8340
     484.000       18393.9453
     485.000       18478.8145
     486.000       18345.5898
     487.000       18165.6641
     488.000       18281.4453
     489.000       18234.1738
     490.000       18399.5879
     491.000       18338.9531
     492.000       18278.0195
     493.000       18331.6836
     494.000       18386.4180
     495.000       18273.3164
     496.000       18106.1777
     497.000       18345.4824
     498.000       18278.8418
     499.000       18412.1387
     500.000       18393.3184
     501.000       18303.2363
     502.000       18373.6934
     503.000       18190.8418
     504.000       18208.6992
     505.000       18303.5117
     506.000       18221.8574
     507.000       18299.5312
     508.000       18207.8496
     509.000       18284.3145
     510.000       18383.7461
     511.000       18287.1973
     512.000       18406.1719
     513.000       18230.8984
     514.000       18462.1895
     515.000       18233.6484
     516.000       18319.9961
     517.000       18249.8828
     518.000       18324.4297
     519.000       18296.6348
     520.000       18228.1211
     521.000       18440.9531
     522.000       18379.5078
     523.000       18247.2363
     524.000       18437.5469
     525.000       18347.5156
     526.000       18166.2168
     527.000       18275.5703
     528.000       18142.5059
     529.000       17997.2754
     530.000       18153.6699
     531.000       18338.7617
     532.000       18317.1270
     533.000       18290.1621
     534.000       18303.1094
     535.000       18128.6504
     536.000       18183.0586
     537.000       18166.8066
     538.000       18321.6992
     539.000       18285.4453
     540.000       18223.6426
     541.000       18223.8086
     542.000       18376.4336
     543.000       18249.2930
     544.000       18212.2266
     545.000       18408.1895
     546.000       18214.4922
     547.000       18175.7461
     548.000       18421.7520
     549.000       18261.5605
     550.000       18188.6426
     551.000       18291.3184
     552.000       18419.0566
     553.000       18320.4082
     554.000       18369.5508
     555.000       18268.1035
     556.000       18269.5918
     557.000       18236.4141
     558.000       18252.7148
     559.000       18310.1992
     560.000       18252.7324
     561.000       18155.9688
     562.000       18221.5156
     563.000       18243.1387
     564.000       18280.7227
     565.000       18193.5430
     566.000       18345.3496
     567.000       18248.3105
     568.000       18498.5996
     569.000       18241.8047
     570.000       18458.3262
     571.000       18202.8281
     572.000       18200.5156
     573.000       18366.5449
     574.000       18427.5859
     575.000       18427.1367
     576.000       18396.8047
     577.000       18279.4648
     578.000       18126.9180
     579.000       18160.5527
     580.000       18221.6230
     581.000       18374.6328
     582.000       18338.5703
     583.000       18435.0957
     584.000       18200.3262
     585.000       18202.6250
     586.000       18301.6152
     587.000       18260.5176
     588.000       18224.7617
     589.000       18524.9062
     590.000       18107.8047
     591.000       18301.1816
     592.000       18552.9414
     593.000       18096.5039
     594.000       18416.4102
     595.000       18267.3398
     596.000       18261.6348
     597.000       18569.1797
     598.000       18237.4180
     599.000       18421.8301
     600.000       18456.5977
     601.000       18264.2109
     602.000       18373.1699
     603.000       18051.5059
     604.000       18242.2852
     605.000       18174.4414
     606.000       18196.5410
     607.000       18297.5566
     608.000       18549.0938
     609.000       18300.0312
     610.000       18308.5371
     611.000       18115.4336
     612.000       18415.8984
     613.000       18425.7754
     614.000       18159.3125
     615.000       18230.7148
     616.000       18564.5703
     617.000       18203.4492
     618.000       18219.1602
     619.000       18378.0664
     620.000       18328.0703
     621.000       18220.4512
     622.000       18395.1621
     623.000       18263.7148
     624.000       18278.6914
     625.000       18390.7949
     626.000       18352.9395
     627.000       18272.2500
     628.000       17982.4082
     629.000       18088.9453
     630.000       18188.9531
     631.000       18119.3262
     632.000       18192.5312
     633.000       18392.1504
     634.000       18363.9844
     635.000       18365.8730
     636.000       18156.6543
     637.000       18450.5195
     638.000       18250.9805
     639.000       18239.4609
     640.000       18340.1328
     641.000       18242.7734
     642.000       18176.3047
     643.000       18264.4180
     644.000       18302.7188
     645.000       18375.1562
     646.000       18346.5234
     647.000       18190.1543
     648.000       18366.5625
     649.000       18235.8125
     650.000       18367.0684
     651.000       18216.8203
     652.000       18303.0059
     653.000       18490.5332
     654.000       18408.3320
     655.000       18232.9688
     656.000       18336.7422
     657.000       18187.9551
     658.000       18367.6914
     659.000       18306.4297
     660.000       18481.7246
     661.000       18291.8047
     662.000       18354.2754
     663.000       18148.8047
     664.000       18184.2656
     665.000       18320.0234
     666.000       18253.8887
     667.000       18380.8477
     668.000       18386.8457
     669.000       18184.2559
     670.000       18355.0879
     671.000       18156.1172
     672.000       18149.3008
     673.000       18518.3730
     674.000       18084.7422
     675.000       18192.9199
     676.000       18363.3457
     677.000       18287.6074
     678.000       18330.3398
     679.000       18201.9785
     680.000       18324.1074
     681.000       18463.9531
     682.000       18288.3848
     683.000       18358.8984
     684.000       18376.9688
     685.000       18196.2383
     686.000       18353.1270
     687.000       18421.9473
     688.000       18339.6367
     689.000       18262.3906
     690.000       18182.0391
     691.000       18321.6641
     692.000       18292.2715
     693.000       18400.1191
     694.000       18308.1855
     695.000       18119.6582
     696.000       18405.8242
     697.000       18293.3633
     698.000       18257.4316
     699.000       18346.9160
     700.000       18299.6719
     701.000       18158.3203
     702.000       18267.7383
     703.000       18342.8438
     704.000       18272.3711
     705.000       18278.5176
     706.000       18131.2637
     707.000       18189.0742
     708.000       18284.1504
     709.000       18266.1602
     710.000       18405.6133
     711.000       18230.8594
     712.000       18205.8965
     713.000       18248.8633
     714.000       18270.8027
     715.000       18308.4863
     716.000       18225.6172
     717.000       18357.0234
     718.000       18247.4688
     719.000       18242.9551
     720.000       18016.0586
     721.000       18251.2793
     722.000       18391.2520
     723.000       18246.7598
     724.000       18338.0000
     725.000       18281.7988
     726.000       18365.5547
     727.000       18243.4707
     728.000       18426.4746
     729.000       18244.7168
     730.000       18376.1406
     731.000       18228.7754
     732.000       18345.2949
     733.000       18466.0898
     734.000       18218.1641
     735.000       18163.2969
     736.000       18244.6719
     737.000       18318.7500
     738.000       18046.3809
     739.000       18256.2812
     740.000       18352.3047
     741.000       18165.0723
     742.000       18296.5039
     743.000       18187.5898
     744.000       18363.7578
     745.000       18216.0098
     746.000       18352.7227
     747.000       18309.9824
     748.000       18169.9902
     749.000       18349.9746
     750.000       18307.5098
     751.000       18228.4551
     752.000       18289.0039
     753.000       18437.3809
     754.000       18326.8066
     755.000       18365.7266
     756.000       18393.4805
     757.000       18435.3398
     758.000       18405.5781
     759.000       18322.3652
     760.000       18142.2422
     761.000       18189.0820
     762.000       18513.0938
     763.000       18258.6562
     764.000       18279.7168
     765.000       18317.6133
     766.000       18192.7383
     767.000       18486.6660
     768.000       18230.2871
     769.000       18170.7363
     770.000       18320.3828
     771.000       18323.1758
     772.000       18177.3008
     773.000       18167.0312
     774.000       18050.6562
     775.000       18131.9902
     776.000       18353.7148
     777.000       18226.2520
     778.000       18061.0371
     779.000       18221.8301
     780.000       18231.7129
     781.000       18170.4141
     782.000       18334.9297
     783.000       18374.5293
     784.000       18447.0918
     785.000       18097.6660
     786.000       18297.2695
     787.000       18358.2109
     788.000       18255.8164
     789.000       18248.9277
     790.000       18351.0020
     791.000       18194.8164
     792.000       18263.5938
     793.000       18286.9648
     794.000       18283.6094
     795.000       18366.1328
     796.000       18261.7383
     797.000       18224.2266
     798.000       18346.5156
     799.000       18313.2207
     800.000       18272.1660
     801.000       18314.7070
     802.000       18101.8379
     803.000       18334.8027
     804.000       18391.3535
     805.000       18300.4375
     806.000       18139.3438
     807.000       18453.1855
     808.000       18393.6191
     809.000       18294.2031
     810.000       18405.1426
     811.000       18320.4551
     812.000       18414.4766
     813.000       18518.6484
     814.000       18415.8984
     815.000       18218.3320
     816.000       18170.5508
     817.000       18290.2188
     818.000       18308.6328
     819.000       18302.9590
     820.000       18413.3262
     821.000       18293.2266
     822.000       18375.8887
     823.000       18468.2910
     824.000       18245.3359
     825.000       18160.7383
     826.000       18246.9121
     827.000       18162.5547
     828.000       18290.0273
     829.000       18329.2344
     830.000       18193.2500
     831.000       18451.4492
     832.000       18213.3223
     833.000       18328.7734
     834.000       18239.8750
     835.000       18544.3320
     836.000       18371.8145
     837.000       18330.7441
     838.000       18136.9746
     839.000       18295.8398
     840.000       18238.0195
     841.000       18262.6172
     842.000       18215.6426
     843.000       18571.2988
     844.000       18346.1016
     845.000       18365.4941
     846.000       18263.3633
     847.000       18274.6035
     848.000       18269.2949
     849.000       18479.2891
     850.000       18384.7891
     851.000       18273.2266
     852.000       18233.6191
     853.000       18357.8613
     854.000       18147.5723
     855.000       18395.0742
     856.000       18154.9766
     857.000       18301.5410
     858.000       18388.3828
     859.000       18475.0801
     860.000       18173.6445
     861.000       18228.8340
     862.000       18339.1973
     863.000       18532.0215
     864.000       18308.0684
     865.000       18217.5449
     866.000       18450.8633
     867.000       18195.1484
     868.000       18287.5723
     869.000       18296.5137
     870.000       18391.3281
     871.000       18229.9609
     872.000       18335.6035
     873.000       18246.9395
     874.000       18300.6602
     875.000       18316.0391
     876.000       18203.7793
     877.000       18189.0059
     878.000       18301.4258
     879.000       18222.0957
     880.000       18156.4219
     881.000       18188.5684
     882.000       18145.5176
     883.000       18111.8594
     884.000       18206.3379
     885.000       18159.0410
     886.000       18189.0195
     887.000       18356.7930
     888.000       18139.0508
     889.000       18321.0527
     890.000       18266.9961
     891.000       18295.5586
     892.000       18409.1621
     893.000       18279.7949
     894.000       18441.7812
     895.000       18233.3711
     896.000       18357.4941
     897.000       18202.8711
     898.000       18058.8848
     899.000       18419.3809
     900.000       18240.5840
     901.000       18410.4023
     902.000       18267.0645
     903.000       18331.4355
     904.000       18415.0527
     905.000       18163.9395
     906.000       18283.3164
     907.000       18289.8477
     908.000       18129.4102
     909.000       18154.2207
     910.000       18385.4395
     911.000       18313.1289
     912.000       18413.7539
     913.000       18172.4141
     914.000       18493.1055
     915.000       18100.7402
     916.000       18459.2500
     917.000       18142.7598
     918.000       18269.4199
     919.000       18252.9434
     920.000       18158.1094
     921.000       18274.5527
     922.000       18103.3535
     923.000       18346.8750
     924.000       18321.7363
     925.000       18117.0449
     926.000       18334.1816
     927.000       18280.9258
     928.000       18251.4453
     929.000       18294.6777
     930.000       18260.4258
     931.000       18207.6953
     932.000       18413.2246
     933.000       18196.0723
     934.000       18403.6309
     935.000       18144.3906
     936.000       18252.7773
     937.000       18388.7051
     938.000       18419.3359
     939.000       18220.8457
     940.000       18196.3145
     941.000       18250.9395
     942.000       18354.1543
     943.000       18304.8184
     944.000       18191.4844
     945.000       18229.3047
     946.000       18282.1719
     947.000       18435.6484
     948.000       18305.0801
     949.000       18169.7891
     950.000       18526.2871
     951.000       18280.3359
     952.000       18390.3320
     953.000       18296.2148
     954.000       18374.3398
     955.000       18294.3652
     956.000       18270.9512
     957.000       18225.8691
     958.000       18344.7070
     959.000       18440.9043
     960.000       18121.4121
     961.000       18336.5859
     962.000       18360.3555
     963.000       18239.6562
     964.000       18373.8730
     965.000       18430.9727
     966.000       18200.5273
     967.000       18263.9941
     968.000       18420.1484
     969.000       18396.9023
     970.000       18194.5664
     971.000       18115.3711
     972.000       18334.8418
     973.000       18146.3555
     974.000       18314.4746
     975.000       18183.9609
     976.000       18390.1543
     977.000       18316.9199
     978.000       18069.2520
     979.000       18356.6016
     980.000       18303.8398
     981.000       18229.5781
     982.000       18208.6797
     983.000       18013.6523
     984.000       18300.5410
     985.000       18270.7148
     986.000       18212.4277
     987.000       18423.9180
     988.000       18430.9531
     989.000       18415.5742
     990.000       18373.3652
     991.000       18171.5898
     992.000       18410.5820
     993.000       18273.6055
     994.000       18383.2910
     995.000       18142.0566
     996.000       18178.7754
     997.000       18212.4688
     998.000       18251.2168
     999.000       18233.2715
    1000.000       18430.3867
    1001.000       18444.7754
    1002.000       18244.6797
    1003.000       18253.9727
    1004.000       18319.5625
    1005.000       18106.8340
    1006.000       18257.4062
    1007.000       18298.5742
    1008.000       18261.7695
    1009.000       18089.8047
    1010.000       18403.2207
    1011.000       18102.9180
    1012.000       18193.0781
    1013.000       18158.4590
    1014.000       18264.7012
    1015.000       18287.4062
    1016.000       18305.2734
    1017.000       18326.6035
    1018.000       18303.0820
    1019.000       18355.0039
    1020.000       18493.1855
    1021.000       18410.6621
    1022.000       18440.1094
    1023.000       18437.2402
    1024.000       18203.3418
    1025.000       18173.6445
    1026.000       18359.0137
    1027.000       18103.8789
    1028.000       18387.3711
    1029.000       18201.6426
    1030.000       18453.1133
    1031.000       18281.1250
    1032.000       18537.0000
    1033.000       18193.1855
    1034.000       18391.6348
    1035.000       18432.6855
    1036.000       18345.4824
    1037.000       18295.0547
    1038.000       18470.3906
    1039.000       18296.9316
    1040.000       18276.0508
    1041.000       18339.1504
    1042.000       18216.2285
    1043.000       18412.1172
    1044.000       18277.1523
    1045.000       18465.1523
    1046.000       18534.3477
    1047.000       18256.3906
    1048.000       18413.6250
    1049.000       18220.6719
    1050.000       18318.5996
    1051.000       18525.4414
    1052.000       18314.3184
    1053.000       18319.7070
    1054.000       18311.3398
    1055.000       18251.6602
    1056.000       18364.0371
    1057.000       18238.5527
    1058.000       18296.7207
    1059.000       18261.1758
    1060.000       18144.1504
    1061.000       18333.5762
    1062.000       18224.6465
    1063.000       18313.1055
    1064.000       18299.2500
    1065.000       18310.7539
    1066.000       18347.2227
    1067.000       18367.2559
    1068.000       18272.3711
    1069.000       18298.4199
    1070.000       18174.7227
    1071.000       18204.2695
    1072.000       18446.9082
    1073.000       18371.9473
    1074.000       18464.0820
    1075.000       18095.9707
    1076.000       18271.8809
    1077.000       18500.9297
    1078.000       18428.4277
    1079.000       18399.7637
    1080.000       18210.1445
    1081.000       18376.4297
    1082.000       18321.4648
    1083.000       18238.1660
    1084.000       18141.6836
    1085.000       18179.4590
    1086.000       18282.6875
    1087.000       18555.4707
    1088.000       18133.9844
    1089.000       18267.0938
    1090.000       18299.3223
    1091.000       18328.4453
    1092.000       18206.4141
    1093.000       18422.0059
    1094.000       18313.7637
    1095.000       18191.0449
    1096.000       18317.8984
    1097.000       18324.0254
    1098.000       18353.2227
    1099.000       18198.4746
    1100.000       18290.3711
    1101.000       18206.8516
    1102.000       18089.2695
    1103.000       18317.9121
    1104.000       18171.2637
    1105.000       18244.0039
    1106.000       18302.5820
    1107.000       18230.4883
    1108.000       18402.8379
    1109.000       18081.5332
    1110.000       18175.3906
    1111.000       18281.3203
    1112.000       18422.2344
    1113.000       18213.8008
    1114.000       18184.7812
    1115.000       18426.5234
    1116.000       18386.2480
    1117.000       18367.3203
    1118.000       18437.8047
    1119.000       18311.7930
    1120.000       18355.4844
    1121.000       18512.2500
    1122.000       18350.1484
    1123.000       18210.8320
    1124.000       18224.4883
    1125.000       18408.8828
    1126.000       18273.0898
    1127.000       18116.7012
    1128.000       18276.4531
    1129.000       18235.9590
    1130.000       18254.8730
    1131.000       18414.6152
    1132.000       18223.9297
    1133.000       18352.6172
    1134.000       18202.1484
    1135.000       18312.2324
    1136.000       18276.5977
    1137.000       18155.0605
    1138.000       18362.7520
    1139.000       18108.7422
    1140.000       18112.7617
    1141.000       18302.1230
    1142.000       18222.0293
    1143.000       18426.0527
    1144.000       18006.0625
    1145.000       18311.5723
    1146.000       18106.0000
    1147.000       18133.9082
    1148.000       18319.2734
    1149.000       18326.8047
    1150.000       18408.9785
    1151.000       18196.1211
    1152.000       18321.2695
    1153.000       18222.1152
    1154.000       18402.2617
    1155.000       18066.3047
    1156.000       18234.9062
    1157.000       18192.9590
    1158.000       18218.9570
    1159.000       18196.8828
    1160.000       18342.5918
    1161.000       18364.8516
    1162.000       18164.8223
    1163.000       18395.1016
    1164.000       18330.1113
    1165.000       18150.3125
    1166.000       18154.7773
    1167.000       18300.3867
    1168.000       18241.7031
    1169.000       18103.2227
    1170.000       18252.6523
    1171.000       18220.9766
    1172.000       18402.7617
    1173.000       18304.7344
    1174.000       18286.0234
    1175.000       18229.2969
    1176.000       18324.6836
    1177.000       18505.7305
    1178.000       18380.9180
    1179.000       18255.7637
    1180.000       18308.9414
    1181.000       18179.2324
    1182.000       18194.5840
    1183.000       18355.6582
    1184.000       18254.0527
    1185.000       18389.9219
    1186.000       18472.2109
    1187.000       18421.6680
    1188.000       18222.5000
    1189.000       18451.8633
    1190.000       18342.1348
    1191.000       18253.0762
    1192.000       18169.7480
    1193.000       18377.5684
    1194.000       18303.6855
    1195.000       18298.9883
    1196.000       18422.4902
    1197.000       18297.6816
    1198.000       18251.7285
    1199.000       18254.8477
    1200.000       18452.8633
    1201.000       18432.6172
    1202.000       18310.7324
    1203.000       18235.6680
    1204.000       18377.8770
    1205.000       18269.2207
    1206.000       18288.0723
    1207.000       18174.7617
    1208.000       18471.2129
    1209.000       18053.6816
    1210.000       18242.4434
    1211.000       18301.5508
    1212.000       18430.4570
    1213.000       18261.7773
    1214.000       18065.0977
    1215.000       18216.7148
    1216.000       18169.2734
    1217.000       18336.5039
    1218.000       18262.7754
    1219.000       18367.0605
    1220.000       18224.7031
    1221.000       18328.9746
    1222.000       18480.4766
    1223.000       18377.7500
    1224.000       18346.0547
    1225.000       18196.9727
    1226.000       18290.3359
    1227.000       18283.9414
    1228.000       18148.1133
    1229.000       18301.3105
    1230.000       18317.1016
    1231.000       18127.9453
    1232.000       18101.9688
    1233.000       18261.4023
    1234.000       18373.4805
    1235.000       18306.2578
    1236.000       18327.3066
    1237.000       18191.3633
    1238.000       18468.6133
    1239.000       18330.8555
    1240.000       18199.0859
    1241.000       18308.9551
    1242.000       18283.6094
    1243.000       18358.5859
    1244.000       18255.3066
    1245.000       18256.9941
    1246.000       18185.4180
    1247.000       18301.7500
    1248.000       18256.4668
    1249.000       18375.0742
    1250.000       18184.6250
    1251.000       18285.9355
    1252.000       18440.9570
    1253.000       18270.7676
    1254.000       18174.9141
    1255.000       18312.2500
    1256.000       18468.5996
    1257.000       18339.2188
    1258.000       18308.3652
    1259.000       18300.0801
    1260.000       18234.8594
    1261.000       18417.6680
    1262.000       18293.0234
    1263.000       18355.5781
    1264.000       18153.2266
    1265.000       18319.0078
    1266.000       18280.2285
    1267.000       18035.6914
    1268.000       18158.2754
    1269.000       18125.5449
    1270.000       18278.1602
    1271.000       18197.8535
    1272.000       18204.2324
    1273.000       18291.6484
    1274.000       18343.6875
    1275.000       18253.7949
    1276.000       18313.6836
    1277.000       18244.3574
    1278.000       18391.1777
    1279.000       18335.6133
    1280.000       18261.4531
    1281.000       18239.6992
    1282.000       18296.6562
    1283.000       18234.3281
    1284.000       18231.5508
    1285.000       18104.0469
    1286.000       18357.3340
    1287.000       18427.1055
    1288.000       18214.9160
    1289.000       18061.4570
    1290.000       18197.2344
    1291.000       18264.5957
    1292.000       18270.9023
    1293.000       18324.3203
    1294.000       18280.4824
    1295.000       18198.4277
    1296.000       18314.5312
    1297.000       18306.5586
    1298.000       18231.0195
    1299.000       18352.3359
    1300.000       18315.6602
    1301.000       18156.2168
    1302.000       18322.0176
    1303.000       18328.1016
    1304.000       18288.4355
    1305.000       18379.0820
    1306.000       18246.4824
    1307.000       18424.1445
    1308.000       18239.5781
    1309.000       18070.1973
    1310.000       18217.9355
    1311.000       18192.0762
    1312.000       18191.3965
    1313.000       18232.0742
    1314.000       18292.6172
    1315.000       18263.9395
    1316.000       18223.7559
    1317.000       18350.0762
    1318.000       18325.3184
    1319.000       18300.8086
    1320.000       18326.9062
    1321.000       18339.9746
    1322.000       18442.3301
    1323.000       18299.7559
    1324.000       18325.7637
    1325.000       18104.7266
    1326.000       18234.9355
    1327.000       18344.6934
    1328.000       18389.0996
    1329.000       18571.0508
    1330.000       18255.3359
    1331.000       18291.7500
    1332.000       18235.0664
    1333.000       18184.0469
    1334.000       18203.6641
    1335.000       18400.0059
    1336.000       18233.3223
    1337.000       18217.1309
    1338.000       18343.6738
    1339.000       18156.8906
    1340.000       18269.7090
    1341.000       18335.6562
    1342.000       18308.9297
    1343.000       18340.0938
    1344.000       18187.1465
    1345.000       18250.0566
    1346.000       18202.0605
    1347.000       18236.4844
    1348.000       18372.1641
    1349.000       18332.2441
    1350.000       18310.3125
    1351.000       18296.4941
    1352.000       18452.3730
    1353.000       18380.5176
    1354.000       18570.1074
    1355.000       18186.9121
    1356.000       18162.9199
    1357.000       18296.3223
    1358.000       18371.3613
    1359.000       18286.4551
    1360.000       18123.6699
    1361.000       18398.9922
    1362.000       18129.5039
    1363.000       18184.8789
    1364.000       18393.7676
    1365.000       18135.8340
    1366.000       18318.6035
    1367.000       18232.0801
    1368.000       18238.5898
    1369.000       18355.5820
    1370.000       18233.2578
    1371.000       18226.1602
    1372.000       18206.3945
    1373.000       18428.5098
    1374.000       18346.0898
    1375.000       18260.1914
    1376.000       18087.0918
    1377.000       18368.4238
    1378.000       18313.1367
    1379.000       18186.3887
    1380.000       18385.3066
    1381.000       18148.8672
    1382.000       18301.9062
    1383.000       18281.1660
    1384.000       18214.9863
    1385.000       18124.6211
    1386.000       18262.3828
    1387.000       18286.2500
    1388.000       18346.5059
    1389.000       18287.3027
    1390.000       18220.7852
    1391.000       18246.1582
    1392.000       18359.9473
    1393.000       18175.6230
    1394.000       18378.7285
    1395.000       18170.5039
    1396.000       18240.7324
    1397.000       18524.4062
    1398.000       18250.3047
    1399.000       18156.6445
    1400.000       18140.4980
    1401.000       18427.3457
    1402.000       18439.6191
    1403.000       18215.8828
    1404.000       18374.1855
    1405.000       18364.6035
    1406.000       18429.8652
    1407.000       18290.3301
    1408.000       18362.6914
    1409.000       18158.7402
    1410.000       18230.5039
    1411.000       18270.2500
    1412.000       18267.6270
    1413.000       18208.9727
    1414.000       18239.1367
    1415.000       18262.3457
    1416.000       18297.4609
    1417.000       18307.5508
    1418.000       18282.6250
    1419.000       18156.4805
    1420.000       18390.5820
    1421.000       18338.0039
    1422.000       18214.1016
    1423.000       18385.2910
    1424.000       18334.4121
    1425.000       18270.2539
    1426.000       18362.3809
    1427.000       18220.9844
    1428.000       18104.1973
    1429.000       18160.7930
    1430.000       18172.7617
    1431.000       18379.7617
    1432.000       18357.5469
    1433.000       18440.2871
    1434.000       18360.7734
    1435.000       18434.3887
    1436.000       18196.9570
    1437.000       18369.3008
    1438.000       18260.2793
    1439.000       18274.8145
    1440.000       18335.1289
    1441.000       18260.8359
    1442.000       18328.3438
    1443.000       18130.1289
    1444.000       18236.5078
    1445.000       18253.0566
    1446.000       18509.0078
    1447.000       18260.2988
    1448.000       18462.7012
    1449.000       18320.9219
    1450.000       18332.6641
    1451.000       18458.9102
    1452.000       18402.6602
    1453.000       18257.3457
    1454.000       18345.5059
    1455.000       18224.1602
    1456.000       18408.0332
    1457.000       18119.4512
    1458.000       18145.3496
    1459.000       18233.6914
    1460.000       18184.1309
    1461.000       18250.3301
    1462.000       18395.6934
    1463.000       18388.9863
    1464.000       18294.0352
    1465.000       18324.6289
    1466.000       18394.4668
    1467.000       18491.5938
    1468.000       18325.1484
    1469.000       18397.7051
    1470.000       18457.2422
    1471.000       18362.7305
    1472.000       18430.0645
    1473.000       18175.5117
    1474.000       18307.3984
    1475.000       18359.7129
    1476.000       18300.0000
    1477.000       18253.5234
    1478.000       18368.6914
    1479.000       18116.8066
    1480.000       18308.6250
    1481.000       18103.6855
    1482.000       18337.2578
    1483.000       18427.0430
    1484.000       18260.7344
    1485.000       18384.0117
    1486.000       18255.5820
    1487.000       18416.2988
    1488.000       18385.2480
    1489.000       18350.8965
    1490.000       18309.6328
    1491.000       18179.8340
    1492.000       18295.0527
    1493.000       18319.1680
    1494.000       18246.4219
    1495.000       18178.2910
    1496.000       18404.1641
    1497.000       18327.6172
    1498.000       18277.6719
    1499.000       18433.3828
    1500.000       18267.3281
    1501.000       18256.5820
    1502.000       18111.3516
    1503.000       18328.1836
    1504.000       18355.8320
    1505.000       18315.9297
    1506.000       18234.2734
    1507.000       18392.5625
    1508.000       18266.2852
    1509.000       18222.9609
    1510.000       18382.5527
    1511.000       18434.8457
    1512.000       18242.8164
    1513.000       18266.2324
    1514.000       18381.6602
    1515.000       18309.9590
    1516.000       18429.8281
    1517.000       18342.5820
    1518.000       18039.7715
    1519.000       18399.4570
    1520.000       18245.2207
    1521.000       18331.3184
    1522.000       18316.3340
    1523.000       18225.1523
    1524.000       18244.1660
    1525.000       18315.7090
    1526.000       18266.3047
    1527.000       18175.4160
    1528.000       18329.0488
    1529.000       18344.7227
    1530.000       18197.0645
    1531.000       18267.4434
    1532.000       18283.1777
    1533.000       18363.9746
    1534.000       18431.1582
    1535.000       18209.9766
    1536.000       18375.7539
    1537.000       18419.1523
    1538.000       18354.0273
    1539.000       18244.2168
    1540.000       18314.1680
    1541.000       18234.6504
    1542.000       18144.2109
    1543.000       18199.2090
    1544.000       18269.0469
    1545.000       18234.8555
    1546.000       18392.5898
    1547.000       18236.2559
    1548.000       18335.9141
    1549.000       18187.8379
    1550.000       18272.3457
    1551.000       18343.7129
    1552.000       18212.2910
    1553.000       18438.6934
    1554.000       18216.3203
    1555.000       18497.1758
    1556.000       18091.8477
    1557.000       18239.7070
    1558.000       18264.8672
    1559.000       18297.7949
    1560.000       18209.1602
    1561.000       18111.3828
    1562.000       18293.4746
    1563.000       18406.8223
    1564.000       18167.0645
    1565.000       18291.8574
    1566.000       18439.7266
    1567.000       18381.9668
    1568.000       18359.6191
    1569.000       18395.9336
    1570.000       18400.9160
    1571.000       18036.0762
    1572.000       18274.1875
    1573.000       18351.1660
    1574.000       18412.2109
    1575.000       18215.4297
    1576.000       18217.4297
    1577.000       18224.7754
    1578.000       18119.0254
    1579.000       18306.4961
    1580.000       18381.0371
    1581.000       18361.4883
    1582.000       18247.7891
    1583.000       18350.3848
    1584.000       18335.3125
    1585.000       18364.2188
    1586.000       18362.2422
    1587.000       18193.8633
    1588.000       18183.9668
    1589.000       18455.7051
    1590.000       18246.1309
    1591.000       18236.8789
    1592.000       18351.7949
    1593.000       18298.9102
    1594.000       18285.6465
    1595.000       18277.9336
    1596.000       18232.9316
    1597.000       18193.1465
    1598.000       18280.6328
    1599.000       18495.1738
    1600.000       18387.2109
    1601.000       18261.5762
    1602.000       18206.2246
    1603.000       18422.1191
    1604.000       18319.1445
    1605.000       18037.3320
    1606.000       18187.3008
    1607.000       18246.7656
    1608.000       18331.3477
    1609.000       18467.6367
    1610.000       18102.7168
    1611.000       18175.8281
    1612.000       18217.5879
    1613.000       18345.4863
    1614.000       18233.4805
    1615.000       18340.5762
    1616.000       18152.2461
    1617.000       18184.5566
    1618.000       18320.7793
    1619.000       18198.7949
    1620.000       18296.4531
    1621.000       18362.0781
    1622.000       18445.2109
    1623.000       18233.6777
    1624.000       18414.6719
    1625.000       18243.6992
    1626.000       18304.0352
    1627.000       18345.0000
    1628.000       18331.7422
    1629.000       18419.6855
    1630.000       18236.4219
    1631.000       18182.6484
    1632.000       18288.2324
    1633.000       18244.9297
    1634.000       18216.7793
    1635.000       18284.4648
    1636.000       18297.7227
    1637.000       18325.1543
    1638.000       18244.4199
    1639.000       18494.7969
    1640.000       18345.7129
    1641.000       18200.9512
    1642.000       18169.0781
    1643.000       18323.7695
    1644.000       18519.0215
    1645.000       18164.2852
    1646.000       18219.9492
    1647.000       18231.9844
    1648.000       18258.8496
    1649.000       18205.3535
    1650.000       18320.9863
    1651.000       18371.5957
    1652.000       18228.3613
    1653.000       18345.3105
    1654.000       18200.8535
    1655.000       18345.6270
    1656.000       18382.3535
    1657.000       18125.9961
    1658.000       18184.0566
    1659.000       18375.8711
    1660.000       18129.2031
    1661.000       18260.8574
    1662.000       18351.3145
    1663.000       18512.2793
    1664.000       18420.9102
    1665.000       18064.5410
    1666.000       18263.2207
    1667.000       18213.2461
    1668.000       18216.2441
    1669.000       18198.1016
    1670.000       18349.1016
    1671.000       18467.6602
    1672.000       18171.9316
    1673.000       18290.3262
    1674.000       18434.4805
    1675.000       18293.7930
    1676.000       18169.4844
    1677.000       18192.9805
    1678.000       18245.3086
    1679.000       18266.9727
    1680.000       18279.4570
    1681.000       18203.9414
    1682.000       18323.3223
    1683.000       18106.3027
    1684.000       18369.0137
    1685.000       18334.6133
    1686.000       18368.6348
    1687.000       18310.0312
    1688.000       18364.7227
    1689.000       18439.3730
    1690.000       18178.0840
    1691.000       18341.1055
    1692.000       18423.0586
    1693.000       18405.1992
    1694.000       18171.2656
    1695.000       18419.7246
    1696.000       18371.4531
    1697.000       18352.3770
    1698.000       18153.4941
    1699.000       18323.3203
    1700.000       18243.5508
    1701.000       18329.9023
    1702.000       18240.3848
    1703.000       18233.3145
    1704.000       18387.0020
    1705.000       18208.3809
    1706.000       18275.1660
    1707.000       18144.4082
    1708.000       18286.9531
    1709.000       18395.2031
    1710.000       18345.0684
    1711.000       18163.7949
    1712.000       18034.1523
    1713.000       18227.6602
    1714.000       18340.7852
    1715.000       18300.3516
    1716.000       18287.4141
    1717.000       18125.4355
    1718.000       18134.4688
    1719.000       18324.3906
    1720.000       18317.7402
    1721.000       18264.4883
    1722.000       18337.3281
    1723.000       18236.4316
    1724.000       18469.7422
    1725.000       18175.4258
    1726.000       18153.3828
    1727.000       18469.6328
    1728.000       18232.3086
    1729.000       18372.8672
    1730.000       18378.9551
    1731.000       18181.2246
    1732.000       18276.8516
    1733.000       18355.1680
    1734.000       18358.1777
    1735.000       18372.4648
    1736.000       18183.8398
    1737.000       18184.7695
    1738.000       18287.1719
    1739.000       18217.4336
    1740.000       18326.4844
    1741.000       18261.6406
    1742.000       18267.1699
    1743.000       18331.0664
    1744.000       18203.1172
    1745.000       18394.5234
    1746.000       18179.1113
    1747.000       18183.2637
    1748.000       18230.5273
    1749.000       18276.8418
    1750.000       18372.6055
    1751.000       18338.1426
    1752.000       18293.0352
    1753.000       18378.1289
    1754.000       18335.8398
    1755.000       18275.9141
    1756.000       18308.9160
    1757.000       18274.7871
    1758.000       18463.0410
    1759.000       18422.3008
    1760.000       18338.5488
    1761.000       18132.2129
    1762.000       18090.8418
    1763.000       18201.2598
    1764.000       18311.2559
    1765.000       18242.7949
    1766.000       18366.3184
    1767.000       18284.5859
    1768.000       18205.0059
    1769.000       18366.5020
    1770.000       18351.1016
    1771.000       18346.0879
    1772.000       18324.7109
    1773.000       18271.8945
    1774.000       18364.8340
    1775.000       18357.6523
    1776.000       18283.0645
    1777.000       18320.5820
    1778.000       18187.0195
    1779.000       18294.6582
    1780.000       18393.2891
    1781.000       18353.6953
    1782.000       18171.7754
    1783.000       18332.5762
    1784.000       18181.6992
    1785.000       18366.2207
    1786.000       18214.0117
    1787.000       18346.7383
    1788.000       18487.1602
    1789.000       18301.6758
    1790.000       18373.3242
    1791.000       18341.5098
    1792.000       18246.2891
    1793.000       18039.3691
    1794.000       18262.3633
    1795.000       18314.6133
    1796.000       18066.9863
    1797.000       18368.7480
    1798.000       18188.4707
    1799.000       18412.8145
    1800.000       18405.3418
    1801.000       18251.0527
    1802.000       18172.9805
    1803.000       18187.6953
    1804.000       18171.5781
    1805.000       18241.8457
    1806.000       18313.4531
    1807.000       18487.4121
    1808.000       18227.1738
    1809.000       18060.7363
    1810.000       18374.5508
    1811.000       18387.8125
    1812.000       18126.1602
    1813.000       18225.1777
    1814.000       18246.1641
    1815.000       18262.9980
    1816.000       18124.7891
    1817.000       18257.2773
    1818.000       18503.7500
    1819.000       18330.1074
    1820.000       18306.1992
    1821.000       18138.9258
    1822.000       18211.1836
    1823.000       18537.5137
    1824.000       18200.5859
    1825.000       18264.0195
    1826.000       18149.8926
    1827.000       18248.1387
    1828.000       18358.5605
    1829.000       18290.6328
    1830.000       18180.5723
    1831.000       18224.3789
    1832.000       18214.1055
    1833.000       18125.1465
    1834.000       18190.4102
    1835.000       18253.8633
    1836.000       18433.9785
    1837.000       18321.9453
    1838.000       18492.8066
    1839.000       18350.9355
    1840.000       18131.3008
    1841.000       18235.1465
    1842.000       18398.7266
    1843.000       18196.8613
    1844.000       18176.5977
    1845.000       18509.2324
    1846.000       18294.8672
    1847.000       18220.2988
    1848.000       18255.5742
    1849.000       18432.0117
    1850.000       18324.9863
    1851.000       18073.7363
    1852.000       18244.1973
    1853.000       18248.5742
    1854.000       18493.3594
    1855.000       18387.2383
    1856.000       18462.9160
    1857.000       18234.3164
    1858.000       18259.7969
    1859.000       18131.1973
    1860.000       18105.7520
    1861.000       18096.9004
    1862.000       18276.8828
    1863.000       18334.3535
    1864.000       18375.8164
    1865.000       18301.8652
    1866.000       18280.8340
    1867.000       18334.9316
    1868.000       18040.1289
    1869.000       18290.1406
    1870.000       18051.3184
    1871.000       18416.5039
    1872.000       18230.5684
    1873.000       18480.0469
    1874.000       18277.1738
    1875.000       18284.9961
    1876.000       18278.6680
    1877.000       18299.8652
    1878.000       18359.4863
    1879.000       18371.1074
    1880.000       18137.9141
    1881.000       18194.3613
    1882.000       18218.0000
    1883.000       18274.6660
    1884.000       18276.4766
    1885.000       18304.4922
    1886.000       18315.0156
    1887.000       18391.9160
    1888.000       18297.0195
    1889.000       18218.7617
    1890.000       18300.3828
    1891.000       18221.1113
    1892.000       18369.5371
    1893.000       18304.9766
    1894.000       18230.8594
    1895.000       18470.2578
    1896.000       18260.4492
    1897.000       18452.0996
    1898.000       18268.5762
    1899.000       18414.5957
    1900.000       18323.8691
    1901.000       18142.9785
    1902.000       18375.8789
    1903.000       18433.7637
    1904.000       18257.9883
    1905.000       18320.7871
    1906.000       18252.2480
    1907.000       18244.8398
    1908.000       18202.8281
    1909.000       18226.0020
    1910.000       18219.1074
    1911.000       18345.0742
    1912.000       18245.5859
    1913.000       18129.8047
    1914.000       18296.7246
    1915.000       18247.6465
    1916.000       18175.2695
    1917.000       18349.3887
    1918.000       18232.7852
    1919.000       18247.3867
    1920.000       18174.1797
    1921.000       18315.0430
    1922.000       18259.3555
    1923.000       18416.9785
    1924.000       18108.1660
    1925.000       18265.1367
    1926.000       18190.0859
    1927.000       18270.8906
    1928.000       18259.8281
    1929.000       18305.9102
    1930.000       18330.4219
    1931.000       18117.2129
    1932.000       18400.5703
    1933.000       18080.3223
    1934.000       18258.0898
    1935.000       18210.4805
    1936.000       18197.2207
    1937.000       18390.6504
    1938.000       18340.8398
    1939.000       18366.8418
    1940.000       18344.7422
    1941.000       18176.8008
    1942.000       18500.2324
    1943.000       18337.2461
    1944.000       18271.4199
    1945.000       18356.9199
    1946.000       18228.7031
    1947.000       18244.2539
    1948.000       18301.5430
    1949.000       18394.6895
    1950.000       18168.9902
    1951.000       18230.5996
    1952.000       18383.3750
    1953.000       18149.4941
    1954.000       18156.8477
    1955.000       18371.8086
    1956.000       18194.6836
    1957.000       18217.7070
    1958.000       18208.1211
    1959.000       18472.0605
    1960.000       18141.5820
    1961.000       18175.5723
    1962.000       18249.1426
    1963.000       18260.0957
    1964.000       18411.2344
    1965.000       18307.6289
    1966.000       18304.8516
    1967.000       18204.8652
    1968.000       18334.7871
    1969.000       18274.8867
    1970.000       18228.9629
    1971.000       18300.5586
    1972.000       18478.2734
    1973.000       18384.7012
    1974.000       18436.9492
    1975.000       18263.4062
    1976.000       18234.5391
    1977.000       18323.3828
    1978.000       18213.3516
    1979.000       18318.0352
    1980.000       18161.1289
    1981.000       18377.2305
    1982.000       18440.4180
    1983.000       18280.9375
    1984.000       18171.5078
    1985.000       18297.0801
    1986.000       18409.9766
    1987.000       18321.1602
    1988.000       18197.6602
    1989.000       18232.8457
    1990.000       18185.8750
    1991.000       18597.3359
    1992.000       18387.2598
    1993.000       18411.6719
    1994.000       18446.6582
    1995.000       18119.9199
    1996.000       18343.2656
    1997.000       18204.4023
    1998.000       18383.4512
    1999.000       18115.7305
    2000.000       18249.1289
    2001.000       18253.9297
    2002.000       18301.3691
    2003.000       18414.7285
    2004.000       18267.9492
    2005.000       18332.2461
    2006.000       18355.7969
    2007.000       18460.2363
    2008.000       18398.4551
    2009.000       18172.3887
    2010.000       18310.3320
    2011.000       18392.3574
    2012.000       18430.0000
    2013.000       18164.9688
    2014.000       18323.3105
    2015.000       18129.8984
    2016.000       18302.9648
    2017.000       18510.0000
    2018.000       18270.0371
    2019.000       18225.1660
    2020.000       18212.6191
    2021.000       18277.2988
    2022.000       18219.5273
    2023.000       18356.8145
    2024.000       18285.9707
    2025.000       18165.5742
    2026.000       18413.4473
    2027.000       18493.9707
    2028.000       18165.0117
    2029.000       18301.7109
    2030.000       18381.9277
    2031.000       18242.6289
    2032.000       18086.4668
    2033.000       18250.5664
    2034.000       18144.6250
    2035.000       18213.2969
    2036.000       18207.7266
    2037.000       18146.1309
    2038.000       18124.1836
    2039.000       18184.1738
    2040.000       18225.0684
    2041.000       18337.1992
    2042.000       18248.5488
    2043.000       18382.4199
    2044.000       18187.2695
    2045.000       18122.5625
    2046.000       18307.5332
    2047.000       18357.5586
    2048.000       18289.7930
    2049.000       18286.6191
    2050.000       18218.5176
    2051.000       18075.3203
    2052.000       18246.7832
    2053.000       18393.2930
    2054.000       18274.0137
    2055.000       18251.6230
    2056.000       18382.6914
    2057.000       18371.9473
    2058.000       18328.9316
    2059.000       18303.1699
    2060.000       18441.9004
    2061.000       18377.8711
    2062.000       18373.6074
    2063.000       18245.9961
    2064.000       18297.6562
    2065.000       18300.6641
    2066.000       18452.9277
    2067.000       18480.3184
    2068.000       18452.1465
    2069.000       18321.4746
    2070.000       18141.7598
    2071.000       18254.6582
    2072.000       18277.9512
    2073.000       18256.6660
    2074.000       18353.1172
    2075.000       18273.0859
    2076.000       18235.0039
    2077.000       18170.7520
    2078.000       18281.0527
    2079.000       18048.4492
    2080.000       18353.3828
    2081.000       18318.6191
    2082.000       18268.0547
    2083.000       18477.5430
    2084.000       18389.6348
    2085.000       18251.5488
    2086.000       18191.2012
    2087.000       18141.4395
    2088.000       18045.3477
    2089.000       18255.4316
    2090.000       18373.1074
    2091.000       18298.0117
    2092.000       18319.3047
    2093.000       18206.9941
    2094.000       18318.3027
    2095.000       18381.7969
    2096.000       18282.2637
    2097.000       18314.4102
    2098.000       18135.3711
    2099.000       18278.4395
    2100.000       18305.0098
    2101.000       18349.7988
    2102.000       18266.6855
    2103.000       18235.3594
    2104.000       18206.3320
    2105.000       18291.7695
    2106.000       18325.0410
    2107.000       18150.9844
    2108.000       18249.5781
    2109.000       18363.0820
    2110.000       18294.3203
    2111.000       18203.6699
    2112.000       18313.6055
    2113.000       18394.7188
    2114.000       18165.5430
    2115.000       18286.9707
    2116.000       18195.5254
    2117.000       18235.5605
    2118.000       18312.5430
    2119.000       18196.0391
    2120.000       18413.0742
    2121.000       18416.2734
    2122.000       18099.5586
    2123.000       18060.0410
    2124.000       18251.1406
    2125.000       18221.8516
    2126.000       18321.9785
    2127.000       18141.0098
    2128.000       18331.3164
    2129.000       18196.1094
    2130.000       18466.1309
    2131.000       18142.0176
    2132.000       18383.0684
    2133.000       18253.3262
    2134.000       18339.0117
    2135.000       18386.9297
    2136.000       18234.3027
    2137.000       18355.9805
    2138.000       18268.1250
    2139.000       18152.3379
    2140.000       18267.7480
    2141.000       18256.3770
    2142.000       18282.2930
    2143.000       18327.0371
    2144.000       18108.6680
    2145.000       18217.8555
    2146.000       18096.0430
    2147.000       18339.7246
    2148.000       18368.2891
    2149.000       18412.7930
    2150.000       18217.4082
    2151.000       18254.2871
    2152.000       18236.8926
    2153.000       18346.0996
    2154.000       18259.1953
    2155.000       18441.9316
    2156.000       18243.6777
    2157.000       18384.3867
    2158.000       18372.1074
    2159.000       18348.4629
    2160.000       18236.9375
    2161.000       18141.7695
    2162.000       18371.7461
    2163.000       18025.8965
    2164.000       18248.9492
    2165.000       18395.1973
    2166.000       18273.9961
    2167.000       18281.7773
    2168.000       18110.7656
    2169.000       18333.3145
    2170.000       18232.0508
    2171.000       18255.6367
    2172.000       18331.6426
    2173.000       18330.4902
    2174.000       18389.7480
    2175.000       18296.7266
    2176.000       18277.1328
    2177.000       18391.8867
    2178.000       18272.7363
    2179.000       18353.1016
    2180.000       18333.2520
    2181.000       18464.0684
    2182.000       18327.4570
    2183.000       18165.6836
    2184.000       18540.2539
    2185.000       18362.5547
    2186.000       18304.8184
    2187.000       18339.8906
    2188.000       18429.1641
    2189.000       18511.2070
    2190.000       18286.0410
    2191.000       18297.3789
    2192.000       18251.8750
    2193.000       18166.4473
    2194.000       18534.4062
    2195.000       18238.3535
    2196.000       18383.0254
    2197.000       18486.1953
    2198.000       18373.1035
    2199.000       18268.9473
    2200.000       18050.0820
    2201.000       18335.6211
    2202.000       18275.9785
    2203.000       18214.1562
    2204.000       18278.5137
    2205.000       18124.7695
    2206.000       18257.7539
    2207.000       18391.8281
    2208.000       18207.1602
    2209.000       18252.4414
    2210.000       18326.3809
    2211.000       18215.0020
    2212.000       18298.3438
    2213.000       18269.8438
    2214.000       18267.3652
    2215.000       18397.0703
    2216.000       17977.8848
    2217.000       18161.3984
    2218.000       18422.1426
    2219.000       18057.2070
    2220.000       18402.1621
    2221.000       18188.3633
    2222.000       18136.2383
    2223.000       18400.9980
    2224.000       18099.5234
    2225.000       18200.2988
    2226.000       18218.3398
    2227.000       18089.1719
    2228.000       18224.2422
    2229.000       18308.4609
    2230.000       18361.3809
    2231.000       18351.2539
    2232.000       18307.1895
    2233.000       18291.7617
    2234.000       18158.7793
    2235.000       18276.5859
    2236.000       18185.4258
    2237.000       18445.9473
    2238.000       18097.7168
    2239.000       18228.7793
    2240.000       18265.3984
    2241.000       18248.9863
    2242.000       18323.3789
    2243.000       18382.9922
    2244.000       18527.1484
    2245.000       18229.5879
    2246.000       18340.9648
    2247.000       18383.9277
    2248.000       18267.8770
    2249.000       18317.8906
    2250.000       18276.8164
    2251.000       18397.0605
    2252.000       18326.2168
    2253.000       18184.4219
    2254.000       18406.5000
    2255.000       18466.2246
    2256.000       18262.7559
    2257.000       18313.8047
    2258.000       18338.4746
    2259.000       18180.7617
    2260.000       18267.1660
    2261.000       18281.5371
    2262.000       18352.4355
    2263.000       18224.8262
    2264.000       18259.9473
    2265.000       18374.5996
    2266.000       18241.6816
    2267.000       18245.2188
    2268.000       18248.9551
    2269.000       18311.4355
    2270.000       18177.6250
    2271.000       18197.6016
    2272.000       18358.4258
    2273.000       18136.1641
    2274.000       18362.8438
    2275.000       18283.8027
    2276.000       18295.5020
    2277.000       18142.0254
    2278.000       18401.9863
    2279.000       18128.1582
    2280.000       18174.3145
    2281.000       18191.8789
    2282.000       18403.1133
    2283.000       18277.7168
    2284.000       18279.6855
    2285.000       18306.7539
    2286.000       18204.1289
    2287.000       18328.4434
    2288.000       18339.6895
    2289.000       18324.2500
    2290.000       18317.7852
    2291.000       18248.3066
    2292.000       18118.3906
    2293.000       18367.4727
    2294.000       18188.1719
    2295.000       18223.9883
    2296.000       18422.7910
    2297.000       18412.8320
    2298.000       18326.4805
    2299.000       18214.8145
    2300.000       18247.8262
    2301.000       18292.5020
    2302.000       18075.2363
    2303.000       18195.2461
    2304.000       18256.3613
    2305.000       18298.0039
    2306.000       18371.5195
    2307.000       18053.3438
    2308.000       18348.2383
    2309.000       18152.8340
    2310.000       18255.8652
    2311.000       18352.6973
    2312.000       18273.7383
    2313.000       18273.2871
    2314.000       18391.3594
    2315.000       18300.7930
    2316.000       18352.2383
    2317.000       18429.9160
    2318.000       18245.7930
    2319.000       18296.7891
    2320.000       18150.2305
    2321.000       18430.0898
    2322.000       18324.1426
    2323.000       18213.6465
    2324.000       18206.2422
    2325.000       18180.1582
    2326.000       18371.1875
    2327.000       18372.4375
    2328.000       18158.3555
    2329.000       18307.6113
    2330.000       18518.4023
    2331.000       18123.5703
    2332.000       18254.0332
    2333.000       18394.9668
    2334.000       18234.2812
    2335.000       18369.9316
    2336.000       18106.3867
    2337.000       18137.8594
    2338.000       18343.7539
    2339.000       18488.6348
    2340.000       18174.4863
    2341.000       18126.1328
    2342.000       18115.7949
    2343.000       18205.8281
    2344.000       18560.2148
    2345.000       18449.7422
    2346.000       18172.1348
    2347.000       18210.2500
    2348.000       18203.9082
    2349.000       18268.3184
    2350.000       18209.7461
    2351.000       18361.7402
    2352.000       18038.4355
    2353.000       18151.4336
    2354.000       18382.7012
    2355.000       18254.3750
    2356.000       18390.8418
    2357.000       18250.6836
    2358.000       18355.9258
    2359.000       18350.7773
    2360.000       18145.0742
    2361.000       18216.7285
    2362.000       18232.4492
    2363.000       18214.5156
    2364.000       18244.4355
    2365.000       18353.5156
    2366.000       18323.7773
    2367.000       18319.3633
    2368.000       18224.7969
    2369.000       18347.8516
    2370.000       18503.8184
    2371.000       18341.9102
    2372.000       18169.2500
    2373.000       18410.0801
    2374.000       18312.7344
    2375.000       18208.1289
    2376.000       18363.5918
    2377.000       18278.7793
    2378.000       18176.3125
    2379.000       18317.6621
    2380.000       18212.0586
    2381.000       18246.3281
    2382.000       18314.6445
    2383.000       18196.1348
    2384.000       18416.7480
    2385.000       18538.0098
    2386.000       18296.2324
    2387.000       18227.2715
    2388.000       18215.5137
    2389.000       18002.5977
    2390.000       18362.3203
    2391.000       18345.3223
    2392.000       18315.7324
    2393.000       18474.8418
    2394.000       18238.4941
    2395.000       18611.2461
    2396.000       18036.6074
    2397.000       18187.2031
    2398.000       18345.3711
    2399.000       18225.3379
    2400.000       18302.6035
    2401.000       18360.4746
    2402.000       18425.7539
    2403.000       18312.5508
    2404.000       18166.3086
    2405.000       18252.1641
    2406.000       18274.5156
    2407.000       18245.5957
    2408.000       18192.9766
    2409.000       18309.5703
    2410.000       18454.0527
    2411.000       18317.5586
    2412.000       18249.2051
    2413.000       18397.3926
    2414.000       18294.2949
    2415.000       18284.5879
    2416.000       18338.0703
    2417.000       18298.2773
    2418.000       18257.7383
    2419.000       18130.5234
    2420.000       18338.6602
    2421.000       18139.6602
    2422.000       18211.9785
    2423.000       18059.1270
    2424.000       18300.2480
    2425.000       18209.2148
    2426.000       18283.1758
    2427.000       18374.5977
    2428.000       18159.6035
    2429.000       18634.9062
    2430.000       18236.1797
    2431.000       18395.5625
    2432.000       18280.7891
    2433.000       18117.7715
    2434.000       18292.1289
    2435.000       18350.3535
    2436.000       18297.4238
    2437.000       18279.1777
    2438.000       18168.5273
    2439.000       18522.5547
    2440.000       18351.3945
    2441.000       18327.1641
    2442.000       18209.9062
    2443.000       18355.7344
    2444.000       18269.4453
    2445.000       18532.8066
    2446.000       18126.5527
    2447.000       18362.6621
    2448.000       18393.0586
    2449.000       18432.7285
    2450.000       18183.3281
    2451.000       18285.7070
    2452.000       18286.3281
    2453.000       18262.1836
    2454.000       18253.9492
    2455.000       18529.4551
    2456.000       18387.5938
    2457.000       18485.8418
    2458.000       18157.6113
    2459.000       18418.5938
    2460.000       18201.0977
    2461.000       18251.6094
    2462.000       18363.7422
    2463.000       18240.2031
    2464.000       18352.7793
    2465.000       18178.1152
    2466.000       18424.5723
    2467.000       18135.8145
    2468.000       18153.8086
    2469.000       18369.3184
    2470.000       18373.1953
    2471.000       18302.9688
    2472.000       18263.5410
    2473.000       18269.1953
    2474.000       18314.2188
    2475.000       18355.2988
    2476.000       18153.2891
    2477.000       18455.0059
    2478.000       18401.7695
    2479.000       18171.6309
    2480.000       18144.8164
    2481.000       18324.4746
    2482.000       18286.1465
    2483.000       18246.7637
    2484.000       18236.0508
    2485.000       18379.2715
    2486.000       18315.1680
    2487.000       18307.6777
    2488.000       18351.4180
    2489.000       18206.3477
    2490.000       18326.5078
    2491.000       18370.2852
    2492.000       18494.3672
    2493.000       18218.7969
    2494.000       18440.8379
    2495.000       18371.9902
    2496.000       18301.7656
    2497.000       18194.6875
    2498.000       18480.3984
    2499.000       18237.9219
    2500.000       18309.5488
    2501.000       18225.9160
    2502.000       18142.8379
    2503.000       18154.9355
    2504.000       18365.0586
    2505.000       18443.2695
    2506.000       18340.7246
    2507.000       18284.2090
    2508.000       18226.5918
    2509.000       18380.8184
    2510.000       18296.9492
    2511.000       18173.7539
    2512.000       18418.8125
    2513.000       18273.2891
    2514.000       18302.5801
    2515.000       18348.9355
    2516.000       18271.7305
    2517.000       18162.0703
    2518.000       18492.0781
    2519.000       18538.8926
    2520.000       18253.5703
    2521.000       18155.8203
    2522.000       18226.8516
    2523.000       18264.3770
    2524.000       18268.5527
    2525.000       18229.2891
    2526.000       18275.6445
    2527.000       18356.9746
    2528.000       18346.6289
    2529.000       18513.2461
    2530.000       18312.8301
    2531.000       18211.9102
    2532.000       18084.9258
    2533.000       18499.8926
    2534.000       18298.0352
    2535.000       18176.9219
    2536.000       18334.9141
    2537.000       18385.3613
    2538.000       18360.4062
    2539.000       18268.3750
    2540.000       18319.4492
    2541.000       18198.8457
    2542.000       18301.8105
    2543.000       18335.5293
    2544.000       18203.2734
    2545.000       18359.2363
    2546.000       18299.8789
    2547.000       18371.4297
    2548.000       18330.8535
    2549.000       18269.3594
    2550.000       18401.1504
    2551.000       18213.5508
    2552.000       18483.9980
    2553.000       18274.3086
    2554.000       18034.4492
    2555.000       18102.1914
    2556.000       18028.0762
    2557.000       18247.8379
    2558.000       18283.5781
    2559.000       18347.5469
    2560.000       18213.5977
    2561.000       18120.9082
    2562.000       18345.5156
    2563.000       18344.6211
    2564.000       18233.8008
    2565.000       18194.3965
    2566.000       18346.9238
    2567.000       18473.1973
    2568.000       18203.2090
    2569.000       18404.1797
    2570.000       18202.8965
    2571.000       18250.7793
    2572.000       18309.4375
    2573.000       18343.9707
    2574.000       18397.0273
    2575.000       18114.9375
    2576.000       18344.5117
    2577.000       18278.2148
    2578.000       18163.8145
    2579.000       18275.8594
    2580.000       18317.2305
    2581.000       18315.6582
    2582.000       18275.6680
    2583.000       18284.5098
    2584.000       18194.3555
    2585.000       18150.3301
    2586.000       18367.8926
    2587.000       18185.5762
    2588.000       18217.8516
    2589.000       18041.3379
    2590.000       18274.2734
    2591.000       18280.5449
    2592.000       18359.5312
    2593.000       18281.9824
    2594.000       18336.9551
    2595.000       18355.5254
    2596.000       18340.3086
    2597.000       18316.5547
    2598.000       18288.8262
    2599.000       18359.1875
    2600.000       18606.1152
    2601.000       18398.8047
    2602.000       18178.4336
    2603.000       18250.2305
    2604.000       18174.3965
    2605.000       18476.3398
    2606.000       18414.5703
    2607.000       18253.8027
    2608.000       18177.6758
    2609.000       18213.7109
    2610.000       18373.8008
    2611.000       18172.9355
    2612.000       18292.2988
    2613.000       18285.6816
    2614.000       18236.0352
    2615.000       18299.9473
    2616.000       18260.5801
    2617.000       18251.7891
    2618.000       18349.2734
    2619.000       18343.2129
    2620.000       18155.6426
    2621.000       18409.6973
    2622.000       18411.3164
    2623.000       18166.5762
    2624.000       18353.3984
    2625.000       18135.9844
    2626.000       18258.0000
    2627.000       18474.1621
    2628.000       18231.1914
    2629.000       18316.4141
    2630.000       18290.6328
    2631.000       18340.8125
    2632.000       17978.5684
    2633.000       18367.1094
    2634.000       18269.3750
    2635.000       18338.4180
    2636.000       18108.8086
    2637.000       18265.5273
    2638.000       18253.9668
    2639.000       18309.1777
    2640.000       18154.5977
    2641.000       18157.5078
    2642.000       18118.4570
    2643.000       18386.0508
    2644.000       18200.7422
    2645.000       18364.2617
    2646.000       18216.0801
    2647.000       18223.6758
    2648.000       18300.9824
    2649.000       18454.0566
    2650.000       18361.0781
    2651.000       18305.0762
    2652.000       18214.3418
    2653.000       18295.5840
    2654.000       18445.4883
    2655.000       18110.7441
    2656.000       18167.8555
    2657.000       18248.4219
    2658.000       18378.8516
    2659.000       18452.3242
    2660.000       18341.3203
    2661.000       18279.9160
    2662.000       18445.7695
    2663.000       18293.6895
    2664.000       18374.1504
    2665.000       18345.9434
    2666.000       18381.2500
    2667.000       18236.2500
    2668.000       18354.0098
    2669.000       18241.0137
    2670.000       18462.3438
    2671.000       18168.3086
    2672.000       18508.8516
    2673.000       18305.2676
    2674.000       18426.3164
    2675.000       18194.5723
    2676.000       18280.1113
    2677.000       18441.8496
    2678.000       18173.5469
    2679.000       18354.0664
    2680.000       18303.6406
    2681.000       18337.8184
    2682.000       18416.4570
    2683.000       18395.5352
    2684.000       18454.2461
    2685.000       18206.0703
    2686.000       18422.6875
    2687.000       18144.0781
    2688.000       18393.5938
    2689.000       18276.7070
    2690.000       18479.4355
    2691.000       18202.0137
    2692.000       18251.1348
    2693.000       18230.6133
    2694.000       18161.9980
    2695.000       18254.8496
    2696.000       18236.7031
    2697.000       18218.8711
    2698.000       18313.5859
    2699.000       18207.9180
    2700.000       18174.1309
    2701.000       18142.0059
    2702.000       18278.3496
    2703.000       18330.5371
    2704.000       18303.6230
    2705.000       18158.0996
    2706.000       18157.4688
    2707.000       18325.4922
    2708.000       18298.4219
    2709.000       18247.4648
    2710.000       18339.1094
    2711.000       18245.6680
    2712.000       18257.1895
    2713.000       18379.6152
    2714.000       18458.5508
    2715.000       18296.6836
    2716.000       18443.4316
    2717.000       18296.9551
    2718.000       18370.6738
    2719.000       18137.5488
    2720.000       18317.6289
    2721.000       18254.7539
    2722.000       18292.1836
    2723.000       18395.6562
    2724.000       18058.9414
    2725.000       18300.9766
    2726.000       18352.8711
    2727.000       18325.4473
    2728.000       18153.1133
    2729.000       18270.1152
    2730.000       18321.6367
    2731.000       18306.7715
    2732.000       18365.8184
    2733.000       18205.3730
    2734.000       18355.8613
    2735.000       18331.3477
    2736.000       18353.1172
    2737.000       18273.8809
    2738.000       18344.0879
    2739.000       18408.8867
    2740.000       18203.3887
    2741.000       18324.4844
    2742.000       18302.9922
    2743.000       18353.9961
    2744.000       18128.2148
    2745.000       18388.0684
    2746.000       18346.4961
    2747.000       18407.1855
    2748.000       18173.6406
    2749.000       18206.4531
    2750.000       18300.7129
    2751.000       18339.4980
    2752.000       18236.5645
    2753.000       18286.8145
    2754.000       18255.8066
    2755.000       18357.6250
    2756.000       18164.0234
    2757.000       18385.1777
    2758.000       18339.2051
    2759.000       18096.9199
    2760.000       18221.6816
    2761.000       18172.3281
    2762.000       18251.9570
    2763.000       18405.9395
    2764.000       18316.9395
    2765.000       18429.7949
    2766.000       18192.2578
    2767.000       18326.4980
    2768.000       18329.9336
    2769.000       18355.1680
    2770.000       18286.9629
    2771.000       18283.5391
    2772.000       18171.6543
    2773.000       18297.3281
    2774.000       18182.6270
    2775.000       18292.2441
    2776.000       18005.3984
    2777.000       18315.3145
    2778.000       18296.4258
    2779.000       18303.7070
    2780.000       18131.1543
    2781.000       18155.3047
    2782.000       18202.2656
    2783.000       18068.7344
    2784.000       18414.1562
    2785.000       18213.0859
    2786.000       18273.9961
    2787.000       18367.4531
    2788.000       18250.8438
    2789.000       18386.2520
    2790.000       18418.7441
    2791.000       18339.1855
    2792.000       18296.0957
    2793.000       18142.1797
    2794.000       18227.8809
    2795.000       18176.9961
    2796.000       18295.7949
    2797.000       18396.2051
    2798.000       18335.1309
    2799.000       18331.0508
    2800.000       18292.2148
    2801.000       18472.4883
    2802.000       18404.5918
    2803.000       18329.0840
    2804.000       18289.4297
    2805.000       18305.8066
    2806.000       18175.0527
    2807.000       18344.2285
    2808.000       18229.0547
    2809.000       18385.4551
    2810.000       18217.8828
    2811.000       18547.8809
    2812.000       18258.0430
    2813.000       18212.3066
    2814.000       18160.2305
    2815.000       18543.4375
    2816.000       18317.5312
    2817.000       18493.8730
    2818.000       18203.4688
    2819.000       18233.4824
    2820.000       18368.3672
    2821.000       18326.6133
    2822.000       18289.2227
    2823.000       18331.2617
    2824.000       18174.4707
    2825.000       18307.6270
    2826.000       18387.9609
    2827.000       18484.6777
    2828.000       18203.1816
    2829.000       18369.7676
    2830.000       18229.0391
    2831.000       17992.8203
    2832.000       18064.2246
    2833.000       18312.8496
    2834.000       18293.1992
    2835.000       18253.2734
    2836.000       18315.0215
    2837.000       18400.9336
    2838.000       18211.8379
    2839.000       18306.2305
    2840.000       18251.4746
    2841.000       18149.5039
    2842.000       18377.8652
    2843.000       18333.2715
    2844.000       18285.5801
    2845.000       18230.8516
    2846.000       18075.3496
    2847.000       18282.9863
    2848.000       18104.6680
    2849.000       18139.1621
    2850.000       18324.4648
    2851.000       18323.9629
    2852.000       18239.8633
    2853.000       18613.4883
    2854.000       18452.7402
    2855.000       18249.1367
    2856.000       18260.1738
    2857.000       18237.5859
    2858.000       18303.4922
    2859.000       18325.6133
    2860.000       18249.6230
    2861.000       18236.6113
    2862.000       18160.2285
    2863.000       18183.0254
    2864.000       18097.8945
    2865.000       18361.9609
    2866.000       18312.1016
    2867.000       18379.0898
    2868.000       18324.0059
    2869.000       18171.8477
    2870.000       18322.0430
    2871.000       18248.7559
    2872.000       18309.5273
    2873.000       18178.5820
    2874.000       18287.2207
    2875.000       18283.1309
    2876.000       18163.5527
    2877.000       18319.2461
    2878.000       18088.1758
    2879.000       18308.3828
    2880.000       18309.1270
    2881.000       18179.7812
    2882.000       18267.0078
    2883.000       18194.9961
    2884.000       18280.9824
    2885.000       18418.6719
    2886.000       18258.6289
    2887.000       18195.6406
    2888.000       18262.4961
    2889.000       18493.2109
    2890.000       18189.4492
    2891.000       18375.4805
    2892.000       18298.4590
    2893.000       18304.1211
    2894.000       18387.2422
    2895.000       18217.4746
    2896.000       18155.9023
    2897.000       18466.6836
    2898.000       18254.6699
    2899.000       18319.2324
    2900.000       18140.2617
    2901.000       18200.9434
    2902.000       18292.2461
    2903.000       18307.9199
    2904.000       18190.6230
    2905.000       18234.0508
    2906.000       18292.4707
    2907.000       18254.1230
    2908.000       18181.3633
    2909.000       18343.7266
    2910.000       18326.2070
    2911.000       18206.2520
    2912.000       18331.3008
    2913.000       18320.7051
    2914.000       18230.6582
    2915.000       18259.7598
    2916.000       18152.3809
    2917.000       18446.1152
    2918.000       18321.3848
    2919.000       18399.3516
    2920.000       18425.4023
    2921.000       18500.2852
    2922.000       18277.5410
    2923.000       18296.8926
    2924.000       18359.9082
    2925.000       18302.4824
    2926.000       18370.1406
    2927.000       18269.2988
    2928.000       18258.1230
    2929.000       18227.9297
    2930.000       18302.1094
    2931.000       18341.8594
    2932.000       18198.1348
    2933.000       18246.1621
    2934.000       18106.1816
    2935.000       18155.1387
    2936.000       18201.1387
    2937.000       18162.5137
    2938.000       18354.2676
    2939.000       18228.6348
    2940.000       18136.2617
    2941.000       18195.5898
    2942.000       18042.2871
    2943.000       18395.7793
    2944.000       18302.8203
    2945.000       18228.7656
    2946.000       18286.9668
    2947.000       18142.5039
    2948.000       18222.7109
    2949.000       18253.2969
    2950.000       18356.4512
    2951.000       18209.4434
    2952.000       18262.6660
    2953.000       18122.0527
    2954.000       18156.5566
    2955.000       18303.9941
    2956.000       18301.8281
    2957.000       18451.3672
    2958.000       18364.6133
    2959.000       18248.3516
    2960.000       18225.4941
    2961.000       18222.5527
    2962.000       18476.0000
    2963.000       18325.7832
    2964.000       18281.3965
    2965.000       18190.1680
    2966.000       18251.3945
    2967.000       18246.2324
    2968.000       18246.4844
    2969.000       18247.0000
    2970.000       18315.2852
    2971.000       18267.2461
    2972.000       18315.9922
    2973.000       18434.5625
    2974.000       18299.3809
    2975.000       18386.2891
    2976.000       18122.4629
    2977.000       18189.1895
    2978.000       18267.4727
    2979.000       18298.6445
    2980.000       18474.8711
    2981.000       18306.8418
    2982.000       18413.8008
    2983.000       18177.5938
    2984.000       18429.4531
    2985.000       18137.7305
    2986.000       18274.6445
    2987.000       18189.0117
    2988.000       18412.8340
    2989.000       18220.6172
    2990.000       18158.8789
    2991.000       18321.1602
    2992.000       18412.0801
    2993.000       18318.6172
    2994.000       18306.7539
    2995.000       18318.5996
    2996.000       18181.0215
    2997.000       18292.2402
    2998.000       18163.4746
    2999.000       18408.6270
    3000.000       18235.6094
    3001.000       18228.7773
    3002.000       18129.6562
    3003.000       18284.7500
    3004.000       18127.2383
    3005.000       18287.0371
    3006.000       18353.9395
    3007.000       18335.6738
    3008.000       18334.4395
    3009.000       18308.0859
    3010.000       18324.8496
    3011.000       18083.5820
    3012.000       18353.2930
    3013.000       18316.4512
    3014.000       18363.8984
    3015.000       18301.2422
    3016.000       18339.5352
    3017.000       18356.5664
    3018.000       18364.2695
    3019.000       18330.3262
    3020.000       18223.0078
    3021.000       18378.0586
    3022.000       18248.2754
    3023.000       18294.6641
    3024.000       18297.9551
    3025.000       18205.6152
    3026.000       18328.6016
    3027.000       18305.8086
    3028.000       18374.8535
    3029.000       18167.9336
    3030.000       18270.0684
    3031.000       18152.5078
    3032.000       18378.0078
    3033.000       18351.2812
    3034.000       18115.2793
    3035.000       18302.1758
    3036.000       18381.8750
    3037.000       18169.0176
    3038.000       18355.2383
    3039.000       18442.9102
    3040.000       18220.9980
