     141.000      -87697.5827
     142.000      -88226.8316
     143.000      -88303.7408
     144.000      -88438.5798
     145.000      -88609.8449
     146.000      -88364.1893
     147.000      -88743.7428
     148.000      -88825.1468
     149.000      -88947.2033
     150.000      -88920.8905
     151.000      -89009.6531
     152.000      -88893.2511
     153.000      -89076.3822
     154.000      -88644.5673
     155.000      -88593.7743
     156.000      -88570.9489
     157.000      -88897.3858
     158.000      -88810.6954
     159.000      -88801.1294
     160.000      -89039.0755
     161.000      -88846.2117
     162.000      -88965.8564
     163.000      -88867.0413
     164.000      -88945.0841
     165.000      -88547.9945
     166.000      -89042.2588
     167.000      -88933.3143
     168.000      -88902.8871
     169.000      -88895.6432
     170.000      -88818.3126
     171.000      -88857.3123
     172.000      -88915.4430
     173.000      -89062.0583
     174.000      -89449.9523
     175.000      -89227.5214
     176.000      -88973.3110
     177.000      -89074.8744
     178.000      -88754.1925
     179.000      -89057.3085
     180.000      -88698.1864
     181.000      -88741.1355
     182.000      -89108.7477
     183.000      -89020.8234
     184.000      -88980.2562
     185.000      -89047.1041
     186.000      -88992.9708
     187.000      -89039.4287
     188.000      -88874.8124
     189.000      -89269.8176
     190.000      -88839.5508
     191.000      -88780.8876
     192.000      -88882.8254
     193.000      -88908.5941
     194.000      -88766.8295
     195.000      -89039.8435
     196.000      -89141.0056
     197.000      -88936.8162
     198.000      -88668.7527
     199.000      -88833.6996
     200.000      -88873.6325
     201.000      -88748.4593
     202.000      -88879.2554
     203.000      -88986.8416
     204.000      -89091.5701
     205.000      -89034.7250
     206.000      -88927.5285
     207.000      -88961.2757
     208.000      -89291.4748
     209.000      -89025.4273
     210.000      -89170.9014
     211.000      -88960.9541
     212.000      -88960.0523
     213.000      -88981.4927
     214.000      -89021.9037
     215.000      -88856.4130
     216.000      -89072.9644
     217.000      -88970.2214
     218.000      -89139.8072
     219.000      -89221.0387
     220.000      -89106.7003
     221.000      -88768.6517
     222.000      -88981.0086
     223.000      -89157.9918
     224.000      -88977.1378
     225.000      -89240.5620
     226.000      -88939.6087
     227.000      -88961.3393
     228.000      -89038.1476
     229.000      -89202.6805
     230.000      -88880.7687
     231.000      -89045.6597
     232.000      -88947.8672
     233.000      -89051.0080
     234.000      -89034.4003
     235.000      -88805.6014
     236.000      -88772.7760
     237.000      -88884.7243
     238.000      -89008.4762
     239.000      -89020.1374
     240.000      -88919.6391
     241.000      -89201.0554
     242.000      -89270.0597
     243.000      -89299.2506
     244.000      -89203.0238
     245.000      -89169.5782
     246.000      -89263.8215
     247.000      -88992.2821
     248.000      -89343.2212
     249.000      -89215.2712
     250.000      -89073.9783
     251.000      -88954.4634
     252.000      -89219.9424
     253.000      -89243.7842
     254.000      -89196.5819
     255.000      -89300.4905
     256.000      -89401.4682
     257.000      -89174.6983
     258.000      -89191.5343
     259.000      -89109.0052
     260.000      -89121.0669
     261.000      -89103.9878
     262.000      -89008.2673
     263.000      -89067.6004
     264.000      -89097.6117
     265.000      -88933.2153
     266.000      -89004.8532
     267.000      -89213.5771
     268.000      -89057.6772
     269.000      -89101.1685
     270.000      -88984.7631
     271.000      -88919.9351
     272.000      -89145.1660
     273.000      -89273.6620
     274.000      -88947.3331
     275.000      -88924.8615
     276.000      -88728.4254
     277.000      -89202.2214
     278.000      -89153.8565
     279.000      -89170.0928
     280.000      -89209.1728
     281.000      -88952.4092
     282.000      -89128.5194
     283.000      -89118.9407
     284.000      -88978.6606
     285.000      -88980.6257
     286.000      -89195.9887
     287.000      -88977.0207
     288.000      -89042.4954
     289.000      -88836.3364
     290.000      -88916.4589
     291.000      -88931.2642
     292.000      -89000.2850
     293.000      -88956.7820
     294.000      -89034.9327
     295.000      -89003.4873
     296.000      -89164.8886
     297.000      -88963.8711
     298.000      -88974.5837
     299.000      -89280.3285
     300.000      -89214.3237
     301.000      -89227.2636
     302.000      -88932.0943
     303.000      -88797.9220
     304.000      -89167.7325
     305.000      -88887.2765
     306.000      -89103.3950
     307.000      -89002.2798
     308.000      -89525.4257
     309.000      -89108.4208
     310.000      -88963.2690
     311.000      -89059.5779
     312.000      -89092.5882
     313.000      -88964.0793
     314.000      -89197.1051
     315.000      -89038.5132
     316.000      -88924.0749
     317.000      -89113.1916
     318.000      -88792.7746
     319.000      -88937.4001
     320.000      -88852.1235
     321.000      -89184.3088
     322.000      -88954.8784
     323.000      -89172.6119
     324.000      -88861.5606
     325.000      -88874.9215
     326.000      -88959.4630
     327.000      -89042.4948
     328.000      -89126.3679
     329.000      -88990.1858
     330.000      -89343.8242
     331.000      -89123.0686
     332.000      -88943.4596
     333.000      -88897.8592
     334.000      -89060.4602
     335.000      -89129.0650
     336.000      -88839.9963
     337.000      -89001.5528
     338.000      -89250.8426
     339.000      -89339.3305
     340.000      -89207.1120
     341.000      -89063.5138
     342.000      -89018.3600
     343.000      -88916.9017
     344.000      -89254.2142
     345.000      -89074.3784
     346.000      -89093.8602
     347.000      -88959.7576
     348.000      -89014.6912
     349.000      -89135.7290
     350.000      -89305.3392
     351.000      -89258.5480
     352.000      -88950.0139
     353.000      -89046.3819
     354.000      -89067.0302
     355.000      -89062.2300
     356.000      -89330.0668
     357.000      -89246.9714
     358.000      -89165.9042
     359.000      -89411.8256
     360.000      -89257.5270
     361.000      -89207.3949
     362.000      -89189.6443
     363.000      -89391.1161
     364.000      -89090.3318
     365.000      -89382.0526
     366.000      -89307.1232
     367.000      -89077.7880
     368.000      -89137.3630
     369.000      -89042.7808
     370.000      -89124.5400
     371.000      -89109.9732
     372.000      -88825.9474
     373.000      -88859.8788
     374.000      -88990.9298
     375.000      -89032.5448
     376.000      -89202.5628
     377.000      -89164.6484
     378.000      -89138.2017
     379.000      -88918.7717
     380.000      -89035.7900
     381.000      -89089.0193
     382.000      -89035.7845
     383.000      -89131.1465
     384.000      -89146.7538
     385.000      -88882.5914
     386.000      -89345.7843
     387.000      -89103.2506
     388.000      -89072.6044
     389.000      -89134.2387
     390.000      -89170.1048
     391.000      -89034.0471
     392.000      -89001.2379
     393.000      -88920.4951
     394.000      -89118.6779
     395.000      -88960.1428
     396.000      -88984.0164
     397.000      -89154.3542
     398.000      -88933.7580
     399.000      -89126.0834
     400.000      -88946.3786
     401.000      -88889.7121
     402.000      -89242.6497
     403.000      -89195.2548
     404.000      -88878.4017
     405.000      -89072.2956
     406.000      -89507.5452
     407.000      -89190.0412
     408.000      -89116.8270
     409.000      -88938.8128
     410.000      -89118.3009
     411.000      -89137.3699
     412.000      -88927.2953
     413.000      -88958.7188
     414.000      -89190.9284
     415.000      -89192.4481
     416.000      -89268.9109
     417.000      -89350.3103
     418.000      -89258.8813
     419.000      -89202.0191
     420.000      -89096.6334
     421.000      -89221.6037
     422.000      -89293.6679
     423.000      -89110.9015
     424.000      -89325.5706
     425.000      -88889.2806
     426.000      -89184.5112
     427.000      -89084.2007
     428.000      -89124.7554
     429.000      -89078.3231
     430.000      -89190.6219
     431.000      -89288.7007
     432.000      -89195.3429
     433.000      -89273.5680
     434.000      -89031.5995
     435.000      -89052.3158
     436.000      -89054.7986
     437.000      -89161.9547
     438.000      -89268.2738
     439.000      -89268.0845
     440.000      -89478.3096
     441.000      -89215.3393
     442.000      -89502.1109
     443.000      -89158.0481
     444.000      -88914.3882
     445.000      -89138.9746
     446.000      -89424.7275
     447.000      -89006.6348
     448.000      -89131.4314
     449.000      -89086.7869
     450.000      -89080.9994
     451.000      -89177.5020
     452.000      -89066.5392
     453.000      -89174.5205
     454.000      -89032.4318
     455.000      -89126.8172
     456.000      -89322.2376
     457.000      -89296.0389
     458.000      -89139.4659
     459.000      -89280.9334
     460.000      -89271.6195
     461.000      -89290.7375
     462.000      -89268.7883
     463.000      -89262.6974
     464.000      -89259.2989
     465.000      -89319.5318
     466.000      -89072.1058
     467.000      -89313.3441
     468.000      -89173.3029
     469.000      -89226.8604
     470.000      -89034.6322
     471.000      -89321.2189
     472.000      -89176.7563
     473.000      -89112.1063
     474.000      -88984.5718
     475.000      -89200.2104
     476.000      -89308.9364
     477.000      -89166.8158
     478.000      -89048.7456
     479.000      -89182.5654
     480.000      -89020.1735
     481.000      -88943.7191
     482.000      -88665.6483
     483.000      -89239.7711
     484.000      -89343.0578
     485.000      -89011.3319
     486.000      -89142.4710
     487.000      -89194.9592
     488.000      -89264.0673
     489.000      -89149.1251
     490.000      -89148.5198
     491.000      -89123.0588
     492.000      -89084.8265
     493.000      -89196.5331
     494.000      -89157.9427
     495.000      -88974.1750
     496.000      -89111.7313
     497.000      -89176.1410
     498.000      -89092.8335
     499.000      -88947.3758
     500.000      -89062.0057
     501.000      -89106.7190
     502.000      -89205.8762
     503.000      -89214.2773
     504.000      -89164.9343
     505.000      -89157.0073
     506.000      -89040.7341
     507.000      -89251.4621
     508.000      -89282.3266
     509.000      -89277.6720
     510.000      -88994.8308
     511.000      -89043.0353
     512.000      -89217.1559
     513.000      -89328.0842
     514.000      -88898.7405
     515.000      -89233.3107
     516.000      -89202.9362
     517.000      -89265.3004
     518.000      -89142.4563
     519.000      -89330.5203
     520.000      -89184.2726
     521.000      -89047.8995
     522.000      -89010.9348
     523.000      -89014.1928
     524.000      -89057.7418
     525.000      -89168.3544
     526.000      -89055.0404
     527.000      -89060.6585
     528.000      -89189.4925
     529.000      -89204.9257
     530.000      -89249.6854
     531.000      -89404.9003
     532.000      -89183.6569
     533.000      -88951.5694
     534.000      -89164.7800
     535.000      -89126.5130
     536.000      -89388.6175
     537.000      -89410.5814
     538.000      -89006.6653
     539.000      -89450.8104
     540.000      -89330.0119
     541.000      -89321.0056
     542.000      -89380.4755
     543.000      -89342.9155
     544.000      -89278.5672
     545.000      -89197.2374
     546.000      -89087.2654
     547.000      -89095.1289
     548.000      -89318.4884
     549.000      -89447.0707
     550.000      -89230.3047
     551.000      -89128.6027
     552.000      -89229.7702
     553.000      -89236.4875
     554.000      -89140.6640
     555.000      -89157.3164
     556.000      -89022.2059
     557.000      -89173.3899
     558.000      -89277.6691
     559.000      -89071.8144
     560.000      -89003.7367
     561.000      -89159.4856
     562.000      -89186.2891
     563.000      -89242.2814
     564.000      -89375.6616
     565.000      -89345.7126
     566.000      -89343.7788
     567.000      -89153.8506
     568.000      -89267.3793
     569.000      -89086.6643
     570.000      -89274.1453
     571.000      -89300.4251
     572.000      -89414.3840
     573.000      -89145.5416
     574.000      -89223.9002
     575.000      -89275.0667
     576.000      -88964.9564
     577.000      -89186.1419
     578.000      -89429.1213
     579.000      -89258.8750
     580.000      -89230.0268
     581.000      -89007.3348
     582.000      -89153.6700
     583.000      -89216.1119
     584.000      -88830.5128
     585.000      -89212.1988
     586.000      -88994.9175
     587.000      -89131.7841
     588.000      -89299.3266
     589.000      -89142.0798
     590.000      -89287.0991
     591.000      -89259.5636
     592.000      -89513.1704
     593.000      -89197.3248
     594.000      -89287.0632
     595.000      -88998.4803
     596.000      -89250.1748
     597.000      -89072.7259
     598.000      -89039.9018
     599.000      -89083.6156
     600.000      -89058.2563
     601.000      -89275.3592
     602.000      -89133.8092
     603.000      -89389.8713
     604.000      -89136.2684
     605.000      -88957.2413
     606.000      -89306.5017
     607.000      -89426.9275
     608.000      -89310.2978
     609.000      -89376.3485
     610.000      -89189.0316
     611.000      -89275.9268
     612.000      -89251.5473
     613.000      -89444.8249
     614.000      -89247.5483
     615.000      -89227.3479
     616.000      -89110.7011
     617.000      -89258.9984
     618.000      -89267.9649
     619.000      -89174.0201
     620.000      -89131.4647
     621.000      -89148.2943
     622.000      -89503.0571
     623.000      -89213.0903
     624.000      -89211.1816
     625.000      -89483.1408
     626.000      -89184.2669
     627.000      -89230.7960
     628.000      -89162.7816
     629.000      -89311.4387
     630.000      -89241.7764
     631.000      -89268.4394
     632.000      -89144.1947
     633.000      -89165.2524
     634.000      -89057.9572
     635.000      -89089.1486
     636.000      -89191.4422
     637.000      -89192.8677
     638.000      -89331.9419
     639.000      -89157.6214
     640.000      -89209.7164
     641.000      -89110.1007
     642.000      -89372.0474
     643.000      -89127.9438
     644.000      -89497.5232
     645.000      -89308.8994
     646.000      -89219.5526
     647.000      -89293.5268
     648.000      -89450.1883
     649.000      -89320.6807
     650.000      -89225.6600
     651.000      -89353.6849
     652.000      -89145.3618
     653.000      -89263.6603
     654.000      -89018.6069
     655.000      -89105.0381
     656.000      -89401.1044
     657.000      -89363.7000
     658.000      -89379.2357
     659.000      -89276.1939
     660.000      -89189.9593
     661.000      -88866.3084
     662.000      -89140.2316
     663.000      -89051.3761
     664.000      -89368.9085
     665.000      -89161.6160
     666.000      -89155.1472
     667.000      -89334.5132
     668.000      -89204.0626
     669.000      -89517.8598
     670.000      -89609.9213
     671.000      -89399.8154
     672.000      -89205.1523
     673.000      -89142.6621
     674.000      -89098.8514
     675.000      -89160.9897
     676.000      -89281.5657
     677.000      -89281.6220
     678.000      -88987.7698
     679.000      -89150.5882
     680.000      -89150.9171
     681.000      -89372.5366
     682.000      -89062.0803
     683.000      -89175.1470
     684.000      -89200.7514
     685.000      -89104.4377
     686.000      -89103.0328
     687.000      -89336.8896
     688.000      -89097.3855
     689.000      -89318.5147
     690.000      -89216.8200
     691.000      -89099.5735
     692.000      -89151.4401
     693.000      -89387.8212
     694.000      -89238.2146
     695.000      -89254.6716
     696.000      -89342.7609
     697.000      -89402.5241
     698.000      -89298.7658
     699.000      -89373.5848
     700.000      -89346.1888
     701.000      -89340.1271
     702.000      -89247.5510
     703.000      -89196.1040
     704.000      -89453.8763
     705.000      -89314.1698
     706.000      -89261.5945
     707.000      -89020.7101
     708.000      -89309.9468
     709.000      -89190.8174
     710.000      -89261.3090
     711.000      -89420.2409
     712.000      -89392.6146
     713.000      -89472.6349
     714.000      -89150.1436
     715.000      -89105.1402
     716.000      -89325.5594
     717.000      -89315.4345
     718.000      -89191.3270
     719.000      -89233.5980
     720.000      -89324.7470
     721.000      -89383.9595
     722.000      -89291.2102
     723.000      -89225.1001
     724.000      -89353.4487
     725.000      -89091.9135
     726.000      -89279.2832
     727.000      -89108.4505
     728.000      -88934.5077
     729.000      -88950.5299
     730.000      -89121.5097
     731.000      -89031.0280
     732.000      -89163.8186
     733.000      -89114.1767
     734.000      -89394.4277
     735.000      -89438.7572
     736.000      -89258.7224
     737.000      -89388.4801
     738.000      -89297.7340
     739.000      -89409.9630
     740.000      -89393.4515
     741.000      -89582.1091
     742.000      -89140.4229
     743.000      -89655.6259
     744.000      -89291.0589
     745.000      -89031.2088
     746.000      -89438.1560
     747.000      -89514.9397
     748.000      -89240.6498
     749.000      -89367.3527
     750.000      -89347.9366
     751.000      -89368.0314
     752.000      -89221.7507
     753.000      -89276.5985
     754.000      -89432.1564
     755.000      -89111.2590
     756.000      -89133.4148
     757.000      -89238.7423
     758.000      -89292.6080
     759.000      -89212.7649
     760.000      -89174.0588
     761.000      -89348.2057
     762.000      -89353.7824
     763.000      -89203.0621
     764.000      -89354.5146
     765.000      -89478.6056
     766.000      -89532.6795
     767.000      -89201.1587
     768.000      -89271.4076
     769.000      -89515.7557
     770.000      -89269.2717
     771.000      -89532.0513
     772.000      -89192.8437
     773.000      -89533.7456
     774.000      -89421.8420
     775.000      -89467.5105
     776.000      -89082.8710
     777.000      -89450.4745
     778.000      -89339.3394
     779.000      -89489.9918
     780.000      -89432.6049
     781.000      -89562.2140
     782.000      -89356.9531
     783.000      -89407.1726
     784.000      -88920.4212
     785.000      -89068.2108
     786.000      -89354.4237
     787.000      -89580.6843
     788.000      -89249.0317
     789.000      -89454.2659
     790.000      -89596.6888
     791.000      -89165.0433
     792.000      -89109.6673
     793.000      -89225.0093
     794.000      -89366.2826
     795.000      -89519.9995
     796.000      -89509.3062
     797.000      -89365.7147
     798.000      -89264.4128
     799.000      -89380.0242
     800.000      -89496.9855
     801.000      -89196.9629
     802.000      -89484.6280
     803.000      -89252.0309
     804.000      -89399.1150
     805.000      -89440.9720
     806.000      -89450.5126
     807.000      -89185.1224
     808.000      -89140.6642
     809.000      -89104.9625
     810.000      -89356.0782
     811.000      -89216.0912
     812.000      -89181.7708
     813.000      -89388.5670
     814.000      -89466.0879
     815.000      -89059.7472
     816.000      -89193.6600
     817.000      -89137.7829
     818.000      -89422.4859
     819.000      -89623.2817
     820.000      -89298.2018
     821.000      -89202.5304
     822.000      -89401.6191
     823.000      -89217.9897
     824.000      -89620.8869
     825.000      -89241.3533
     826.000      -89111.0238
     827.000      -89159.7663
     828.000      -89397.1574
     829.000      -89409.0840
     830.000      -89369.7760
     831.000      -89325.1870
     832.000      -89462.9754
     833.000      -89121.4029
     834.000      -89397.1752
     835.000      -89096.3045
     836.000      -89338.8774
     837.000      -89096.0257
     838.000      -89214.1122
     839.000      -88967.2810
     840.000      -89259.1244
     841.000      -89264.9565
     842.000      -89381.7510
     843.000      -89401.3725
     844.000      -89393.9544
     845.000      -89408.2049
     846.000      -89502.5292
     847.000      -89314.2802
     848.000      -89505.8233
     849.000      -89434.7970
     850.000      -89306.6633
     851.000      -89295.3556
     852.000      -89070.1224
     853.000      -89469.7164
     854.000      -89284.2725
     855.000      -89324.8450
     856.000      -89491.6947
     857.000      -89311.3478
     858.000      -89279.8341
     859.000      -89435.7444
     860.000      -89257.1827
     861.000      -89176.0613
     862.000      -89360.7904
     863.000      -89302.8801
     864.000      -89279.4228
     865.000      -89168.5017
     866.000      -89269.1629
     867.000      -89247.6946
     868.000      -89351.8301
     869.000      -89577.3200
     870.000      -89362.6882
     871.000      -89448.2274
     872.000      -89186.1401
     873.000      -89317.3452
     874.000      -89261.8962
     875.000      -89557.3146
     876.000      -89318.9102
     877.000      -89410.1087
     878.000      -89475.6492
     879.000      -89428.2688
     880.000      -89503.9098
     881.000      -89560.8853
     882.000      -89700.3534
     883.000      -89450.0025
     884.000      -89515.9466
     885.000      -89646.8402
     886.000      -89230.1768
     887.000      -89381.2679
     888.000      -89299.0101
     889.000      -89507.1278
     890.000      -89518.9659
     891.000      -89560.7316
     892.000      -89154.1472
     893.000      -89484.2145
     894.000      -89332.5777
     895.000      -89221.3692
     896.000      -89229.2786
     897.000      -89171.7281
     898.000      -89530.2991
     899.000      -89311.6567
     900.000      -89290.0193
     901.000      -89529.3847
     902.000      -89361.8402
     903.000      -89504.8709
     904.000      -89211.9436
     905.000      -89355.8324
     906.000      -89312.5798
     907.000      -89528.0301
     908.000      -89353.0757
     909.000      -89532.0210
     910.000      -89407.7805
     911.000      -89230.7906
     912.000      -89290.4533
     913.000      -89304.5963
     914.000      -89261.4067
     915.000      -89224.8754
     916.000      -89479.6797
     917.000      -89413.0835
     918.000      -89206.1088
     919.000      -89540.8266
     920.000      -89217.0948
     921.000      -89403.5050
     922.000      -89311.9735
     923.000      -89538.0959
     924.000      -89360.3539
     925.000      -89270.2649
     926.000      -89475.2703
     927.000      -89589.8113
     928.000      -89331.4422
     929.000      -89313.4672
     930.000      -89340.1057
     931.000      -89403.6150
     932.000      -89299.1951
     933.000      -89336.5541
     934.000      -89406.4920
     935.000      -89226.4190
     936.000      -89532.1932
     937.000      -89719.0595
     938.000      -89409.1670
     939.000      -89207.3355
     940.000      -89077.3181
     941.000      -89330.9317
     942.000      -89144.5320
     943.000      -89292.7191
     944.000      -89447.8371
     945.000      -89389.6417
     946.000      -89349.2898
     947.000      -89469.7757
     948.000      -89334.2747
     949.000      -89393.0725
     950.000      -89289.5898
     951.000      -89281.8494
     952.000      -89357.4090
     953.000      -89446.6654
     954.000      -89317.5979
     955.000      -89392.5142
     956.000      -89170.1430
     957.000      -89307.8727
     958.000      -89412.4071
     959.000      -89668.6284
     960.000      -89348.6797
     961.000      -89201.4794
     962.000      -89192.5467
     963.000      -89459.1457
     964.000      -89450.2529
     965.000      -89211.1729
     966.000      -89454.5297
     967.000      -89514.3865
     968.000      -89238.1897
     969.000      -89469.4277
     970.000      -89578.8525
     971.000      -89496.6016
     972.000      -89363.2699
     973.000      -89205.9945
     974.000      -89428.3451
     975.000      -89323.1821
     976.000      -89340.5335
     977.000      -89420.4909
     978.000      -89283.0900
     979.000      -89372.8740
     980.000      -89196.0385
     981.000      -89387.3510
     982.000      -89315.3736
     983.000      -89383.0844
     984.000      -89561.1245
     985.000      -89301.6099
     986.000      -89364.5870
     987.000      -89331.0339
     988.000      -89802.4245
     989.000      -89183.5890
     990.000      -89503.0647
     991.000      -89498.3135
     992.000      -89450.2712
     993.000      -89357.1357
     994.000      -89368.2377
     995.000      -89532.8684
     996.000      -89346.4827
     997.000      -89639.6985
     998.000      -89479.1474
     999.000      -89479.1966
    1000.000      -89286.1792
    1001.000      -89280.2983
    1002.000      -89397.9139
    1003.000      -89441.2316
    1004.000      -89312.8867
    1005.000      -89362.7703
    1006.000      -89593.7668
    1007.000      -89381.9135
    1008.000      -89461.2271
    1009.000      -89796.2006
    1010.000      -89475.9898
    1011.000      -89117.0808
    1012.000      -89268.5474
    1013.000      -89498.6768
    1014.000      -89583.5937
    1015.000      -89329.1581
    1016.000      -89290.2944
    1017.000      -89448.6118
    1018.000      -89391.1028
    1019.000      -89435.6125
    1020.000      -89304.1994
    1021.000      -89430.3171
    1022.000      -89228.6734
    1023.000      -89396.7059
    1024.000      -89359.9540
    1025.000      -89247.7036
    1026.000      -89279.5194
    1027.000      -89413.7077
    1028.000      -89507.4181
    1029.000      -89658.6776
    1030.000      -89458.0859
    1031.000      -89412.8922
    1032.000      -89234.0512
    1033.000      -89327.5220
    1034.000      -89406.2709
    1035.000      -89331.2795
    1036.000      -89156.9173
    1037.000      -89223.9185
    1038.000      -89317.5851
    1039.000      -89445.1455
    1040.000      -89281.0834
    1041.000      -89561.0492
    1042.000      -89179.2509
    1043.000      -89188.5200
    1044.000      -89151.6265
    1045.000      -89398.2719
    1046.000      -89536.0968
    1047.000      -89631.2171
    1048.000      -89573.7996
    1049.000      -89506.4524
    1050.000      -89394.9511
    1051.000      -89480.7615
    1052.000      -89499.4599
    1053.000      -89542.8069
    1054.000      -89348.3199
    1055.000      -89338.0742
    1056.000      -89444.8188
    1057.000      -89313.1964
    1058.000      -89244.3925
    1059.000      -89481.2246
    1060.000      -89335.9326
    1061.000      -89409.2533
    1062.000      -89381.4397
    1063.000      -89454.1746
    1064.000      -89201.4267
    1065.000      -89481.2771
    1066.000      -89369.2607
    1067.000      -89340.2397
    1068.000      -89472.2993
    1069.000      -89374.0076
    1070.000      -89359.2493
    1071.000      -89452.1945
    1072.000      -89445.4470
    1073.000      -89530.6853
    1074.000      -89563.0301
    1075.000      -89500.6977
    1076.000      -89130.7249
    1077.000      -89481.9620
    1078.000      -89410.4157
    1079.000      -89615.3526
    1080.000      -89507.0217
    1081.000      -89442.3662
    1082.000      -89700.9647
    1083.000      -89362.1846
    1084.000      -89463.6421
    1085.000      -89493.8791
    1086.000      -89520.7898
    1087.000      -89413.2007
    1088.000      -89454.5971
    1089.000      -89572.5662
    1090.000      -89471.3070
    1091.000      -89681.0520
    1092.000      -89656.1768
    1093.000      -89685.5793
    1094.000      -89247.7627
    1095.000      -89654.2577
    1096.000      -89720.0104
    1097.000      -89680.4123
    1098.000      -89548.4305
    1099.000      -89495.1368
    1100.000      -89362.9029
    1101.000      -89337.4610
    1102.000      -89546.9727
    1103.000      -89274.0864
    1104.000      -89492.6656
    1105.000      -89539.5688
    1106.000      -89421.9724
    1107.000      -89339.8669
    1108.000      -89142.1189
    1109.000      -89429.7734
    1110.000      -89592.3919
    1111.000      -89210.1814
    1112.000      -89246.7956
    1113.000      -89490.7726
    1114.000      -89390.0981
    1115.000      -89463.6105
    1116.000      -89331.4517
    1117.000      -89386.1499
    1118.000      -89508.3705
    1119.000      -89364.6404
    1120.000      -89578.3218
    1121.000      -89499.0402
    1122.000      -89616.8708
    1123.000      -89614.7839
    1124.000      -89431.6975
    1125.000      -89249.8218
    1126.000      -89504.6306
    1127.000      -89297.0365
    1128.000      -89620.7208
    1129.000      -89363.4329
    1130.000      -89510.7884
    1131.000      -89550.7797
    1132.000      -89332.3510
    1133.000      -89621.7054
    1134.000      -89397.7091
    1135.000      -89506.9516
    1136.000      -89465.9355
    1137.000      -89298.6881
    1138.000      -89624.8258
    1139.000      -89254.1798
    1140.000      -89513.0817
    1141.000      -89534.0899
    1142.000      -89317.9381
    1143.000      -89579.9033
    1144.000      -89398.6359
    1145.000      -89350.9959
    1146.000      -89521.3949
    1147.000      -89578.8442
    1148.000      -89370.9135
    1149.000      -89424.3612
    1150.000      -89319.3393
    1151.000      -89063.8179
    1152.000      -89611.8818
    1153.000      -89738.8459
    1154.000      -89569.7786
    1155.000      -89674.8967
    1156.000      -89637.4758
    1157.000      -89597.1503
    1158.000      -89342.9777
    1159.000      -89454.1732
    1160.000      -89374.4704
    1161.000      -89456.4651
    1162.000      -89511.5430
    1163.000      -89440.9438
    1164.000      -89426.8781
    1165.000      -89435.6506
    1166.000      -89480.9294
    1167.000      -89435.3999
    1168.000      -89334.0225
    1169.000      -89631.9457
    1170.000      -89320.3614
    1171.000      -89420.7791
    1172.000      -89692.4330
    1173.000      -89554.3670
    1174.000      -89339.2376
    1175.000      -89248.0545
    1176.000      -89515.2799
    1177.000      -89391.9131
    1178.000      -89691.9336
    1179.000      -89208.2858
    1180.000      -89095.3480
    1181.000      -89642.9998
    1182.000      -89688.8277
    1183.000      -89516.4038
    1184.000      -89461.5657
    1185.000      -89428.9074
    1186.000      -89417.2023
    1187.000      -89381.5271
    1188.000      -89544.6832
    1189.000      -89495.4927
    1190.000      -89412.6405
    1191.000      -89672.4129
    1192.000      -89368.4221
    1193.000      -89224.5624
    1194.000      -89510.4150
    1195.000      -89566.1784
    1196.000      -89640.2129
    1197.000      -89546.0399
    1198.000      -89455.9827
    1199.000      -89687.2758
    1200.000      -89343.7148
    1201.000      -89302.4108
    1202.000      -89477.0667
    1203.000      -89474.3153
    1204.000      -89322.2324
    1205.000      -89622.0032
    1206.000      -89358.5400
    1207.000      -89353.2937
    1208.000      -89799.7124
    1209.000      -89788.2991
    1210.000      -89475.1285
    1211.000      -89350.1502
    1212.000      -89564.6218
    1213.000      -89526.9070
    1214.000      -89803.0823
    1215.000      -89392.1899
    1216.000      -89212.4008
    1217.000      -89544.2508
    1218.000      -89643.8038
    1219.000      -89474.4916
    1220.000      -89289.8868
    1221.000      -89602.5309
    1222.000      -89433.8012
    1223.000      -89678.7720
    1224.000      -89553.3010
    1225.000      -89441.6543
    1226.000      -89400.7169
    1227.000      -89537.6180
    1228.000      -89270.8983
    1229.000      -89498.4545
    1230.000      -89708.3897
    1231.000      -89637.8180
    1232.000      -89437.8076
    1233.000      -89457.3363
    1234.000      -89506.3925
    1235.000      -89297.8654
    1236.000      -89594.8449
    1237.000      -89420.2342
    1238.000      -89505.6642
    1239.000      -89593.7966
    1240.000      -89638.5199
    1241.000      -89649.1439
    1242.000      -89710.8138
    1243.000      -89628.2910
    1244.000      -89578.5313
    1245.000      -89521.8963
    1246.000      -89380.1454
    1247.000      -89412.4923
    1248.000      -89561.4976
    1249.000      -89433.4967
    1250.000      -89252.0512
    1251.000      -89538.3512
    1252.000      -89420.7498
    1253.000      -89429.0647
    1254.000      -89486.2067
    1255.000      -89300.3890
    1256.000      -89416.8247
    1257.000      -89530.6882
    1258.000      -89553.7957
    1259.000      -89705.7037
    1260.000      -89782.5127
    1261.000      -89533.9104
    1262.000      -89308.5693
    1263.000      -89581.0586
    1264.000      -89603.5717
    1265.000      -89924.5896
    1266.000      -89524.2094
    1267.000      -89379.2686
    1268.000      -89490.6036
    1269.000      -89312.3070
    1270.000      -89548.6725
    1271.000      -89704.5132
    1272.000      -89545.8399
    1273.000      -89245.9881
    1274.000      -89532.6132
    1275.000      -89863.5248
    1276.000      -89390.9740
    1277.000      -89153.3739
    1278.000      -89424.0561
    1279.000      -89629.7557
    1280.000      -89369.0751
    1281.000      -89354.5197
    1282.000      -89422.9613
    1283.000      -89464.2886
    1284.000      -89597.0432
    1285.000      -89563.9558
    1286.000      -89736.9747
    1287.000      -89309.1867
    1288.000      -89309.9266
    1289.000      -89317.8022
    1290.000      -89495.6843
    1291.000      -89634.7923
    1292.000      -89399.2549
    1293.000      -89557.6396
    1294.000      -89348.1548
    1295.000      -89195.2519
    1296.000      -89459.7344
    1297.000      -89681.9642
    1298.000      -89335.3730
    1299.000      -89583.8909
    1300.000      -89604.5691
    1301.000      -89507.6503
    1302.000      -89559.1712
    1303.000      -89623.2264
    1304.000      -89561.0098
    1305.000      -89626.3030
    1306.000      -89371.5739
    1307.000      -89479.5608
    1308.000      -89574.1714
    1309.000      -89746.3163
    1310.000      -89460.1704
    1311.000      -89104.4205
    1312.000      -89533.3516
    1313.000      -89669.0652
    1314.000      -89189.8087
    1315.000      -89326.2681
    1316.000      -89463.1875
    1317.000      -89512.8214
    1318.000      -89372.3644
    1319.000      -89665.1021
    1320.000      -89495.8071
    1321.000      -89917.7426
    1322.000      -89464.7787
    1323.000      -89380.9115
    1324.000      -89564.2428
    1325.000      -89602.1104
    1326.000      -89706.3317
    1327.000      -89550.7228
    1328.000      -89468.0888
    1329.000      -89507.4918
    1330.000      -89691.4325
    1331.000      -89593.3758
    1332.000      -89689.9577
    1333.000      -89792.2486
    1334.000      -89615.3517
    1335.000      -89530.8399
    1336.000      -89617.1099
    1337.000      -89704.4548
    1338.000      -89693.0761
    1339.000      -89571.7856
    1340.000      -89405.8277
    1341.000      -89773.2605
    1342.000      -89590.2706
    1343.000      -89406.1545
    1344.000      -89282.4264
    1345.000      -89604.0482
    1346.000      -89735.3409
    1347.000      -89379.3749
    1348.000      -89308.9060
    1349.000      -89468.6845
    1350.000      -89396.0766
    1351.000      -89354.8615
    1352.000      -89584.3231
    1353.000      -89782.7582
    1354.000      -89597.3618
    1355.000      -89536.7045
    1356.000      -89689.3669
    1357.000      -89820.8572
    1358.000      -89818.3760
    1359.000      -89656.6803
    1360.000      -89646.8196
    1361.000      -89631.1465
    1362.000      -89476.2023
    1363.000      -89717.9535
    1364.000      -89394.0632
    1365.000      -89650.1924
    1366.000      -89601.0494
    1367.000      -89179.5628
    1368.000      -89362.2091
    1369.000      -89526.4135
    1370.000      -89677.3652
    1371.000      -89468.3598
    1372.000      -89505.7645
    1373.000      -89620.2809
    1374.000      -89650.7226
    1375.000      -89506.3342
    1376.000      -89562.7339
    1377.000      -89399.1101
    1378.000      -89573.8860
    1379.000      -89456.0006
    1380.000      -89437.9766
    1381.000      -89398.4477
    1382.000      -89816.8604
    1383.000      -89855.4271
    1384.000      -89506.3019
    1385.000      -89830.2212
    1386.000      -89612.7403
    1387.000      -89488.4301
    1388.000      -89379.6389
    1389.000      -89409.9080
    1390.000      -89174.2032
    1391.000      -89435.0917
    1392.000      -89301.8688
    1393.000      -89405.0057
    1394.000      -89419.4484
    1395.000      -89419.6306
    1396.000      -89487.7560
    1397.000      -89471.9357
    1398.000      -89208.1431
    1399.000      -89289.8767
    1400.000      -89377.9625
    1401.000      -89440.0851
    1402.000      -89467.4215
    1403.000      -89591.9365
    1404.000      -89504.6181
    1405.000      -89687.1720
    1406.000      -89633.6502
    1407.000      -89692.7344
    1408.000      -89896.8621
    1409.000      -89537.7215
    1410.000      -89479.2594
    1411.000      -89422.5608
    1412.000      -89660.9315
    1413.000      -89547.0171
    1414.000      -89647.6349
    1415.000      -89489.1854
    1416.000      -89442.9869
    1417.000      -89570.3481
    1418.000      -89426.6072
    1419.000      -89574.3955
    1420.000      -89688.9996
    1421.000      -89468.4734
    1422.000      -89481.8995
    1423.000      -89630.1721
    1424.000      -89339.5508
    1425.000      -89186.1479
    1426.000      -89251.2869
    1427.000      -89345.0495
    1428.000      -89765.6930
    1429.000      -89493.5715
    1430.000      -89545.5676
    1431.000      -89365.4088
    1432.000      -89480.0549
    1433.000      -89576.4637
    1434.000      -89310.1399
    1435.000      -89389.6351
    1436.000      -89441.0630
    1437.000      -89689.7253
    1438.000      -89703.7018
    1439.000      -89415.7045
    1440.000      -89569.5964
    1441.000      -89543.4756
    1442.000      -89705.3524
    1443.000      -89446.3868
    1444.000      -89514.4015
    1445.000      -89907.9009
    1446.000      -89568.9734
    1447.000      -89779.0755
    1448.000      -89579.9668
    1449.000      -89453.8450
    1450.000      -89442.5190
    1451.000      -89577.5234
    1452.000      -89599.2248
    1453.000      -89662.3165
    1454.000      -89484.4563
    1455.000      -89645.3971
    1456.000      -89545.1523
    1457.000      -89499.1415
    1458.000      -89619.0568
    1459.000      -89567.3060
    1460.000      -89225.9611
    1461.000      -89332.4043
    1462.000      -89424.5443
    1463.000      -89516.6713
    1464.000      -89271.0793
    1465.000      -89420.0623
    1466.000      -89592.4657
    1467.000      -89364.7304
    1468.000      -89509.8414
    1469.000      -89561.5866
    1470.000      -89725.1401
    1471.000      -89426.9509
    1472.000      -89722.0557
    1473.000      -89372.9930
    1474.000      -89412.0822
    1475.000      -89777.8366
    1476.000      -89664.1221
    1477.000      -89903.4183
    1478.000      -89517.0329
    1479.000      -89609.0916
    1480.000      -89606.3637
    1481.000      -89337.4146
    1482.000      -89658.1334
    1483.000      -89566.6909
    1484.000      -89397.3284
    1485.000      -89635.5011
    1486.000      -89564.9566
    1487.000      -89526.7729
    1488.000      -89499.5068
    1489.000      -89390.4920
    1490.000      -89528.7548
    1491.000      -89630.1996
    1492.000      -89328.0122
    1493.000      -89483.3259
    1494.000      -89647.4561
    1495.000      -89201.3234
    1496.000      -89489.3593
    1497.000      -89536.5186
    1498.000      -89593.9505
    1499.000      -89420.9499
    1500.000      -89586.3383
    1501.000      -89295.9367
    1502.000      -89464.7007
    1503.000      -89501.9525
    1504.000      -89506.9295
    1505.000      -89541.8278
    1506.000      -89662.0488
    1507.000      -89640.2804
    1508.000      -89534.3120
    1509.000      -89545.1236
    1510.000      -89498.5944
    1511.000      -89559.1678
    1512.000      -89567.2878
    1513.000      -89513.7610
    1514.000      -89516.2780
    1515.000      -89557.2116
    1516.000      -89522.0881
    1517.000      -89908.7118
    1518.000      -89651.3690
    1519.000      -89556.3638
    1520.000      -89562.7916
    1521.000      -89720.6482
    1522.000      -89608.1159
    1523.000      -89483.1370
    1524.000      -89571.9186
    1525.000      -89793.6139
    1526.000      -89597.4085
    1527.000      -89539.7897
    1528.000      -89533.3588
    1529.000      -89735.4205
    1530.000      -89606.5764
    1531.000      -89508.6989
    1532.000      -89331.2057
    1533.000      -89592.4087
    1534.000      -89457.6868
    1535.000      -89675.2272
    1536.000      -89615.6461
    1537.000      -89728.1788
    1538.000      -89527.4875
    1539.000      -89418.4958
    1540.000      -89580.9092
    1541.000      -89634.8234
    1542.000      -89405.2752
    1543.000      -89233.6174
    1544.000      -89356.3520
    1545.000      -89379.5646
    1546.000      -89330.1054
    1547.000      -89413.6612
    1548.000      -89504.0710
    1549.000      -89654.9475
    1550.000      -89810.3755
    1551.000      -89723.2876
    1552.000      -89512.1349
    1553.000      -89386.4987
    1554.000      -89314.0624
    1555.000      -89517.7323
    1556.000      -89587.9785
    1557.000      -89846.3905
    1558.000      -89324.2489
    1559.000      -89333.2135
    1560.000      -89739.6049
    1561.000      -89607.5878
    1562.000      -89520.1171
    1563.000      -89640.3392
    1564.000      -89566.5847
    1565.000      -89528.4399
    1566.000      -89666.0452
    1567.000      -89541.6499
    1568.000      -89592.6906
    1569.000      -89522.5679
    1570.000      -89642.8962
    1571.000      -89680.5832
    1572.000      -89565.0839
    1573.000      -89353.8298
    1574.000      -89636.6086
    1575.000      -89652.3468
    1576.000      -89555.1831
    1577.000      -89444.7117
    1578.000      -89598.7330
    1579.000      -89350.2544
    1580.000      -89594.3287
    1581.000      -89541.8220
    1582.000      -89683.7927
    1583.000      -89565.0239
    1584.000      -89410.0017
    1585.000      -89797.2567
    1586.000      -89488.7770
    1587.000      -89355.2418
    1588.000      -89770.0441
    1589.000      -89525.0330
    1590.000      -89521.4602
    1591.000      -89592.3309
    1592.000      -89540.9660
    1593.000      -89674.6421
    1594.000      -89615.5474
    1595.000      -89601.5134
    1596.000      -89938.9797
    1597.000      -89478.3769
    1598.000      -89535.0265
    1599.000      -89417.7420
    1600.000      -89739.0502
    1601.000      -89130.6065
    1602.000      -89674.4328
    1603.000      -89797.2693
    1604.000      -89699.4423
    1605.000      -89767.5467
    1606.000      -89555.5542
    1607.000      -89780.0706
    1608.000      -89689.8937
    1609.000      -89468.9445
    1610.000      -89686.9932
    1611.000      -89725.3544
    1612.000      -89801.3276
    1613.000      -89583.6181
    1614.000      -89595.0338
    1615.000      -89445.5147
    1616.000      -89438.6437
    1617.000      -89425.1746
    1618.000      -89540.3942
    1619.000      -89843.8168
    1620.000      -89583.8007
    1621.000      -89445.7442
    1622.000      -89476.8951
    1623.000      -89796.3937
    1624.000      -89827.9348
    1625.000      -89726.9480
    1626.000      -89762.8874
    1627.000      -89576.2899
    1628.000      -89680.5508
    1629.000      -89667.0285
    1630.000      -89489.3459
    1631.000      -89463.8672
    1632.000      -89340.3494
    1633.000      -89855.5274
    1634.000      -89645.1066
    1635.000      -89477.3070
    1636.000      -89766.5195
    1637.000      -89587.3202
    1638.000      -89386.8567
    1639.000      -89519.1404
    1640.000      -89729.0732
    1641.000      -89741.0335
    1642.000      -89740.6816
    1643.000      -89522.9846
    1644.000      -89588.2296
    1645.000      -89565.4809
    1646.000      -89441.1787
    1647.000      -89444.6892
    1648.000      -89524.2669
    1649.000      -89656.1550
    1650.000      -89531.5872
    1651.000      -89711.0461
    1652.000      -89629.5152
    1653.000      -89382.8108
    1654.000      -89541.3034
    1655.000      -89602.2134
    1656.000      -89480.3340
    1657.000      -89461.7757
    1658.000      -89644.9167
    1659.000      -89527.9996
    1660.000      -89544.7956
    1661.000      -89680.1891
    1662.000      -89743.9650
    1663.000      -89399.7752
    1664.000      -89677.0583
    1665.000      -89556.3766
    1666.000      -89819.2293
    1667.000      -89776.0398
    1668.000      -89614.4576
    1669.000      -89392.5005
    1670.000      -89647.3471
    1671.000      -89602.4480
    1672.000      -89663.4470
    1673.000      -89548.9660
    1674.000      -89807.3072
    1675.000      -89623.1273
    1676.000      -89755.5475
    1677.000      -89807.1128
    1678.000      -89803.4902
    1679.000      -89701.5796
    1680.000      -89449.8173
    1681.000      -89618.5863
    1682.000      -89750.1022
    1683.000      -89494.3438
    1684.000      -89710.9872
    1685.000      -89706.9377
    1686.000      -89695.5023
    1687.000      -89721.4766
    1688.000      -89710.1584
    1689.000      -89529.6072
    1690.000      -89487.4498
    1691.000      -89394.2425
    1692.000      -89430.5343
    1693.000      -89307.0339
    1694.000      -89446.7716
    1695.000      -89764.6094
    1696.000      -89603.0042
    1697.000      -89305.4611
    1698.000      -89855.4515
    1699.000      -89659.1000
    1700.000      -89690.9805
    1701.000      -89496.6714
    1702.000      -89601.6054
    1703.000      -89571.8198
    1704.000      -89482.9215
    1705.000      -89893.3572
    1706.000      -89670.7875
    1707.000      -89492.8383
    1708.000      -89505.8350
    1709.000      -89756.5102
    1710.000      -89713.1096
    1711.000      -89430.3815
    1712.000      -89777.7280
    1713.000      -89550.3544
    1714.000      -89726.3584
    1715.000      -89371.9184
    1716.000      -89647.7088
    1717.000      -89687.6335
    1718.000      -89797.6191
    1719.000      -89776.8313
    1720.000      -89794.4221
    1721.000      -89598.9177
    1722.000      -89530.6702
    1723.000      -89681.8855
    1724.000      -89608.6935
    1725.000      -89597.2069
    1726.000      -89734.9485
    1727.000      -89753.1811
    1728.000      -89606.2662
    1729.000      -89553.0428
    1730.000      -89699.0336
    1731.000      -89849.7596
    1732.000      -89663.8411
    1733.000      -89791.7376
    1734.000      -89232.4938
    1735.000      -89100.3818
    1736.000      -89611.3915
    1737.000      -89648.7739
    1738.000      -89640.7515
    1739.000      -89393.4690
    1740.000      -89791.6087
    1741.000      -89494.4760
    1742.000      -89575.5629
    1743.000      -89624.8735
    1744.000      -89722.6740
    1745.000      -89422.3565
    1746.000      -89534.6751
    1747.000      -89659.4247
    1748.000      -89456.9047
    1749.000      -89713.8015
    1750.000      -89657.7810
    1751.000      -89409.4325
    1752.000      -89480.7997
    1753.000      -89288.4648
    1754.000      -89721.9422
    1755.000      -89623.4749
    1756.000      -89611.4093
    1757.000      -89704.0552
    1758.000      -89545.0464
    1759.000      -89753.9150
    1760.000      -89695.8156
    1761.000      -89776.0164
    1762.000      -89849.4348
    1763.000      -89785.9450
    1764.000      -89649.7697
    1765.000      -89626.0327
    1766.000      -89714.4834
    1767.000      -90004.7262
    1768.000      -89567.2094
    1769.000      -89860.7882
    1770.000      -89347.5336
    1771.000      -89717.9473
    1772.000      -89480.1665
    1773.000      -89460.9506
    1774.000      -89735.7326
    1775.000      -89646.4684
    1776.000      -89600.1490
    1777.000      -89621.6766
    1778.000      -89609.7049
    1779.000      -89796.7612
    1780.000      -89557.7890
    1781.000      -89901.3878
    1782.000      -89798.2607
    1783.000      -89671.6840
    1784.000      -89946.4671
    1785.000      -89809.4480
    1786.000      -89627.1518
    1787.000      -89884.4521
    1788.000      -89825.6405
    1789.000      -89544.2304
    1790.000      -89573.3284
    1791.000      -89826.0773
    1792.000      -89889.0823
    1793.000      -89847.2278
    1794.000      -89648.2085
    1795.000      -89787.7131
    1796.000      -89592.3756
    1797.000      -89721.0565
    1798.000      -89632.3095
    1799.000      -89631.9231
    1800.000      -89503.4259
    1801.000      -89396.7502
    1802.000      -89513.0389
    1803.000      -89626.9282
    1804.000      -89690.2281
    1805.000      -89441.6635
    1806.000      -89693.4732
    1807.000      -89776.3571
    1808.000      -89615.7005
    1809.000      -89785.0931
    1810.000      -89918.1601
    1811.000      -89830.2921
    1812.000      -89556.3504
    1813.000      -89407.4198
    1814.000      -89990.6854
    1815.000      -89706.4780
    1816.000      -89791.6044
    1817.000      -89649.8184
    1818.000      -89720.0725
    1819.000      -89608.7505
    1820.000      -89526.4717
    1821.000      -89692.9911
    1822.000      -89833.8810
    1823.000      -89772.8809
    1824.000      -89661.7644
    1825.000      -89943.4976
    1826.000      -89650.7935
    1827.000      -89784.1917
    1828.000      -89451.9836
    1829.000      -89824.4424
    1830.000      -89637.4862
    1831.000      -89724.1430
    1832.000      -89586.7865
    1833.000      -89534.3702
    1834.000      -89583.9993
    1835.000      -89728.7423
    1836.000      -89587.8288
    1837.000      -89592.3288
    1838.000      -89612.2262
    1839.000      -89844.9621
    1840.000      -89738.2495
    1841.000      -89604.6438
    1842.000      -89676.8711
    1843.000      -89655.1215
    1844.000      -89688.6446
    1845.000      -89625.5444
    1846.000      -89759.8996
    1847.000      -89708.1151
    1848.000      -89762.7905
    1849.000      -89692.5077
    1850.000      -89732.2225
    1851.000      -89749.8662
    1852.000      -89608.8268
    1853.000      -89604.9667
    1854.000      -89764.1336
    1855.000      -89996.0321
    1856.000      -89868.9525
    1857.000      -89582.6990
    1858.000      -89778.9677
    1859.000      -89773.6194
    1860.000      -89939.6900
    1861.000      -89619.7503
    1862.000      -89556.7461
    1863.000      -89730.8064
    1864.000      -89612.6476
    1865.000      -89762.6794
    1866.000      -89677.4299
    1867.000      -89615.7391
    1868.000      -89831.3135
    1869.000      -89665.4148
    1870.000      -89612.8096
    1871.000      -89532.8293
    1872.000      -89849.6455
    1873.000      -89457.2991
    1874.000      -89688.4497
    1875.000      -89601.9207
    1876.000      -89641.3180
    1877.000      -89568.8133
    1878.000      -89459.2469
    1879.000      -89414.4995
    1880.000      -89611.7342
    1881.000      -89522.4022
    1882.000      -89379.4700
    1883.000      -89424.1378
    1884.000      -89367.4580
    1885.000      -89783.0537
    1886.000      -89670.5406
    1887.000      -89828.9836
    1888.000      -89578.7584
    1889.000      -89674.8700
    1890.000      -89665.2352
    1891.000      -89683.0489
    1892.000      -89626.5699
    1893.000      -89684.5273
    1894.000      -89715.1111
    1895.000      -89494.7507
    1896.000      -89392.7346
    1897.000      -89597.9592
    1898.000      -89586.0204
    1899.000      -89781.8421
    1900.000      -89736.2394
    1901.000      -89560.6958
    1902.000      -89663.6940
    1903.000      -89491.7059
    1904.000      -89572.7763
    1905.000      -89581.1217
    1906.000      -89786.1650
    1907.000      -89700.7999
    1908.000      -89817.9549
    1909.000      -89856.0992
    1910.000      -89639.9770
    1911.000      -89616.9871
    1912.000      -89574.7025
    1913.000      -89398.6613
    1914.000      -89703.1344
    1915.000      -89644.6196
    1916.000      -89454.6207
    1917.000      -90052.5221
    1918.000      -89435.0509
    1919.000      -89582.3876
    1920.000      -89700.7207
    1921.000      -89988.2975
    1922.000      -89345.9842
    1923.000      -89383.6762
    1924.000      -89371.8262
    1925.000      -89604.1999
    1926.000      -89759.0000
    1927.000      -89743.5032
    1928.000      -89764.3567
    1929.000      -89461.9433
    1930.000      -89665.3778
    1931.000      -89826.0533
    1932.000      -89562.1346
    1933.000      -89773.7393
    1934.000      -89711.0116
    1935.000      -89625.0281
    1936.000      -89951.0892
    1937.000      -89517.7892
    1938.000      -89409.3142
    1939.000      -89331.7990
    1940.000      -89930.4950
    1941.000      -89749.7511
    1942.000      -89568.3102
    1943.000      -89628.5410
    1944.000      -89872.6552
    1945.000      -89775.3745
    1946.000      -89781.0024
    1947.000      -89588.3067
    1948.000      -89420.7444
    1949.000      -89282.6381
    1950.000      -89846.7896
    1951.000      -89631.4920
    1952.000      -89490.0668
    1953.000      -89685.0887
    1954.000      -89666.9616
    1955.000      -89810.2319
    1956.000      -89650.7867
    1957.000      -89840.2916
    1958.000      -89392.4029
    1959.000      -89799.4556
    1960.000      -89703.0068
    1961.000      -89339.2621
    1962.000      -89717.7773
    1963.000      -89554.6606
    1964.000      -89658.1260
    1965.000      -89474.9897
    1966.000      -89560.8982
    1967.000      -89470.7566
    1968.000      -89754.2057
    1969.000      -89517.6933
    1970.000      -89700.4894
    1971.000      -89749.4156
    1972.000      -89795.8645
    1973.000      -89915.3507
    1974.000      -89462.7345
    1975.000      -89621.2492
    1976.000      -89585.3343
    1977.000      -89919.1812
    1978.000      -89508.6368
    1979.000      -89697.6132
    1980.000      -89980.5363
    1981.000      -89701.1707
    1982.000      -89584.6558
    1983.000      -89740.2096
    1984.000      -89729.0982
    1985.000      -89576.6841
    1986.000      -89699.0648
    1987.000      -89834.3461
    1988.000      -89591.3551
    1989.000      -89623.9192
    1990.000      -89842.8333
    1991.000      -89689.3643
    1992.000      -89620.1905
    1993.000      -89764.1097
    1994.000      -89531.1484
    1995.000      -89848.3481
    1996.000      -89950.1952
    1997.000      -89562.6807
    1998.000      -89646.7314
    1999.000      -89600.5412
    2000.000      -89898.6021
    2001.000      -89493.7879
    2002.000      -89620.6703
    2003.000      -89789.4173
    2004.000      -89925.4841
    2005.000      -89816.5004
    2006.000      -89596.8492
    2007.000      -89829.8653
    2008.000      -89621.9618
    2009.000      -89684.0309
    2010.000      -89556.4465
    2011.000      -89648.0765
    2012.000      -89606.3787
    2013.000      -89855.5009
    2014.000      -89819.6439
    2015.000      -89727.0268
    2016.000      -89892.8691
    2017.000      -89861.0167
    2018.000      -89392.2545
    2019.000      -89923.2280
    2020.000      -89542.0492
    2021.000      -89540.7656
    2022.000      -89827.8794
    2023.000      -89772.5654
    2024.000      -89623.1483
    2025.000      -89619.4934
    2026.000      -89878.3730
    2027.000      -89663.1878
    2028.000      -89682.5380
    2029.000      -89554.3514
    2030.000      -89575.8861
    2031.000      -89757.6260
    2032.000      -89575.3207
    2033.000      -89546.2973
    2034.000      -89622.0650
    2035.000      -89549.1234
    2036.000      -89574.6706
    2037.000      -89530.4610
    2038.000      -89632.9741
    2039.000      -89587.5296
    2040.000      -89596.8308
    2041.000      -89640.9978
    2042.000      -89736.1573
    2043.000      -89894.3847
    2044.000      -89761.9068
    2045.000      -89844.4070
    2046.000      -89665.5612
    2047.000      -89829.7762
    2048.000      -89844.8205
    2049.000      -89710.0105
    2050.000      -89402.1815
    2051.000      -89816.1437
    2052.000      -89733.3274
    2053.000      -89433.4237
    2054.000      -89697.3515
    2055.000      -89822.5810
    2056.000      -89920.1920
    2057.000      -89522.9185
    2058.000      -89719.5631
    2059.000      -89571.5896
    2060.000      -89747.6654
    2061.000      -89842.7198
    2062.000      -89704.0432
    2063.000      -89691.7037
    2064.000      -89778.4463
    2065.000      -89680.3600
    2066.000      -89583.1745
    2067.000      -89654.5422
    2068.000      -89696.6302
    2069.000      -89937.2141
    2070.000      -89717.9101
    2071.000      -89882.0605
    2072.000      -89962.8906
    2073.000      -89890.7933
    2074.000      -89825.2208
    2075.000      -89941.3230
    2076.000      -89777.0799
    2077.000      -89685.4768
    2078.000      -89766.3960
    2079.000      -89671.7812
    2080.000      -89798.8662
    2081.000      -89776.5586
    2082.000      -89589.5019
    2083.000      -89865.1085
    2084.000      -89669.0383
    2085.000      -89863.9118
    2086.000      -89765.0311
    2087.000      -89762.5903
    2088.000      -89569.4944
    2089.000      -89858.1710
    2090.000      -89891.6191
    2091.000      -89546.5249
    2092.000      -89480.2624
    2093.000      -89586.5140
    2094.000      -89806.4648
    2095.000      -89580.5332
    2096.000      -89846.0456
    2097.000      -89820.6991
    2098.000      -89762.4653
    2099.000      -89964.3813
    2100.000      -89763.4701
    2101.000      -89739.3523
    2102.000      -89689.5116
    2103.000      -89643.7263
    2104.000      -89714.3192
    2105.000      -89814.7153
    2106.000      -89991.2821
    2107.000      -89643.1344
    2108.000      -89564.3082
    2109.000      -89867.7738
    2110.000      -89561.6727
    2111.000      -89694.3026
    2112.000      -89487.4457
    2113.000      -89734.9851
    2114.000      -89668.8309
    2115.000      -89581.1331
    2116.000      -89718.0110
    2117.000      -89578.4908
    2118.000      -89745.0468
    2119.000      -89606.7452
    2120.000      -89793.2160
    2121.000      -89702.1195
    2122.000      -89727.2978
    2123.000      -89830.8327
    2124.000      -89709.3033
    2125.000      -89728.2282
    2126.000      -89617.3949
    2127.000      -89447.5126
    2128.000      -89734.8274
    2129.000      -89747.3093
    2130.000      -89719.9450
    2131.000      -89893.3533
    2132.000      -89762.1275
    2133.000      -89791.4612
    2134.000      -89718.1927
    2135.000      -89539.7461
    2136.000      -89801.5781
    2137.000      -89532.0164
    2138.000      -89826.6637
    2139.000      -89723.3211
    2140.000      -89642.3934
    2141.000      -89810.2264
    2142.000      -89653.4028
    2143.000      -89709.2836
    2144.000      -89393.9737
    2145.000      -90008.6628
    2146.000      -89597.7707
    2147.000      -89816.6626
    2148.000      -89753.2356
    2149.000      -89823.8416
    2150.000      -89837.5806
    2151.000      -89902.3566
    2152.000      -89687.1531
    2153.000      -89880.9802
    2154.000      -89718.6382
    2155.000      -89759.2362
    2156.000      -89840.5760
    2157.000      -89859.4265
    2158.000      -89840.6809
    2159.000      -89686.8471
    2160.000      -89737.8864
    2161.000      -89600.6718
    2162.000      -89702.9455
    2163.000      -89795.0061
    2164.000      -89534.3635
    2165.000      -89473.8229
    2166.000      -89689.5179
    2167.000      -89712.2321
    2168.000      -89804.8121
    2169.000      -90051.1260
    2170.000      -90094.1988
    2171.000      -89805.0456
    2172.000      -89788.9653
    2173.000      -89752.7495
    2174.000      -89819.5344
    2175.000      -89707.7392
    2176.000      -89777.5534
    2177.000      -89793.4438
    2178.000      -89863.7765
    2179.000      -89725.5549
    2180.000      -89874.1321
    2181.000      -89836.9577
    2182.000      -89798.9989
    2183.000      -89810.9971
    2184.000      -89948.7856
    2185.000      -89945.6906
    2186.000      -89719.3624
    2187.000      -89994.3077
    2188.000      -89693.6927
    2189.000      -89658.2418
    2190.000      -89641.2489
    2191.000      -89484.9573
    2192.000      -89768.0027
    2193.000      -89681.0280
    2194.000      -89851.9683
    2195.000      -89522.9032
    2196.000      -89778.7470
    2197.000      -89451.0647
    2198.000      -89609.2849
    2199.000      -89741.9798
    2200.000      -89873.8518
    2201.000      -89783.3847
    2202.000      -89716.9296
    2203.000      -89899.2995
    2204.000      -89705.2874
    2205.000      -89536.9593
    2206.000      -89838.5398
    2207.000      -89766.4747
    2208.000      -89453.3536
    2209.000      -89683.2692
    2210.000      -89549.1803
    2211.000      -89518.6900
    2212.000      -89594.7695
    2213.000      -89615.7754
    2214.000      -89521.6820
    2215.000      -89670.3438
    2216.000      -89487.3097
    2217.000      -89560.5260
    2218.000      -89725.7706
    2219.000      -89912.3592
    2220.000      -89534.3570
    2221.000      -89401.7938
    2222.000      -89693.2731
    2223.000      -89571.6484
    2224.000      -89768.6855
    2225.000      -89708.9433
    2226.000      -89917.5920
    2227.000      -89498.1343
    2228.000      -89718.2240
    2229.000      -89667.2237
    2230.000      -89781.8104
    2231.000      -89615.5129
    2232.000      -89674.4414
    2233.000      -89753.9185
    2234.000      -89777.6268
    2235.000      -89493.9055
    2236.000      -89930.1877
    2237.000      -89906.4791
    2238.000      -89822.2410
    2239.000      -89650.0467
    2240.000      -89625.5175
    2241.000      -89797.1274
    2242.000      -89510.8460
    2243.000      -89874.8909
    2244.000      -89898.3583
    2245.000      -89460.3443
    2246.000      -89323.1650
    2247.000      -89646.5317
    2248.000      -89913.1498
    2249.000      -89761.0996
    2250.000      -89621.5888
    2251.000      -89765.7190
    2252.000      -89699.8652
    2253.000      -89827.8228
    2254.000      -89762.4306
    2255.000      -89713.8119
    2256.000      -89721.4473
    2257.000      -89890.1600
    2258.000      -89621.5714
    2259.000      -89543.0143
    2260.000      -89590.2336
    2261.000      -89823.7460
    2262.000      -89726.3138
    2263.000      -89697.2284
    2264.000      -89886.0183
    2265.000      -90270.6075
    2266.000      -89744.6424
    2267.000      -90106.2895
    2268.000      -90126.1543
    2269.000      -89627.8523
    2270.000      -90013.6613
    2271.000      -89627.5908
    2272.000      -89885.4447
    2273.000      -89703.6192
    2274.000      -89843.6713
    2275.000      -89819.4634
    2276.000      -89824.7019
    2277.000      -89835.0746
    2278.000      -90004.2684
    2279.000      -89837.2788
    2280.000      -89882.7061
    2281.000      -89862.5318
    2282.000      -89882.3702
    2283.000      -89804.7256
    2284.000      -89551.6227
    2285.000      -89847.2495
    2286.000      -90007.1094
    2287.000      -89843.6571
    2288.000      -89918.4723
    2289.000      -89657.2025
    2290.000      -89985.0534
    2291.000      -89717.3640
    2292.000      -90000.5306
    2293.000      -89858.7215
    2294.000      -90057.5466
    2295.000      -89771.8928
    2296.000      -89769.5396
    2297.000      -89960.5019
    2298.000      -89529.7720
    2299.000      -89657.5738
    2300.000      -89748.4161
    2301.000      -89755.9107
    2302.000      -89653.8621
    2303.000      -89992.0575
    2304.000      -89853.6160
    2305.000      -89799.5548
    2306.000      -89614.7345
    2307.000      -89786.4581
    2308.000      -90201.9300
    2309.000      -89860.9766
    2310.000      -89658.9604
    2311.000      -89797.7295
    2312.000      -89804.4999
    2313.000      -89681.1932
    2314.000      -89890.1096
    2315.000      -89724.1774
    2316.000      -89771.1720
    2317.000      -89627.2512
    2318.000      -89767.0473
    2319.000      -89425.6126
    2320.000      -89618.7555
    2321.000      -89556.4792
    2322.000      -89839.7090
    2323.000      -89596.0207
    2324.000      -89657.2063
    2325.000      -89906.2596
    2326.000      -89659.2630
    2327.000      -89762.9424
    2328.000      -89688.5798
    2329.000      -89884.9245
    2330.000      -89731.4079
    2331.000      -89597.8985
    2332.000      -89649.4622
    2333.000      -90008.4259
    2334.000      -89769.5267
    2335.000      -89637.8889
    2336.000      -89791.1101
    2337.000      -89678.5168
    2338.000      -89437.4328
    2339.000      -89523.7089
    2340.000      -89835.1021
    2341.000      -89817.1022
    2342.000      -89674.1942
    2343.000      -90044.1946
    2344.000      -89585.9782
    2345.000      -89833.5716
    2346.000      -90029.5431
    2347.000      -89855.1267
    2348.000      -89867.3401
    2349.000      -89816.1675
    2350.000      -89907.4966
    2351.000      -89901.7335
    2352.000      -89788.6312
    2353.000      -89869.2673
    2354.000      -90015.2068
    2355.000      -89752.2178
    2356.000      -89685.6019
    2357.000      -89972.8268
    2358.000      -89877.3286
    2359.000      -89718.3668
    2360.000      -89858.8770
    2361.000      -89696.7765
    2362.000      -89576.8016
    2363.000      -89797.6594
    2364.000      -89712.0209
    2365.000      -89787.1807
    2366.000      -89509.4697
    2367.000      -89876.6908
    2368.000      -89876.8563
    2369.000      -89804.6393
    2370.000      -89735.2709
    2371.000      -89692.7816
    2372.000      -89676.4199
    2373.000      -89580.8367
    2374.000      -90008.1727
    2375.000      -89732.6019
    2376.000      -89842.6286
    2377.000      -89843.3579
    2378.000      -89691.3737
    2379.000      -89933.3232
    2380.000      -89761.7036
    2381.000      -89918.0887
    2382.000      -89799.9922
    2383.000      -90071.3726
    2384.000      -89741.5223
    2385.000      -89859.8999
    2386.000      -89749.8108
    2387.000      -89613.3426
    2388.000      -89810.2617
    2389.000      -89730.3530
    2390.000      -89629.8424
    2391.000      -89734.6895
    2392.000      -89833.1303
    2393.000      -89733.3971
    2394.000      -89888.3902
    2395.000      -89759.3269
    2396.000      -89656.6554
    2397.000      -89565.0696
    2398.000      -89772.8512
    2399.000      -89743.4897
    2400.000      -89788.0978
    2401.000      -89613.5392
    2402.000      -89865.3409
    2403.000      -89677.8558
    2404.000      -89661.3095
    2405.000      -89857.8203
    2406.000      -89893.3719
    2407.000      -89737.1409
    2408.000      -89732.3147
    2409.000      -89762.6498
    2410.000      -89760.7589
    2411.000      -89666.2056
    2412.000      -89566.4041
    2413.000      -89662.1573
    2414.000      -89874.6628
    2415.000      -90018.2422
    2416.000      -89962.8750
    2417.000      -89889.7150
    2418.000      -89795.5727
    2419.000      -89583.8248
    2420.000      -89649.6118
    2421.000      -89944.0770
    2422.000      -89713.5699
    2423.000      -89733.6474
    2424.000      -90000.7025
    2425.000      -89772.7362
    2426.000      -89818.8611
    2427.000      -89726.2489
    2428.000      -89763.7393
    2429.000      -89760.7954
    2430.000      -89849.7266
    2431.000      -89671.7081
    2432.000      -89638.7948
    2433.000      -89852.1619
    2434.000      -89721.0785
    2435.000      -89648.3968
    2436.000      -89861.4441
    2437.000      -89958.1665
    2438.000      -89586.9113
    2439.000      -89744.7428
    2440.000      -89674.9220
    2441.000      -89693.8175
    2442.000      -89626.7227
    2443.000      -89515.8784
    2444.000      -89783.3333
    2445.000      -89910.1117
    2446.000      -89867.2354
    2447.000      -89799.5488
    2448.000      -89714.6813
    2449.000      -89714.2210
    2450.000      -89817.8743
    2451.000      -89753.2223
    2452.000      -89575.2719
    2453.000      -89771.8268
    2454.000      -89753.6520
    2455.000      -89555.5976
    2456.000      -89725.6792
    2457.000      -89812.4621
    2458.000      -89724.2341
    2459.000      -89621.6501
    2460.000      -89869.8331
    2461.000      -89779.6153
    2462.000      -89777.1568
    2463.000      -89555.9536
    2464.000      -89680.3116
    2465.000      -89576.3463
    2466.000      -89742.1341
    2467.000      -89879.9282
    2468.000      -89795.1736
    2469.000      -89717.5106
    2470.000      -89638.0042
    2471.000      -89715.5378
    2472.000      -89805.2665
    2473.000      -89857.1917
    2474.000      -89581.3419
    2475.000      -89899.2536
    2476.000      -89730.2409
    2477.000      -89738.2397
    2478.000      -89739.3124
    2479.000      -89718.5068
    2480.000      -89554.3758
    2481.000      -89823.9754
    2482.000      -89578.9597
    2483.000      -89725.3723
    2484.000      -89940.8751
    2485.000      -89935.1919
    2486.000      -89742.0210
    2487.000      -89549.0437
    2488.000      -89671.4181
    2489.000      -89792.1395
    2490.000      -89757.9684
    2491.000      -89440.1181
    2492.000      -89680.1380
    2493.000      -89831.2232
    2494.000      -89874.6487
    2495.000      -90057.3412
    2496.000      -89850.4937
    2497.000      -89641.9284
    2498.000      -89659.8615
    2499.000      -89912.7707
    2500.000      -89736.3581
    2501.000      -89595.7979
    2502.000      -89572.4006
    2503.000      -89431.4868
    2504.000      -89481.4289
    2505.000      -89754.6695
    2506.000      -89836.8625
    2507.000      -89764.3110
    2508.000      -89881.4643
    2509.000      -89563.7312
    2510.000      -89775.3206
    2511.000      -90081.1478
    2512.000      -89795.3152
    2513.000      -89810.9346
    2514.000      -89529.6624
    2515.000      -89733.1171
    2516.000      -89726.5364
    2517.000      -89526.0512
    2518.000      -89803.9879
    2519.000      -89745.9628
    2520.000      -89943.3286
    2521.000      -89797.1232
    2522.000      -89885.7392
    2523.000      -89981.7630
    2524.000      -89655.7955
    2525.000      -89896.2648
    2526.000      -89823.8602
    2527.000      -89847.5532
    2528.000      -89611.3961
    2529.000      -89801.0952
    2530.000      -89711.0610
    2531.000      -89646.0081
    2532.000      -89717.8473
    2533.000      -89610.3684
    2534.000      -89584.9455
    2535.000      -89933.6110
    2536.000      -89792.0677
    2537.000      -89948.7747
    2538.000      -89989.5897
    2539.000      -89911.0214
    2540.000      -89925.5255
    2541.000      -89839.7004
    2542.000      -89828.7686
    2543.000      -89894.1414
    2544.000      -89761.4463
    2545.000      -89937.2280
    2546.000      -89782.2788
    2547.000      -89853.2412
    2548.000      -89888.0031
    2549.000      -89546.5447
    2550.000      -89799.7509
    2551.000      -89554.6122
    2552.000      -89693.4353
    2553.000      -89557.2658
    2554.000      -89608.9714
    2555.000      -89818.5900
    2556.000      -89530.7820
    2557.000      -89866.5820
    2558.000      -89529.4508
    2559.000      -89585.7055
    2560.000      -89972.3890
    2561.000      -89517.9409
    2562.000      -89796.3258
    2563.000      -89630.6214
    2564.000      -90139.8263
    2565.000      -89677.4092
    2566.000      -89795.3745
    2567.000      -89799.9143
    2568.000      -89659.5168
    2569.000      -89754.5461
    2570.000      -89920.8657
    2571.000      -89608.8695
    2572.000      -89594.7781
    2573.000      -90013.7049
    2574.000      -89708.4776
    2575.000      -89822.4714
    2576.000      -89698.1052
    2577.000      -89772.0204
    2578.000      -89867.9969
    2579.000      -89956.0485
    2580.000      -89708.0232
    2581.000      -89571.3273
    2582.000      -89548.0070
    2583.000      -89673.7993
    2584.000      -89604.9052
    2585.000      -89967.4031
    2586.000      -89699.7212
    2587.000      -89917.6682
    2588.000      -89764.4238
    2589.000      -89777.5444
    2590.000      -89801.2562
    2591.000      -89716.9408
    2592.000      -89764.3899
    2593.000      -89654.8108
    2594.000      -89302.2822
    2595.000      -89739.1979
    2596.000      -89842.9795
    2597.000      -89760.3450
    2598.000      -89730.6413
    2599.000      -89689.8204
    2600.000      -89636.2191
    2601.000      -89604.5740
    2602.000      -89690.8223
    2603.000      -89712.8150
    2604.000      -89815.5950
    2605.000      -89776.7245
    2606.000      -89939.5192
    2607.000      -89662.8422
    2608.000      -89967.9735
    2609.000      -89762.2168
    2610.000      -89808.6242
    2611.000      -89790.2448
    2612.000      -89701.9115
    2613.000      -89917.6588
    2614.000      -89672.1927
    2615.000      -89908.7869
    2616.000      -89686.3766
    2617.000      -89676.5559
    2618.000      -89722.4367
    2619.000      -89693.7433
    2620.000      -89661.3166
    2621.000      -89718.7209
    2622.000      -89735.1610
    2623.000      -89843.2360
    2624.000      -89713.0733
    2625.000      -89845.1522
    2626.000      -89783.6905
    2627.000      -89576.8062
    2628.000      -89702.8853
    2629.000      -89748.3420
    2630.000      -89790.7424
    2631.000      -89693.2848
    2632.000      -89948.6014
    2633.000      -89844.6418
    2634.000      -89530.3967
    2635.000      -89925.1960
    2636.000      -89900.6589
    2637.000      -89805.3786
    2638.000      -89863.1682
    2639.000      -89889.6567
    2640.000      -89709.9670
    2641.000      -89877.0514
    2642.000      -89891.1958
    2643.000      -89650.4343
    2644.000      -89943.1130
    2645.000      -89850.8608
    2646.000      -89967.5918
    2647.000      -89812.2017
    2648.000      -89878.3812
    2649.000      -89839.3040
    2650.000      -89934.3998
    2651.000      -89690.3890
    2652.000      -89650.7016
    2653.000      -89567.5342
    2654.000      -89721.4380
    2655.000      -90071.8498
    2656.000      -89820.4183
    2657.000      -89760.5805
    2658.000      -89840.1185
    2659.000      -89751.0146
    2660.000      -89893.2362
    2661.000      -89924.7990
    2662.000      -89832.0475
    2663.000      -89785.2241
    2664.000      -89653.8012
    2665.000      -89615.4036
    2666.000      -90091.6682
    2667.000      -89809.7640
    2668.000      -89855.9021
    2669.000      -89855.7876
    2670.000      -90156.1520
    2671.000      -89578.1175
    2672.000      -89516.8139
    2673.000      -89738.1994
    2674.000      -89835.5827
    2675.000      -89765.4603
    2676.000      -89857.2680
    2677.000      -89550.8611
    2678.000      -89706.5865
    2679.000      -89704.5214
    2680.000      -89711.9747
    2681.000      -90076.0670
    2682.000      -89791.7047
    2683.000      -89394.0233
    2684.000      -89750.1643
    2685.000      -89879.6639
    2686.000      -89877.6488
    2687.000      -89877.8764
    2688.000      -89567.2090
    2689.000      -89875.0806
    2690.000      -90085.8806
    2691.000      -90030.0984
    2692.000      -90037.5658
    2693.000      -89908.4932
    2694.000      -89689.3924
    2695.000      -89797.5759
    2696.000      -90033.2973
    2697.000      -89790.3686
    2698.000      -89752.4821
    2699.000      -89677.6846
    2700.000      -89796.7038
    2701.000      -89742.2202
    2702.000      -89427.8142
    2703.000      -89525.6521
    2704.000      -89701.3475
    2705.000      -90023.9673
    2706.000      -89619.0748
    2707.000      -89843.0334
    2708.000      -89727.8114
    2709.000      -89512.4975
    2710.000      -89748.2803
    2711.000      -89686.0573
    2712.000      -89759.8483
    2713.000      -90095.5978
    2714.000      -89893.5829
    2715.000      -89923.6271
    2716.000      -89700.2271
    2717.000      -89816.1122
    2718.000      -89773.9802
    2719.000      -89988.2309
    2720.000      -89793.4659
    2721.000      -89836.5270
    2722.000      -89602.9190
    2723.000      -89761.5907
    2724.000      -89832.7944
    2725.000      -89873.7571
    2726.000      -89925.0450
    2727.000      -89888.3194
    2728.000      -89916.7480
    2729.000      -89624.9219
    2730.000      -89838.1077
    2731.000      -89862.7451
    2732.000      -89977.1355
    2733.000      -89459.1087
    2734.000      -89553.6995
    2735.000      -89594.9308
    2736.000      -89505.6406
    2737.000      -89704.6690
    2738.000      -90020.6995
    2739.000      -90006.3983
    2740.000      -89709.2414
    2741.000      -89826.7416
    2742.000      -89596.8868
    2743.000      -89697.4246
    2744.000      -89702.6924
    2745.000      -89588.1671
    2746.000      -89714.2806
    2747.000      -89866.3210
    2748.000      -89970.5019
    2749.000      -89879.9777
    2750.000      -89823.5653
    2751.000      -89607.9407
    2752.000      -89803.9965
    2753.000      -89453.0784
    2754.000      -89516.4663
    2755.000      -90037.0779
    2756.000      -89599.8576
    2757.000      -89910.0493
    2758.000      -89583.0506
    2759.000      -89680.3911
    2760.000      -89811.9550
    2761.000      -89849.8093
    2762.000      -89637.6107
    2763.000      -89820.3673
    2764.000      -89831.0951
    2765.000      -89791.4834
    2766.000      -89814.5191
    2767.000      -89744.6221
    2768.000      -89748.2045
    2769.000      -89944.2455
    2770.000      -89745.1918
    2771.000      -89874.5336
    2772.000      -89925.3826
    2773.000      -89931.9012
    2774.000      -89782.7278
    2775.000      -89675.5881
    2776.000      -89763.5255
    2777.000      -89756.8417
    2778.000      -89701.6798
    2779.000      -89841.0872
    2780.000      -90120.6786
    2781.000      -90039.1574
    2782.000      -89904.2769
    2783.000      -89714.9082
    2784.000      -89905.7174
    2785.000      -89671.5580
    2786.000      -89508.3727
    2787.000      -89876.5183
    2788.000      -89843.6880
    2789.000      -89874.0329
    2790.000      -90106.0735
    2791.000      -89832.8178
    2792.000      -90232.6302
    2793.000      -89682.7477
    2794.000      -90022.4026
    2795.000      -89585.4180
    2796.000      -89735.2611
    2797.000      -89820.1121
    2798.000      -89731.4212
    2799.000      -89856.4201
    2800.000      -89969.5370
    2801.000      -89892.6182
    2802.000      -89755.7403
    2803.000      -89718.5595
    2804.000      -89950.2225
    2805.000      -89895.6111
    2806.000      -90073.4916
    2807.000      -89818.7127
    2808.000      -89723.2144
    2809.000      -89644.2976
    2810.000      -89872.2352
    2811.000      -89959.5217
    2812.000      -89737.4990
    2813.000      -89512.8680
    2814.000      -89804.6255
    2815.000      -89653.5999
    2816.000      -89763.2892
    2817.000      -89735.3048
    2818.000      -89830.7117
    2819.000      -89743.4865
    2820.000      -89938.4269
    2821.000      -89793.0529
    2822.000      -90051.0783
    2823.000      -89869.6368
    2824.000      -89749.9397
    2825.000      -89786.3275
    2826.000      -89897.6037
    2827.000      -89722.2203
    2828.000      -89689.8783
    2829.000      -89765.4409
    2830.000      -89535.3765
    2831.000      -89831.3542
    2832.000      -89644.7213
    2833.000      -89703.2308
    2834.000      -89861.2239
    2835.000      -89557.8863
    2836.000      -89686.9400
    2837.000      -89857.2824
    2838.000      -89727.0487
    2839.000      -89725.9595
    2840.000      -89803.8399
    2841.000      -89698.2300
    2842.000      -89517.2794
    2843.000      -89572.7878
    2844.000      -89635.9155
    2845.000      -89893.5887
    2846.000      -89914.2249
    2847.000      -89772.5749
    2848.000      -89631.3849
    2849.000      -89707.9185
    2850.000      -89632.5249
    2851.000      -89718.4989
    2852.000      -89890.6414
    2853.000      -89701.2418
    2854.000      -89667.7555
    2855.000      -89635.6457
    2856.000      -89846.6470
    2857.000      -89792.4155
    2858.000      -89832.8192
    2859.000      -89941.2202
    2860.000      -89667.7914
    2861.000      -90041.3060
    2862.000      -89926.6331
    2863.000      -89933.8834
    2864.000      -89627.0512
    2865.000      -89624.4341
    2866.000      -89926.9393
    2867.000      -89753.6981
    2868.000      -89838.7739
    2869.000      -89884.2431
    2870.000      -89838.4400
    2871.000      -89606.8322
    2872.000      -89681.4094
    2873.000      -89617.5406
    2874.000      -90269.3845
    2875.000      -89836.3611
    2876.000      -89864.9059
    2877.000      -89751.1606
    2878.000      -89696.0553
    2879.000      -89791.6266
    2880.000      -89943.9050
    2881.000      -89921.9699
    2882.000      -89755.7983
    2883.000      -89657.0921
    2884.000      -89757.3844
    2885.000      -89863.0519
    2886.000      -89679.4866
    2887.000      -89885.3302
    2888.000      -89802.1959
    2889.000      -89619.1931
    2890.000      -89428.9731
    2891.000      -89741.4420
    2892.000      -89659.9343
    2893.000      -89760.2577
    2894.000      -89766.9602
    2895.000      -89635.0890
    2896.000      -89871.9083
    2897.000      -89524.1210
    2898.000      -89806.2053
    2899.000      -89750.0177
    2900.000      -89685.7440
    2901.000      -89548.5690
    2902.000      -89770.6171
    2903.000      -89572.2193
    2904.000      -89810.9437
    2905.000      -90062.3730
    2906.000      -89898.9682
    2907.000      -89618.5943
    2908.000      -89808.6658
    2909.000      -89604.6955
    2910.000      -89683.4266
    2911.000      -89615.7472
    2912.000      -89865.1781
    2913.000      -89752.3629
    2914.000      -89783.4962
    2915.000      -89881.4204
    2916.000      -89932.6470
    2917.000      -89506.2889
    2918.000      -89699.1995
    2919.000      -89675.8730
    2920.000      -89704.3507
    2921.000      -89710.7995
    2922.000      -89983.2348
    2923.000      -89651.0985
    2924.000      -89699.8039
    2925.000      -89687.6396
    2926.000      -89609.0064
    2927.000      -89742.2020
    2928.000      -89593.7950
    2929.000      -89660.8465
    2930.000      -89682.8873
    2931.000      -89596.0733
    2932.000      -89580.6350
    2933.000      -89747.7393
    2934.000      -89884.8653
    2935.000      -89809.3839
    2936.000      -89831.8508
    2937.000      -89725.8618
    2938.000      -89674.5710
    2939.000      -89685.0878
    2940.000      -89868.6420
    2941.000      -89878.3816
    2942.000      -90014.3795
    2943.000      -89744.6893
    2944.000      -89877.3075
    2945.000      -89728.1098
    2946.000      -89663.8862
    2947.000      -89609.5441
    2948.000      -89925.7851
    2949.000      -89574.8551
    2950.000      -89835.4147
    2951.000      -89548.5294
    2952.000      -89920.0748
    2953.000      -89845.7788
    2954.000      -89654.2208
    2955.000      -89900.7088
    2956.000      -89873.5603
    2957.000      -89917.7213
    2958.000      -89721.9766
    2959.000      -89910.9349
    2960.000      -89804.9823
    2961.000      -89744.1044
    2962.000      -89728.8175
    2963.000      -89760.2532
    2964.000      -89939.8952
    2965.000      -90015.5104
    2966.000      -90061.7061
    2967.000      -89566.6094
    2968.000      -89618.4658
    2969.000      -89861.9978
    2970.000      -89927.9353
    2971.000      -89757.2377
    2972.000      -89794.0642
    2973.000      -90057.1559
    2974.000      -89898.0165
    2975.000      -89922.5856
    2976.000      -89809.0622
    2977.000      -89988.7112
    2978.000      -89972.7173
    2979.000      -89809.6564
    2980.000      -89807.7152
    2981.000      -89665.2279
    2982.000      -89943.0141
    2983.000      -89624.2344
    2984.000      -89676.1048
    2985.000      -89456.0323
    2986.000      -89656.4617
    2987.000      -89982.4549
    2988.000      -89920.0924
    2989.000      -89643.3084
    2990.000      -89768.7725
    2991.000      -89731.2273
    2992.000      -89617.5386
    2993.000      -89623.1336
    2994.000      -89794.6633
    2995.000      -89755.3425
    2996.000      -89775.4523
    2997.000      -89732.1299
    2998.000      -89554.0213
    2999.000      -89819.8757
    3000.000      -89734.0106
    3001.000      -89488.2054
    3002.000      -89683.2080
    3003.000      -89628.3008
    3004.000      -89608.8700
    3005.000      -89801.2077
    3006.000      -89752.0349
    3007.000      -90030.0198
    3008.000      -89614.7190
    3009.000      -89949.1763
    3010.000      -89668.0321
    3011.000      -89713.9956
    3012.000      -89935.1407
    3013.000      -89904.5783
    3014.000      -89976.6626
    3015.000      -89849.9585
    3016.000      -89837.7551
    3017.000      -89665.9185
    3018.000      -89887.8933
    3019.000      -89703.8543
    3020.000      -89947.7093
    3021.000      -89900.0969
    3022.000      -89833.1735
    3023.000      -90157.0890
    3024.000      -89745.2212
    3025.000      -89696.7864
    3026.000      -89632.1675
    3027.000      -89878.5648
    3028.000      -89897.7769
    3029.000      -89874.6724
    3030.000      -89876.4682
    3031.000      -89852.3726
    3032.000      -89785.3540
    3033.000      -89741.3217
    3034.000      -89563.7075
    3035.000      -89880.0565
    3036.000      -89757.5990
    3037.000      -89812.9843
    3038.000      -89825.4621
    3039.000      -89895.4564
    3040.000      -90124.1062
