     141.000      -69398.1316
     142.000      -69918.3414
     143.000      -69897.7701
     144.000      -70291.7204
     145.000      -70196.3820
     146.000      -69975.8651
     147.000      -70401.1861
     148.000      -70627.9769
     149.000      -70624.8224
     150.000      -70690.6952
     151.000      -70920.1374
     152.000      -70741.2335
     153.000      -70610.4565
     154.000      -70259.1337
     155.000      -70269.8876
     156.000      -70227.0525
     157.000      -70586.4131
     158.000      -70590.8966
     159.000      -70441.4927
     160.000      -70612.2141
     161.000      -70414.5691
     162.000      -70812.4014
     163.000      -70554.2523
     164.000      -70695.0490
     165.000      -70234.5023
     166.000      -70667.9287
     167.000      -70695.3221
     168.000      -70460.2445
     169.000      -70722.7350
     170.000      -70388.8790
     171.000      -70618.3963
     172.000      -70543.4333
     173.000      -70948.6930
     174.000      -71251.7140
     175.000      -71037.2050
     176.000      -70568.4731
     177.000      -70737.3803
     178.000      -70472.2433
     179.000      -70683.8241
     180.000      -70342.9344
     181.000      -70287.9519
     182.000      -70848.2867
     183.000      -70667.8702
     184.000      -70581.3577
     185.000      -70823.8912
     186.000      -70748.8399
     187.000      -70740.5147
     188.000      -70590.0995
     189.000      -71004.5441
     190.000      -70508.8067
     191.000      -70495.3017
     192.000      -70612.4719
     193.000      -70590.9788
     194.000      -70553.6010
     195.000      -70984.1755
     196.000      -70912.3005
     197.000      -70606.1287
     198.000      -70654.3621
     199.000      -70526.1156
     200.000      -70681.3942
     201.000      -70309.9827
     202.000      -70538.5875
     203.000      -70897.7596
     204.000      -70722.7791
     205.000      -70514.1293
     206.000      -70668.7629
     207.000      -70603.4280
     208.000      -71054.9533
     209.000      -70688.6577
     210.000      -71001.0479
     211.000      -70718.7881
     212.000      -70599.9938
     213.000      -70704.3990
     214.000      -70763.2455
     215.000      -70548.3193
     216.000      -70816.3901
     217.000      -70629.7760
     218.000      -70865.8502
     219.000      -71142.4489
     220.000      -70944.0187
     221.000      -70545.9427
     222.000      -70737.6063
     223.000      -70965.8941
     224.000      -70716.1574
     225.000      -71060.9838
     226.000      -70692.3079
     227.000      -70907.6166
     228.000      -70684.6495
     229.000      -70908.3777
     230.000      -70561.0499
     231.000      -70964.3901
     232.000      -70643.1875
     233.000      -70675.4221
     234.000      -70483.7363
     235.000      -70469.2850
     236.000      -70478.3796
     237.000      -70554.2654
     238.000      -70568.1833
     239.000      -70754.6334
     240.000      -70802.5493
     241.000      -70704.3796
     242.000      -70889.0089
     243.000      -71073.3990
     244.000      -70917.1488
     245.000      -70931.0274
     246.000      -70934.1438
     247.000      -70736.6844
     248.000      -71051.4634
     249.000      -70886.6110
     250.000      -70801.9919
     251.000      -70629.4009
     252.000      -70989.1201
     253.000      -70889.5029
     254.000      -70886.0369
     255.000      -71149.6936
     256.000      -71070.1401
     257.000      -70976.6339
     258.000      -70777.6886
     259.000      -70771.7337
     260.000      -70813.0513
     261.000      -70801.8686
     262.000      -70897.0544
     263.000      -70694.9070
     264.000      -70800.6606
     265.000      -70667.2524
     266.000      -70699.1208
     267.000      -70923.9423
     268.000      -70812.9448
     269.000      -70927.8306
     270.000      -70767.5561
     271.000      -70521.0484
     272.000      -70622.1152
     273.000      -70750.6699
     274.000      -70526.5401
     275.000      -70378.5177
     276.000      -70409.1363
     277.000      -70940.8405
     278.000      -70968.1690
     279.000      -70842.2374
     280.000      -70939.1454
     281.000      -70711.9522
     282.000      -70868.3846
     283.000      -70768.2160
     284.000      -70625.0766
     285.000      -70593.1960
     286.000      -70914.6215
     287.000      -70801.6692
     288.000      -70819.6732
     289.000      -70348.6919
     290.000      -70644.1230
     291.000      -70883.0396
     292.000      -70745.0526
     293.000      -70639.7137
     294.000      -70695.8448
     295.000      -70699.7842
     296.000      -70913.2382
     297.000      -70616.9824
     298.000      -70527.5095
     299.000      -71152.1703
     300.000      -70838.1557
     301.000      -70983.8496
     302.000      -70771.0142
     303.000      -70420.0470
     304.000      -70815.0254
     305.000      -70551.5987
     306.000      -70883.9165
     307.000      -70526.4087
     308.000      -71307.5057
     309.000      -70686.5575
     310.000      -70789.7495
     311.000      -70727.8181
     312.000      -70923.6214
     313.000      -70655.0070
     314.000      -70959.7829
     315.000      -70900.7612
     316.000      -70536.2741
     317.000      -70799.4494
     318.000      -70375.8078
     319.000      -70658.2419
     320.000      -70566.2544
     321.000      -70849.6506
     322.000      -70732.7690
     323.000      -70922.7857
     324.000      -70717.3419
     325.000      -70679.5621
     326.000      -70616.0489
     327.000      -70733.5905
     328.000      -71026.8034
     329.000      -70685.3440
     330.000      -71005.9394
     331.000      -70822.1682
     332.000      -70710.4108
     333.000      -70625.2303
     334.000      -70782.8587
     335.000      -70789.6705
     336.000      -70415.7951
     337.000      -70556.8712
     338.000      -71028.8875
     339.000      -71001.5785
     340.000      -70829.1706
     341.000      -70720.6700
     342.000      -70782.2271
     343.000      -70581.9232
     344.000      -71068.5834
     345.000      -70738.9233
     346.000      -70782.9989
     347.000      -70648.9549
     348.000      -70807.2966
     349.000      -70896.7700
     350.000      -71092.2337
     351.000      -70835.5363
     352.000      -70611.6213
     353.000      -70706.0890
     354.000      -70748.9462
     355.000      -70747.0562
     356.000      -71144.5981
     357.000      -71232.5710
     358.000      -71013.4862
     359.000      -71354.9877
     360.000      -70981.5661
     361.000      -70859.0140
     362.000      -70882.7263
     363.000      -71160.0516
     364.000      -70839.5134
     365.000      -71012.3495
     366.000      -71047.1935
     367.000      -70747.6103
     368.000      -70773.3083
     369.000      -70834.9371
     370.000      -70878.0635
     371.000      -70733.8599
     372.000      -70486.7560
     373.000      -70472.8729
     374.000      -70603.8575
     375.000      -70632.9237
     376.000      -70956.8147
     377.000      -71030.4199
     378.000      -70696.3657
     379.000      -70289.4651
     380.000      -70624.9033
     381.000      -70721.1228
     382.000      -70681.8373
     383.000      -71168.0450
     384.000      -70901.0565
     385.000      -70376.9117
     386.000      -70826.7237
     387.000      -70834.2330
     388.000      -70688.0576
     389.000      -70860.1079
     390.000      -70839.7591
     391.000      -70616.5432
     392.000      -70675.0582
     393.000      -70635.9990
     394.000      -70679.7541
     395.000      -70593.4710
     396.000      -70743.2039
     397.000      -70913.7371
     398.000      -70593.1076
     399.000      -70785.4057
     400.000      -70609.2888
     401.000      -70647.7492
     402.000      -70810.5305
     403.000      -70862.2704
     404.000      -70591.0911
     405.000      -70925.8445
     406.000      -71262.9710
     407.000      -70949.0530
     408.000      -70740.3290
     409.000      -70757.7386
     410.000      -70865.8126
     411.000      -70935.0945
     412.000      -70759.2016
     413.000      -70575.0801
     414.000      -70635.8913
     415.000      -70881.6512
     416.000      -71070.1805
     417.000      -70950.3454
     418.000      -71044.1801
     419.000      -70875.0738
     420.000      -70560.2388
     421.000      -70981.4533
     422.000      -71167.5215
     423.000      -70748.8761
     424.000      -71057.2777
     425.000      -70331.3041
     426.000      -70860.9819
     427.000      -70723.4409
     428.000      -70929.1734
     429.000      -70769.5966
     430.000      -70871.7742
     431.000      -70917.4644
     432.000      -70837.5128
     433.000      -71035.2575
     434.000      -70879.7362
     435.000      -70619.6537
     436.000      -70770.6131
     437.000      -71013.4469
     438.000      -71039.8519
     439.000      -71072.9927
     440.000      -71133.7276
     441.000      -70750.6440
     442.000      -71138.7007
     443.000      -70964.8450
     444.000      -70703.0757
     445.000      -70888.6777
     446.000      -71126.8095
     447.000      -70772.8574
     448.000      -70772.2771
     449.000      -70741.2654
     450.000      -70924.4623
     451.000      -70889.6427
     452.000      -70766.9083
     453.000      -70969.2901
     454.000      -70570.7990
     455.000      -70922.1200
     456.000      -71082.1145
     457.000      -71044.7537
     458.000      -70952.8234
     459.000      -70952.0467
     460.000      -71067.7894
     461.000      -71134.0675
     462.000      -70946.7825
     463.000      -70830.4728
     464.000      -71074.5333
     465.000      -71134.7466
     466.000      -70918.5628
     467.000      -71064.3695
     468.000      -70955.6818
     469.000      -70991.4151
     470.000      -70714.8646
     471.000      -70971.2814
     472.000      -70769.6626
     473.000      -70891.5438
     474.000      -70638.0698
     475.000      -70764.4955
     476.000      -71116.4814
     477.000      -71089.5932
     478.000      -70674.3218
     479.000      -70766.3135
     480.000      -70627.4528
     481.000      -70617.5219
     482.000      -70494.7421
     483.000      -71015.9371
     484.000      -70949.1125
     485.000      -70532.5174
     486.000      -70796.8811
     487.000      -71029.2951
     488.000      -70982.6220
     489.000      -70914.9513
     490.000      -70748.9319
     491.000      -70784.1057
     492.000      -70806.8070
     493.000      -70864.8495
     494.000      -70771.5247
     495.000      -70700.8586
     496.000      -71005.5535
     497.000      -70830.6586
     498.000      -70813.9917
     499.000      -70535.2371
     500.000      -70668.6874
     501.000      -70803.4827
     502.000      -70832.1828
     503.000      -71023.4355
     504.000      -70956.2351
     505.000      -70853.4955
     506.000      -70818.8766
     507.000      -70951.9308
     508.000      -71074.4770
     509.000      -70993.3576
     510.000      -70611.0847
     511.000      -70755.8380
     512.000      -70810.9840
     513.000      -71097.1858
     514.000      -70436.5511
     515.000      -70999.6623
     516.000      -70882.9401
     517.000      -71015.4176
     518.000      -70818.0266
     519.000      -71033.8855
     520.000      -70956.1515
     521.000      -70606.9464
     522.000      -70631.4270
     523.000      -70766.9565
     524.000      -70620.1950
     525.000      -70820.8388
     526.000      -70888.8237
     527.000      -70785.0882
     528.000      -71046.9866
     529.000      -71207.6503
     530.000      -71096.0155
     531.000      -71066.1385
     532.000      -70866.5300
     533.000      -70661.4073
     534.000      -70861.6706
     535.000      -70997.8627
     536.000      -71205.5589
     537.000      -71243.7747
     538.000      -70684.9661
     539.000      -71165.3651
     540.000      -71106.3694
     541.000      -71097.1970
     542.000      -71004.0419
     543.000      -71093.6226
     544.000      -71066.3407
     545.000      -70789.0479
     546.000      -70872.7732
     547.000      -70919.3828
     548.000      -70896.7364
     549.000      -71185.5102
     550.000      -71041.6621
     551.000      -70837.2843
     552.000      -70810.7136
     553.000      -70916.0793
     554.000      -70771.1132
     555.000      -70889.2129
     556.000      -70752.6141
     557.000      -70936.9758
     558.000      -71024.9542
     559.000      -70761.6152
     560.000      -70751.0043
     561.000      -71003.5169
     562.000      -70964.7735
     563.000      -70999.1428
     564.000      -71094.9389
     565.000      -71152.1696
     566.000      -70998.4292
     567.000      -70905.5401
     568.000      -70768.7797
     569.000      -70844.8597
     570.000      -70815.8191
     571.000      -71097.5970
     572.000      -71213.8684
     573.000      -70778.9967
     574.000      -70796.3143
     575.000      -70847.9300
     576.000      -70568.1518
     577.000      -70906.6770
     578.000      -71302.2034
     579.000      -71098.3223
     580.000      -71008.4038
     581.000      -70632.7020
     582.000      -70815.0997
     583.000      -70781.0162
     584.000      -70630.1866
     585.000      -71009.5738
     586.000      -70693.3023
     587.000      -70871.2665
     588.000      -71074.5649
     589.000      -70617.1735
     590.000      -71179.2944
     591.000      -70958.3819
     592.000      -70960.2290
     593.000      -71100.8209
     594.000      -70870.6531
     595.000      -70731.1405
     596.000      -70988.5400
     597.000      -70503.5462
     598.000      -70802.4838
     599.000      -70661.7855
     600.000      -70601.6587
     601.000      -71011.1482
     602.000      -70760.6393
     603.000      -71338.3654
     604.000      -70893.9833
     605.000      -70782.7999
     606.000      -71109.9607
     607.000      -71129.3708
     608.000      -70761.2040
     609.000      -71076.3173
     610.000      -70880.4945
     611.000      -71160.4932
     612.000      -70835.6489
     613.000      -71019.0495
     614.000      -71088.2358
     615.000      -70996.6330
     616.000      -70546.1308
     617.000      -71055.5491
     618.000      -71048.8048
     619.000      -70795.9537
     620.000      -70803.3944
     621.000      -70927.8432
     622.000      -71107.8950
     623.000      -70949.3755
     624.000      -70932.4902
     625.000      -71092.3459
     626.000      -70831.3275
     627.000      -70958.5460
     628.000      -71180.3734
     629.000      -71222.4934
     630.000      -71052.8232
     631.000      -71149.1132
     632.000      -70951.6635
     633.000      -70773.1020
     634.000      -70693.9728
     635.000      -70723.2756
     636.000      -71034.7879
     637.000      -70742.3482
     638.000      -71080.9615
     639.000      -70918.1605
     640.000      -70869.5835
     641.000      -70867.3273
     642.000      -71195.7427
     643.000      -70863.5258
     644.000      -71194.8044
     645.000      -70933.7431
     646.000      -70873.0291
     647.000      -71103.3725
     648.000      -71083.6258
     649.000      -71084.8682
     650.000      -70858.5916
     651.000      -71136.8646
     652.000      -70842.3559
     653.000      -70773.1271
     654.000      -70610.2748
     655.000      -70872.0693
     656.000      -71064.3622
     657.000      -71175.7449
     658.000      -71011.5443
     659.000      -70969.7642
     660.000      -70708.2347
     661.000      -70574.5037
     662.000      -70785.9562
     663.000      -70902.5714
     664.000      -71184.6428
     665.000      -70841.5925
     666.000      -70901.2585
     667.000      -70953.6655
     668.000      -70817.2169
     669.000      -71333.6039
     670.000      -71254.8334
     671.000      -71243.6982
     672.000      -71055.8515
     673.000      -70624.2891
     674.000      -71014.1092
     675.000      -70968.0697
     676.000      -70918.2200
     677.000      -70994.0146
     678.000      -70657.4299
     679.000      -70948.6097
     680.000      -70826.8097
     681.000      -70908.5834
     682.000      -70773.6955
     683.000      -70816.2485
     684.000      -70823.7827
     685.000      -70908.1995
     686.000      -70749.9058
     687.000      -70914.9423
     688.000      -70757.7488
     689.000      -71056.1241
     690.000      -71034.7809
     691.000      -70777.9094
     692.000      -70859.1686
     693.000      -70987.7021
     694.000      -70930.0290
     695.000      -71135.0134
     696.000      -70936.9367
     697.000      -71109.1608
     698.000      -71041.3341
     699.000      -71026.6688
     700.000      -71046.5170
     701.000      -71181.8068
     702.000      -70979.8128
     703.000      -70853.2603
     704.000      -71181.5052
     705.000      -71035.6522
     706.000      -71130.3308
     707.000      -70831.6359
     708.000      -71025.7964
     709.000      -70924.6573
     710.000      -70855.6957
     711.000      -71189.3816
     712.000      -71186.7181
     713.000      -71223.7716
     714.000      -70879.3409
     715.000      -70796.6539
     716.000      -71099.9422
     717.000      -70958.4111
     718.000      -70943.8582
     719.000      -70990.6429
     720.000      -71308.6884
     721.000      -71132.6802
     722.000      -70899.9582
     723.000      -70978.3403
     724.000      -71015.4487
     725.000      -70810.1147
     726.000      -70913.7285
     727.000      -70864.9798
     728.000      -70508.0331
     729.000      -70705.8131
     730.000      -70745.3691
     731.000      -70802.2526
     732.000      -70818.5236
     733.000      -70648.0869
     734.000      -71176.2637
     735.000      -71275.4604
     736.000      -71014.0505
     737.000      -71069.7301
     738.000      -71251.3531
     739.000      -71153.6817
     740.000      -71041.1468
     741.000      -71417.0368
     742.000      -70843.9190
     743.000      -71468.0360
     744.000      -70927.3011
     745.000      -70815.1990
     746.000      -71085.4333
     747.000      -71204.9573
     748.000      -71070.6595
     749.000      -71017.3781
     750.000      -71040.4269
     751.000      -71139.5763
     752.000      -70932.7468
     753.000      -70839.2177
     754.000      -71105.3498
     755.000      -70745.5324
     756.000      -70739.9343
     757.000      -70803.4025
     758.000      -70887.0299
     759.000      -70890.3997
     760.000      -71031.8167
     761.000      -71159.1236
     762.000      -70840.6886
     763.000      -70944.4058
     764.000      -71074.7978
     765.000      -71160.9924
     766.000      -71339.9412
     767.000      -70714.4927
     768.000      -71041.1205
     769.000      -71345.0193
     770.000      -70948.8889
     771.000      -71208.8755
     772.000      -71015.5429
     773.000      -71366.7143
     774.000      -71371.1857
     775.000      -71335.5202
     776.000      -70729.1562
     777.000      -71224.2226
     778.000      -71278.3023
     779.000      -71268.1617
     780.000      -71200.8920
     781.000      -71391.8000
     782.000      -71022.0235
     783.000      -71032.6433
     784.000      -70473.3294
     785.000      -70970.5448
     786.000      -71057.1542
     787.000      -71222.4734
     788.000      -70993.2153
     789.000      -71205.3381
     790.000      -71245.6869
     791.000      -70970.2269
     792.000      -70846.0735
     793.000      -70938.0445
     794.000      -71082.6732
     795.000      -71153.8667
     796.000      -71247.5679
     797.000      -71141.4882
     798.000      -70917.8972
     799.000      -71066.8035
     800.000      -71224.8194
     801.000      -70882.2558
     802.000      -71382.7901
     803.000      -70917.2282
     804.000      -71007.7614
     805.000      -71140.5345
     806.000      -71311.1689
     807.000      -70731.9369
     808.000      -70747.0450
     809.000      -70810.7594
     810.000      -70950.9356
     811.000      -70895.6361
     812.000      -70767.2942
     813.000      -70869.9186
     814.000      -71050.1895
     815.000      -70841.4152
     816.000      -71023.1092
     817.000      -70847.5641
     818.000      -71113.8530
     819.000      -71320.3227
     820.000      -70884.8756
     821.000      -70909.3038
     822.000      -71025.7304
     823.000      -70749.6987
     824.000      -71375.5509
     825.000      -71080.6150
     826.000      -70864.1117
     827.000      -70997.2116
     828.000      -71107.1300
     829.000      -71079.8496
     830.000      -71176.5260
     831.000      -70873.7377
     832.000      -71249.6531
     833.000      -70792.6295
     834.000      -71157.3002
     835.000      -70551.9724
     836.000      -70967.0630
     837.000      -70765.2815
     838.000      -71077.1376
     839.000      -70671.4412
     840.000      -71021.1049
     841.000      -71002.3393
     842.000      -71166.1084
     843.000      -70830.0737
     844.000      -71047.8529
     845.000      -71042.7107
     846.000      -71239.1659
     847.000      -71039.6767
     848.000      -71236.5283
     849.000      -70955.5079
     850.000      -70921.8743
     851.000      -71022.1290
     852.000      -70836.5033
     853.000      -71111.8551
     854.000      -71136.7002
     855.000      -70929.7708
     856.000      -71336.7182
     857.000      -71009.8068
     858.000      -70891.4513
     859.000      -70960.6643
     860.000      -71083.5381
     861.000      -70947.2273
     862.000      -71021.5932
     863.000      -70770.8587
     864.000      -70971.3545
     865.000      -70950.9568
     866.000      -70818.2996
     867.000      -71052.5462
     868.000      -71064.2578
     869.000      -71280.8063
     870.000      -70971.3601
     871.000      -71218.2665
     872.000      -70850.5366
     873.000      -71070.4058
     874.000      -70961.2360
     875.000      -71241.2755
     876.000      -71115.1310
     877.000      -71221.1028
     878.000      -71174.2234
     879.000      -71206.1731
     880.000      -71347.4880
     881.000      -71372.3170
     882.000      -71554.8358
     883.000      -71338.1432
     884.000      -71309.6087
     885.000      -71487.7992
     886.000      -71041.1572
     887.000      -71024.4749
     888.000      -71159.9593
     889.000      -71186.0751
     890.000      -71251.9699
     891.000      -71265.1730
     892.000      -70744.9851
     893.000      -71204.4196
     894.000      -70890.7965
     895.000      -70987.9981
     896.000      -70871.7845
     897.000      -70968.8571
     898.000      -71471.4143
     899.000      -70892.2759
     900.000      -71049.4353
     901.000      -71118.9824
     902.000      -71094.7757
     903.000      -71173.4354
     904.000      -70796.8909
     905.000      -71191.8930
     906.000      -71029.2634
     907.000      -71238.1824
     908.000      -71223.6656
     909.000      -71377.8003
     910.000      -71022.3410
     911.000      -70917.6617
     912.000      -70876.6994
     913.000      -71132.1822
     914.000      -70768.3012
     915.000      -71124.1352
     916.000      -71020.4297
     917.000      -71270.3237
     918.000      -70936.6889
     919.000      -71287.8833
     920.000      -71058.9854
     921.000      -71128.9523
     922.000      -71208.6200
     923.000      -71191.2209
     924.000      -71038.6176
     925.000      -71153.2199
     926.000      -71141.0887
     927.000      -71308.8855
     928.000      -71079.9969
     929.000      -71018.7895
     930.000      -71079.6799
     931.000      -71195.9197
     932.000      -70885.9704
     933.000      -71140.4818
     934.000      -71002.8612
     935.000      -71082.0284
     936.000      -71279.4158
     937.000      -71330.3545
     938.000      -70989.8310
     939.000      -70986.4898
     940.000      -70881.0037
     941.000      -71079.9923
     942.000      -70790.3777
     943.000      -70987.9008
     944.000      -71256.3527
     945.000      -71160.3370
     946.000      -71067.1179
     947.000      -71034.1273
     948.000      -71029.1946
     949.000      -71223.2835
     950.000      -70763.3027
     951.000      -71001.5134
     952.000      -70967.0770
     953.000      -71150.4505
     954.000      -70943.2580
     955.000      -71098.1490
     956.000      -70899.1918
     957.000      -71082.0035
     958.000      -71067.7001
     959.000      -71227.7241
     960.000      -71227.2675
     961.000      -70864.8934
     962.000      -70832.1913
     963.000      -71219.4894
     964.000      -71076.3798
     965.000      -70780.2002
     966.000      -71254.0024
     967.000      -71250.3924
     968.000      -70818.0413
     969.000      -71072.5254
     970.000      -71384.2861
     971.000      -71381.2305
     972.000      -71028.4281
     973.000      -71059.6391
     974.000      -71113.8705
     975.000      -71139.2212
     976.000      -70950.3792
     977.000      -71103.5709
     978.000      -71213.8380
     979.000      -71016.2725
     980.000      -70892.1987
     981.000      -71157.7729
     982.000      -71106.6939
     983.000      -71369.4321
     984.000      -71260.5835
     985.000      -71030.8950
     986.000      -71152.1593
     987.000      -70907.1160
     988.000      -71371.4714
     989.000      -70768.0148
     990.000      -71129.6995
     991.000      -71326.7236
     992.000      -71039.6892
     993.000      -71083.5302
     994.000      -70984.9467
     995.000      -71390.8118
     996.000      -71167.7073
     997.000      -71427.2298
     998.000      -71227.9306
     999.000      -71245.9251
    1000.000      -70855.7925
    1001.000      -70835.5229
    1002.000      -71153.2342
    1003.000      -71187.2590
    1004.000      -70993.3242
    1005.000      -71255.9363
    1006.000      -71336.3606
    1007.000      -71083.3393
    1008.000      -71199.4576
    1009.000      -71706.3959
    1010.000      -71072.7691
    1011.000      -71014.1628
    1012.000      -71075.4693
    1013.000      -71340.2178
    1014.000      -71318.8926
    1015.000      -71041.7518
    1016.000      -70985.0210
    1017.000      -71122.0083
    1018.000      -71088.0207
    1019.000      -71080.6086
    1020.000      -70811.0139
    1021.000      -71019.6550
    1022.000      -70788.5640
    1023.000      -70959.4657
    1024.000      -71156.6122
    1025.000      -71074.0591
    1026.000      -70920.5057
    1027.000      -71309.8288
    1028.000      -71120.0470
    1029.000      -71457.0351
    1030.000      -71004.9726
    1031.000      -71131.7672
    1032.000      -70697.0512
    1033.000      -71134.3364
    1034.000      -71014.6362
    1035.000      -70898.5939
    1036.000      -70811.4348
    1037.000      -70928.8638
    1038.000      -70847.1945
    1039.000      -71148.2138
    1040.000      -71005.0326
    1041.000      -71221.8988
    1042.000      -70963.0224
    1043.000      -70776.4028
    1044.000      -70874.4742
    1045.000      -70933.1196
    1046.000      -71001.7491
    1047.000      -71374.8265
    1048.000      -71160.1746
    1049.000      -71285.7806
    1050.000      -71076.3515
    1051.000      -70955.3201
    1052.000      -71185.1415
    1053.000      -71223.0999
    1054.000      -71036.9801
    1055.000      -71086.4140
    1056.000      -71080.7817
    1057.000      -71074.6436
    1058.000      -70947.6718
    1059.000      -71220.0488
    1060.000      -71191.7822
    1061.000      -71075.6771
    1062.000      -71156.7932
    1063.000      -71141.0691
    1064.000      -70902.1767
    1065.000      -71170.5232
    1066.000      -71022.0381
    1067.000      -70972.9839
    1068.000      -71199.9282
    1069.000      -71075.5877
    1070.000      -71184.5267
    1071.000      -71247.9250
    1072.000      -70998.5388
    1073.000      -71158.7380
    1074.000      -71098.9481
    1075.000      -71404.7270
    1076.000      -70858.8440
    1077.000      -70981.0324
    1078.000      -70981.9880
    1079.000      -71215.5889
    1080.000      -71296.8772
    1081.000      -71065.9366
    1082.000      -71379.4999
    1083.000      -71124.0186
    1084.000      -71321.9585
    1085.000      -71314.4201
    1086.000      -71238.1023
    1087.000      -70857.7300
    1088.000      -71320.6127
    1089.000      -71305.4725
    1090.000      -71171.9848
    1091.000      -71352.6067
    1092.000      -71449.7628
    1093.000      -71263.5735
    1094.000      -70933.9991
    1095.000      -71463.2128
    1096.000      -71402.1119
    1097.000      -71356.3870
    1098.000      -71195.2079
    1099.000      -71296.6622
    1100.000      -71072.5318
    1101.000      -71130.6094
    1102.000      -71457.7031
    1103.000      -70956.1743
    1104.000      -71321.4020
    1105.000      -71295.5649
    1106.000      -71119.3904
    1107.000      -71109.3786
    1108.000      -70739.2810
    1109.000      -71348.2402
    1110.000      -71417.0013
    1111.000      -70928.8611
    1112.000      -70824.5612
    1113.000      -71276.9718
    1114.000      -71205.3169
    1115.000      -71037.0870
    1116.000      -70945.2037
    1117.000      -71018.8296
    1118.000      -71070.5658
    1119.000      -71052.8474
    1120.000      -71222.8374
    1121.000      -70986.7902
    1122.000      -71266.7224
    1123.000      -71403.9518
    1124.000      -71207.2092
    1125.000      -70840.9390
    1126.000      -71231.5407
    1127.000      -71180.3353
    1128.000      -71344.2677
    1129.000      -71127.4739
    1130.000      -71255.9153
    1131.000      -71136.1645
    1132.000      -71108.4213
    1133.000      -71269.0882
    1134.000      -71195.5607
    1135.000      -71194.7192
    1136.000      -71189.3379
    1137.000      -71143.6276
    1138.000      -71262.0738
    1139.000      -71145.4376
    1140.000      -71400.3199
    1141.000      -71231.9668
    1142.000      -71095.9088
    1143.000      -71153.8505
    1144.000      -71392.5734
    1145.000      -71039.4236
    1146.000      -71415.3949
    1147.000      -71444.9360
    1148.000      -71051.6401
    1149.000      -71097.5565
    1150.000      -70910.3608
    1151.000      -70867.6968
    1152.000      -71290.6123
    1153.000      -71516.7307
    1154.000      -71167.5169
    1155.000      -71608.5920
    1156.000      -71402.5695
    1157.000      -71404.1913
    1158.000      -71124.0206
    1159.000      -71257.2904
    1160.000      -71031.8786
    1161.000      -71091.6135
    1162.000      -71346.7208
    1163.000      -71045.8423
    1164.000      -71096.7668
    1165.000      -71285.3381
    1166.000      -71326.1520
    1167.000      -71135.0131
    1168.000      -71092.3193
    1169.000      -71528.7230
    1170.000      -71067.7091
    1171.000      -71199.8025
    1172.000      -71289.6712
    1173.000      -71249.6326
    1174.000      -71053.2142
    1175.000      -71018.7577
    1176.000      -71190.5963
    1177.000      -70886.1826
    1178.000      -71311.0156
    1179.000      -70952.5221
    1180.000      -70786.4066
    1181.000      -71463.7673
    1182.000      -71494.2437
    1183.000      -71160.7456
    1184.000      -71207.5130
    1185.000      -71038.9855
    1186.000      -70944.9914
    1187.000      -70959.8592
    1188.000      -71322.1832
    1189.000      -71043.6294
    1190.000      -71070.5057
    1191.000      -71419.3367
    1192.000      -71198.6741
    1193.000      -70846.9940
    1194.000      -71206.7295
    1195.000      -71267.1901
    1196.000      -71217.7226
    1197.000      -71248.3582
    1198.000      -71204.2542
    1199.000      -71432.4282
    1200.000      -70890.8515
    1201.000      -70869.7936
    1202.000      -71166.3342
    1203.000      -71238.6474
    1204.000      -70944.3554
    1205.000      -71352.7825
    1206.000      -71070.4677
    1207.000      -71178.5319
    1208.000      -71328.4995
    1209.000      -71734.6174
    1210.000      -71232.6851
    1211.000      -71048.5995
    1212.000      -71134.1647
    1213.000      -71265.1297
    1214.000      -71737.9846
    1215.000      -71175.4751
    1216.000      -71043.1273
    1217.000      -71207.7469
    1218.000      -71381.0284
    1219.000      -71107.4310
    1220.000      -71065.1836
    1221.000      -71273.5563
    1222.000      -70953.3246
    1223.000      -71301.0220
    1224.000      -71207.2463
    1225.000      -71244.6817
    1226.000      -71110.3809
    1227.000      -71253.6766
    1228.000      -71122.7850
    1229.000      -71197.1440
    1230.000      -71391.2881
    1231.000      -71509.8726
    1232.000      -71335.8388
    1233.000      -71195.9340
    1234.000      -71132.9121
    1235.000      -70991.6076
    1236.000      -71267.5383
    1237.000      -71228.8709
    1238.000      -71037.0509
    1239.000      -71262.9411
    1240.000      -71439.4340
    1241.000      -71340.1888
    1242.000      -71427.2044
    1243.000      -71269.7051
    1244.000      -71323.2246
    1245.000      -71264.9022
    1246.000      -71194.7274
    1247.000      -71110.7423
    1248.000      -71305.0308
    1249.000      -71058.4225
    1250.000      -71067.4262
    1251.000      -71252.4156
    1252.000      -70979.7928
    1253.000      -71158.2971
    1254.000      -71311.2926
    1255.000      -70988.1390
    1256.000      -70948.2251
    1257.000      -71191.4694
    1258.000      -71245.4304
    1259.000      -71405.6236
    1260.000      -71547.6533
    1261.000      -71116.2424
    1262.000      -71015.5459
    1263.000      -71225.4805
    1264.000      -71450.3451
    1265.000      -71605.5818
    1266.000      -71243.9809
    1267.000      -71343.5772
    1268.000      -71332.3282
    1269.000      -71186.7621
    1270.000      -71270.5124
    1271.000      -71506.6597
    1272.000      -71341.6075
    1273.000      -70954.3397
    1274.000      -71188.9257
    1275.000      -71609.7299
    1276.000      -71077.2904
    1277.000      -70909.0164
    1278.000      -71032.8784
    1279.000      -71294.1424
    1280.000      -71107.6220
    1281.000      -71114.8204
    1282.000      -71126.3051
    1283.000      -71229.9605
    1284.000      -71365.4924
    1285.000      -71459.9089
    1286.000      -71379.6407
    1287.000      -70882.0813
    1288.000      -71095.0106
    1289.000      -71256.3452
    1290.000      -71298.4499
    1291.000      -71370.1966
    1292.000      -71128.3526
    1293.000      -71233.3193
    1294.000      -71067.6723
    1295.000      -70996.8242
    1296.000      -71145.2032
    1297.000      -71375.4056
    1298.000      -71104.3534
    1299.000      -71231.5550
    1300.000      -71288.9089
    1301.000      -71351.4335
    1302.000      -71237.1536
    1303.000      -71295.1249
    1304.000      -71272.5743
    1305.000      -71247.2210
    1306.000      -71125.0915
    1307.000      -71055.4163
    1308.000      -71334.5933
    1309.000      -71676.1190
    1310.000      -71242.2349
    1311.000      -70912.3443
    1312.000      -71341.9551
    1313.000      -71436.9910
    1314.000      -70897.1915
    1315.000      -71062.3286
    1316.000      -71239.4317
    1317.000      -71162.7452
    1318.000      -71047.0461
    1319.000      -71364.2935
    1320.000      -71168.9009
    1321.000      -71577.7680
    1322.000      -71022.4487
    1323.000      -71081.1557
    1324.000      -71238.4791
    1325.000      -71497.3839
    1326.000      -71471.3961
    1327.000      -71206.0294
    1328.000      -71078.9892
    1329.000      -70936.4410
    1330.000      -71436.0965
    1331.000      -71301.6258
    1332.000      -71454.8913
    1333.000      -71608.2017
    1334.000      -71411.6876
    1335.000      -71130.8340
    1336.000      -71383.7876
    1337.000      -71487.3239
    1338.000      -71349.4022
    1339.000      -71414.8949
    1340.000      -71136.1187
    1341.000      -71437.6043
    1342.000      -71281.3409
    1343.000      -71066.0607
    1344.000      -71095.2799
    1345.000      -71353.9915
    1346.000      -71533.2803
    1347.000      -71142.8905
    1348.000      -70936.7419
    1349.000      -71136.4403
    1350.000      -71085.7641
    1351.000      -71058.3674
    1352.000      -71131.9500
    1353.000      -71402.2406
    1354.000      -71027.2544
    1355.000      -71349.7924
    1356.000      -71526.4470
    1357.000      -71524.5349
    1358.000      -71447.0147
    1359.000      -71370.2252
    1360.000      -71523.1497
    1361.000      -71232.1543
    1362.000      -71346.6983
    1363.000      -71533.0746
    1364.000      -71000.2956
    1365.000      -71514.3584
    1366.000      -71282.4459
    1367.000      -70947.4827
    1368.000      -71123.6192
    1369.000      -71170.8315
    1370.000      -71444.1073
    1371.000      -71242.1996
    1372.000      -71299.3700
    1373.000      -71191.7711
    1374.000      -71304.6328
    1375.000      -71246.1428
    1376.000      -71475.6421
    1377.000      -71030.6863
    1378.000      -71260.7492
    1379.000      -71269.6119
    1380.000      -71052.6700
    1381.000      -71249.5805
    1382.000      -71514.9542
    1383.000      -71574.2611
    1384.000      -71291.3156
    1385.000      -71705.6002
    1386.000      -71350.3575
    1387.000      -71202.1801
    1388.000      -71033.1331
    1389.000      -71122.6052
    1390.000      -70953.4181
    1391.000      -71188.9335
    1392.000      -70941.9215
    1393.000      -71229.3826
    1394.000      -71040.7199
    1395.000      -71249.1267
    1396.000      -71247.0236
    1397.000      -70947.5294
    1398.000      -70957.8385
    1399.000      -71133.2321
    1400.000      -71237.4645
    1401.000      -71012.7394
    1402.000      -71027.8024
    1403.000      -71376.0537
    1404.000      -71130.4325
    1405.000      -71322.5685
    1406.000      -71203.7850
    1407.000      -71402.4044
    1408.000      -71534.1707
    1409.000      -71378.9812
    1410.000      -71248.7554
    1411.000      -71152.3108
    1412.000      -71393.3045
    1413.000      -71338.0445
    1414.000      -71408.4981
    1415.000      -71226.8397
    1416.000      -71145.5260
    1417.000      -71262.7973
    1418.000      -71143.9822
    1419.000      -71417.9150
    1420.000      -71298.4176
    1421.000      -71130.4695
    1422.000      -71267.7979
    1423.000      -71244.8811
    1424.000      -71005.1387
    1425.000      -70915.8940
    1426.000      -70888.9060
    1427.000      -71124.0651
    1428.000      -71661.4958
    1429.000      -71332.7785
    1430.000      -71372.8059
    1431.000      -70985.6471
    1432.000      -71122.5081
    1433.000      -71136.1766
    1434.000      -70949.3664
    1435.000      -70955.2464
    1436.000      -71244.1060
    1437.000      -71320.4245
    1438.000      -71443.4225
    1439.000      -71140.8900
    1440.000      -71234.4675
    1441.000      -71282.6397
    1442.000      -71377.0087
    1443.000      -71316.2579
    1444.000      -71277.8937
    1445.000      -71654.8443
    1446.000      -71059.9656
    1447.000      -71518.7767
    1448.000      -71117.2657
    1449.000      -71132.9231
    1450.000      -71109.8550
    1451.000      -71118.6132
    1452.000      -71196.5646
    1453.000      -71404.9708
    1454.000      -71138.9504
    1455.000      -71421.2370
    1456.000      -71137.1191
    1457.000      -71379.6903
    1458.000      -71473.7072
    1459.000      -71333.6146
    1460.000      -71041.8302
    1461.000      -71082.0742
    1462.000      -71028.8510
    1463.000      -71127.6850
    1464.000      -70977.0441
    1465.000      -71095.4334
    1466.000      -71197.9990
    1467.000      -70873.1367
    1468.000      -71184.6929
    1469.000      -71163.8816
    1470.000      -71267.8979
    1471.000      -71064.2204
    1472.000      -71291.9913
    1473.000      -71197.4813
    1474.000      -71104.6837
    1475.000      -71418.1237
    1476.000      -71364.1221
    1477.000      -71649.8949
    1478.000      -71148.3415
    1479.000      -71492.2849
    1480.000      -71297.7387
    1481.000      -71233.7291
    1482.000      -71320.8756
    1483.000      -71139.6479
    1484.000      -71136.5940
    1485.000      -71251.4894
    1486.000      -71309.3745
    1487.000      -71110.4741
    1488.000      -71114.2587
    1489.000      -71039.5955
    1490.000      -71219.1220
    1491.000      -71450.3656
    1492.000      -71032.9594
    1493.000      -71164.1579
    1494.000      -71401.0342
    1495.000      -71023.0324
    1496.000      -71085.1952
    1497.000      -71208.9014
    1498.000      -71316.2786
    1499.000      -70987.5671
    1500.000      -71319.0102
    1501.000      -71039.3547
    1502.000      -71353.3491
    1503.000      -71173.7689
    1504.000      -71151.0975
    1505.000      -71225.8981
    1506.000      -71427.7754
    1507.000      -71247.7179
    1508.000      -71268.0268
    1509.000      -71322.1627
    1510.000      -71116.0416
    1511.000      -71124.3221
    1512.000      -71324.4714
    1513.000      -71247.5286
    1514.000      -71134.6179
    1515.000      -71247.2526
    1516.000      -71092.2600
    1517.000      -71566.1298
    1518.000      -71611.5975
    1519.000      -71156.9068
    1520.000      -71317.5709
    1521.000      -71389.3298
    1522.000      -71291.7819
    1523.000      -71257.9847
    1524.000      -71327.7526
    1525.000      -71477.9050
    1526.000      -71331.1038
    1527.000      -71364.3737
    1528.000      -71204.3100
    1529.000      -71390.6978
    1530.000      -71409.5119
    1531.000      -71241.2555
    1532.000      -71048.0280
    1533.000      -71228.4340
    1534.000      -71026.5286
    1535.000      -71465.2506
    1536.000      -71239.8922
    1537.000      -71309.0264
    1538.000      -71173.4602
    1539.000      -71174.2790
    1540.000      -71266.7412
    1541.000      -71400.1730
    1542.000      -71261.0643
    1543.000      -71034.4084
    1544.000      -71087.3051
    1545.000      -71144.7091
    1546.000      -70937.5156
    1547.000      -71177.4054
    1548.000      -71168.1570
    1549.000      -71467.1096
    1550.000      -71538.0298
    1551.000      -71379.5747
    1552.000      -71299.8438
    1553.000      -70947.8054
    1554.000      -71097.7421
    1555.000      -71020.5565
    1556.000      -71496.1308
    1557.000      -71606.6835
    1558.000      -71059.3817
    1559.000      -71035.4185
    1560.000      -71530.4448
    1561.000      -71496.2049
    1562.000      -71226.6425
    1563.000      -71233.5169
    1564.000      -71399.5202
    1565.000      -71236.5825
    1566.000      -71226.3187
    1567.000      -71159.6831
    1568.000      -71233.0714
    1569.000      -71126.6343
    1570.000      -71241.9802
    1571.000      -71644.5071
    1572.000      -71290.8964
    1573.000      -71002.6638
    1574.000      -71224.3976
    1575.000      -71436.9172
    1576.000      -71337.7535
    1577.000      -71219.9363
    1578.000      -71479.7076
    1579.000      -71043.7583
    1580.000      -71213.2916
    1581.000      -71180.3337
    1582.000      -71436.0036
    1583.000      -71214.6391
    1584.000      -71074.6892
    1585.000      -71433.0379
    1586.000      -71126.5348
    1587.000      -71161.3785
    1588.000      -71586.0773
    1589.000      -71069.3280
    1590.000      -71275.3293
    1591.000      -71355.4520
    1592.000      -71189.1711
    1593.000      -71375.7320
    1594.000      -71329.9009
    1595.000      -71323.5798
    1596.000      -71706.0480
    1597.000      -71285.2304
    1598.000      -71254.3937
    1599.000      -70922.5682
    1600.000      -71351.8392
    1601.000      -70869.0303
    1602.000      -71468.2082
    1603.000      -71375.1502
    1604.000      -71380.2978
    1605.000      -71730.2146
    1606.000      -71368.2534
    1607.000      -71533.3049
    1608.000      -71358.5461
    1609.000      -71001.3078
    1610.000      -71584.2764
    1611.000      -71549.5263
    1612.000      -71583.7397
    1613.000      -71238.1318
    1614.000      -71361.5533
    1615.000      -71104.9386
    1616.000      -71286.3976
    1617.000      -71240.6180
    1618.000      -71219.6149
    1619.000      -71645.0219
    1620.000      -71287.3476
    1621.000      -71083.6661
    1622.000      -71031.6842
    1623.000      -71562.7160
    1624.000      -71413.2629
    1625.000      -71483.2488
    1626.000      -71458.8522
    1627.000      -71231.2899
    1628.000      -71348.8086
    1629.000      -71247.3430
    1630.000      -71252.9240
    1631.000      -71281.2188
    1632.000      -71052.1170
    1633.000      -71610.5977
    1634.000      -71428.3273
    1635.000      -71192.8422
    1636.000      -71468.7968
    1637.000      -71262.1659
    1638.000      -71142.4368
    1639.000      -71024.3435
    1640.000      -71383.3604
    1641.000      -71540.0823
    1642.000      -71571.6035
    1643.000      -71199.2151
    1644.000      -71069.2081
    1645.000      -71401.1958
    1646.000      -71221.2294
    1647.000      -71212.7048
    1648.000      -71265.4173
    1649.000      -71450.8015
    1650.000      -71210.6009
    1651.000      -71339.4503
    1652.000      -71401.1539
    1653.000      -71037.5002
    1654.000      -71340.4499
    1655.000      -71256.5864
    1656.000      -71097.9805
    1657.000      -71335.7796
    1658.000      -71460.8600
    1659.000      -71152.1285
    1660.000      -71415.5924
    1661.000      -71419.3317
    1662.000      -71392.6505
    1663.000      -70887.4959
    1664.000      -71256.1481
    1665.000      -71491.8356
    1666.000      -71556.0086
    1667.000      -71562.7938
    1668.000      -71398.2134
    1669.000      -71194.3989
    1670.000      -71298.2455
    1671.000      -71134.7879
    1672.000      -71491.5153
    1673.000      -71258.6398
    1674.000      -71372.8267
    1675.000      -71329.3343
    1676.000      -71586.0631
    1677.000      -71614.1324
    1678.000      -71558.1816
    1679.000      -71434.6069
    1680.000      -71170.3603
    1681.000      -71414.6449
    1682.000      -71426.7800
    1683.000      -71388.0411
    1684.000      -71341.9735
    1685.000      -71372.3244
    1686.000      -71326.8675
    1687.000      -71411.4453
    1688.000      -71345.4357
    1689.000      -71090.2341
    1690.000      -71309.3658
    1691.000      -71053.1371
    1692.000      -71007.4757
    1693.000      -70901.8347
    1694.000      -71275.5059
    1695.000      -71344.8848
    1696.000      -71231.5510
    1697.000      -70953.0841
    1698.000      -71701.9574
    1699.000      -71335.7797
    1700.000      -71447.4298
    1701.000      -71166.7691
    1702.000      -71361.2207
    1703.000      -71338.5053
    1704.000      -71095.9195
    1705.000      -71684.9763
    1706.000      -71395.6215
    1707.000      -71348.4301
    1708.000      -71218.8819
    1709.000      -71361.3071
    1710.000      -71368.0412
    1711.000      -71266.5866
    1712.000      -71743.5756
    1713.000      -71322.6943
    1714.000      -71385.5732
    1715.000      -71071.5668
    1716.000      -71360.2947
    1717.000      -71562.1979
    1718.000      -71663.1504
    1719.000      -71452.4407
    1720.000      -71476.6818
    1721.000      -71334.4294
    1722.000      -71193.3421
    1723.000      -71445.4539
    1724.000      -71138.9513
    1725.000      -71421.7811
    1726.000      -71581.5657
    1727.000      -71283.5483
    1728.000      -71373.9576
    1729.000      -71180.1756
    1730.000      -71320.0785
    1731.000      -71668.5350
    1732.000      -71386.9895
    1733.000      -71436.5696
    1734.000      -70874.3160
    1735.000      -70727.9170
    1736.000      -71427.5517
    1737.000      -71464.0043
    1738.000      -71353.5796
    1739.000      -71176.0354
    1740.000      -71465.1244
    1741.000      -71232.8354
    1742.000      -71308.3930
    1743.000      -71293.8071
    1744.000      -71519.5568
    1745.000      -71027.8331
    1746.000      -71355.5637
    1747.000      -71476.1610
    1748.000      -71226.3774
    1749.000      -71436.9597
    1750.000      -71285.1755
    1751.000      -71071.2899
    1752.000      -71187.7645
    1753.000      -70910.3359
    1754.000      -71386.1024
    1755.000      -71347.5609
    1756.000      -71302.4933
    1757.000      -71429.2681
    1758.000      -71082.0054
    1759.000      -71331.6142
    1760.000      -71357.2668
    1761.000      -71643.8036
    1762.000      -71758.5930
    1763.000      -71584.6853
    1764.000      -71338.5138
    1765.000      -71383.2378
    1766.000      -71348.1650
    1767.000      -71720.1403
    1768.000      -71362.2036
    1769.000      -71494.2862
    1770.000      -70996.4320
    1771.000      -71371.8594
    1772.000      -71155.4555
    1773.000      -71189.0561
    1774.000      -71370.8986
    1775.000      -71288.8160
    1776.000      -71317.0846
    1777.000      -71301.0946
    1778.000      -71422.6854
    1779.000      -71502.1030
    1780.000      -71164.4999
    1781.000      -71547.6925
    1782.000      -71626.4853
    1783.000      -71339.1078
    1784.000      -71764.7678
    1785.000      -71443.2273
    1786.000      -71413.1401
    1787.000      -71537.7138
    1788.000      -71338.4803
    1789.000      -71242.5546
    1790.000      -71200.0042
    1791.000      -71484.5675
    1792.000      -71642.7932
    1793.000      -71807.8586
    1794.000      -71385.8453
    1795.000      -71473.0998
    1796.000      -71525.3892
    1797.000      -71352.3084
    1798.000      -71443.8387
    1799.000      -71219.1086
    1800.000      -71098.0841
    1801.000      -71145.6975
    1802.000      -71340.0584
    1803.000      -71439.2329
    1804.000      -71518.6500
    1805.000      -71199.8178
    1806.000      -71380.0200
    1807.000      -71288.9450
    1808.000      -71388.5267
    1809.000      -71724.3568
    1810.000      -71543.6093
    1811.000      -71442.4796
    1812.000      -71430.1903
    1813.000      -71182.2421
    1814.000      -71744.5213
    1815.000      -71443.4799
    1816.000      -71666.8153
    1817.000      -71392.5411
    1818.000      -71216.3225
    1819.000      -71278.6431
    1820.000      -71220.2724
    1821.000      -71554.0653
    1822.000      -71622.6974
    1823.000      -71235.3672
    1824.000      -71461.1784
    1825.000      -71679.4781
    1826.000      -71500.9010
    1827.000      -71536.0531
    1828.000      -71093.4231
    1829.000      -71533.8096
    1830.000      -71456.9140
    1831.000      -71499.7641
    1832.000      -71372.6811
    1833.000      -71409.2237
    1834.000      -71393.5892
    1835.000      -71474.8791
    1836.000      -71153.8503
    1837.000      -71270.3835
    1838.000      -71119.4196
    1839.000      -71494.0266
    1840.000      -71606.9487
    1841.000      -71369.4973
    1842.000      -71278.1445
    1843.000      -71458.2602
    1844.000      -71512.0469
    1845.000      -71116.3119
    1846.000      -71465.0324
    1847.000      -71487.8163
    1848.000      -71507.2163
    1849.000      -71260.4960
    1850.000      -71407.2362
    1851.000      -71676.1298
    1852.000      -71364.6295
    1853.000      -71356.3925
    1854.000      -71270.7742
    1855.000      -71608.7938
    1856.000      -71406.0365
    1857.000      -71348.3826
    1858.000      -71519.1709
    1859.000      -71642.4221
    1860.000      -71833.9381
    1861.000      -71522.8499
    1862.000      -71279.8633
    1863.000      -71396.4529
    1864.000      -71236.8312
    1865.000      -71460.8142
    1866.000      -71396.5959
    1867.000      -71280.8074
    1868.000      -71791.1846
    1869.000      -71375.2742
    1870.000      -71561.4912
    1871.000      -71116.3254
    1872.000      -71619.0771
    1873.000      -70977.2523
    1874.000      -71411.2758
    1875.000      -71316.9246
    1876.000      -71362.6500
    1877.000      -71268.9481
    1878.000      -71099.7605
    1879.000      -71043.3921
    1880.000      -71473.8201
    1881.000      -71328.0409
    1882.000      -71161.4700
    1883.000      -71149.4718
    1884.000      -71090.9814
    1885.000      -71478.5615
    1886.000      -71355.5250
    1887.000      -71437.0676
    1888.000      -71281.7389
    1889.000      -71456.1083
    1890.000      -71364.8524
    1891.000      -71461.9376
    1892.000      -71257.0328
    1893.000      -71379.5507
    1894.000      -71484.2517
    1895.000      -71024.4928
    1896.000      -71132.2853
    1897.000      -71145.8596
    1898.000      -71317.4443
    1899.000      -71367.2464
    1900.000      -71412.3703
    1901.000      -71417.7173
    1902.000      -71287.8151
    1903.000      -71057.9422
    1904.000      -71314.7880
    1905.000      -71260.3346
    1906.000      -71533.9169
    1907.000      -71455.9601
    1908.000      -71615.1268
    1909.000      -71630.0972
    1910.000      -71420.8696
    1911.000      -71271.9129
    1912.000      -71329.1166
    1913.000      -71268.8566
    1914.000      -71406.4098
    1915.000      -71396.9731
    1916.000      -71279.3512
    1917.000      -71703.1334
    1918.000      -71202.2658
    1919.000      -71335.0009
    1920.000      -71526.5411
    1921.000      -71673.2546
    1922.000      -71086.6287
    1923.000      -70966.6977
    1924.000      -71263.6602
    1925.000      -71339.0631
    1926.000      -71568.9141
    1927.000      -71472.6126
    1928.000      -71504.5286
    1929.000      -71156.0331
    1930.000      -71334.9559
    1931.000      -71708.8404
    1932.000      -71161.5643
    1933.000      -71693.4170
    1934.000      -71452.9217
    1935.000      -71414.5476
    1936.000      -71753.8685
    1937.000      -71127.1388
    1938.000      -71068.4743
    1939.000      -70964.9572
    1940.000      -71585.7528
    1941.000      -71572.9503
    1942.000      -71068.0777
    1943.000      -71291.2949
    1944.000      -71601.2353
    1945.000      -71418.4546
    1946.000      -71552.2993
    1947.000      -71344.0528
    1948.000      -71119.2014
    1949.000      -70887.9486
    1950.000      -71677.7993
    1951.000      -71400.8924
    1952.000      -71106.6918
    1953.000      -71535.5946
    1954.000      -71510.1139
    1955.000      -71438.4233
    1956.000      -71456.1031
    1957.000      -71622.5846
    1958.000      -71184.2818
    1959.000      -71327.3951
    1960.000      -71561.4248
    1961.000      -71163.6898
    1962.000      -71468.6347
    1963.000      -71294.5649
    1964.000      -71246.8916
    1965.000      -71167.3608
    1966.000      -71256.0467
    1967.000      -71265.8914
    1968.000      -71419.4186
    1969.000      -71242.8066
    1970.000      -71471.5265
    1971.000      -71448.8570
    1972.000      -71317.5911
    1973.000      -71530.6495
    1974.000      -71025.7853
    1975.000      -71357.8430
    1976.000      -71350.7952
    1977.000      -71595.7984
    1978.000      -71295.2853
    1979.000      -71379.5780
    1980.000      -71819.4074
    1981.000      -71323.9403
    1982.000      -71144.2379
    1983.000      -71459.2721
    1984.000      -71557.5904
    1985.000      -71279.6041
    1986.000      -71289.0882
    1987.000      -71513.1860
    1988.000      -71393.6949
    1989.000      -71391.0735
    1990.000      -71656.9583
    1991.000      -71092.0283
    1992.000      -71232.9307
    1993.000      -71352.4378
    1994.000      -71084.4902
    1995.000      -71728.4282
    1996.000      -71606.9296
    1997.000      -71358.2783
    1998.000      -71263.2803
    1999.000      -71484.8107
    2000.000      -71649.4732
    2001.000      -71239.8582
    2002.000      -71319.3012
    2003.000      -71374.6888
    2004.000      -71657.5349
    2005.000      -71484.2543
    2006.000      -71241.0524
    2007.000      -71369.6290
    2008.000      -71223.5068
    2009.000      -71511.6422
    2010.000      -71246.1144
    2011.000      -71255.7191
    2012.000      -71176.3787
    2013.000      -71690.5321
    2014.000      -71496.3334
    2015.000      -71597.1284
    2016.000      -71589.9043
    2017.000      -71351.0167
    2018.000      -71122.2174
    2019.000      -71698.0620
    2020.000      -71329.4300
    2021.000      -71263.4668
    2022.000      -71608.3520
    2023.000      -71415.7510
    2024.000      -71337.1776
    2025.000      -71453.9191
    2026.000      -71464.9258
    2027.000      -71169.2171
    2028.000      -71517.5263
    2029.000      -71252.6404
    2030.000      -71193.9584
    2031.000      -71514.9971
    2032.000      -71488.8539
    2033.000      -71295.7309
    2034.000      -71477.4400
    2035.000      -71335.8266
    2036.000      -71366.9440
    2037.000      -71384.3301
    2038.000      -71508.7905
    2039.000      -71403.3557
    2040.000      -71371.7624
    2041.000      -71303.7986
    2042.000      -71487.6085
    2043.000      -71511.9648
    2044.000      -71574.6373
    2045.000      -71721.8445
    2046.000      -71358.0280
    2047.000      -71472.2176
    2048.000      -71555.0275
    2049.000      -71423.3913
    2050.000      -71183.6639
    2051.000      -71740.8234
    2052.000      -71486.5442
    2053.000      -71040.1307
    2054.000      -71423.3378
    2055.000      -71570.9580
    2056.000      -71537.5006
    2057.000      -71150.9713
    2058.000      -71390.6315
    2059.000      -71268.4197
    2060.000      -71305.7650
    2061.000      -71464.8487
    2062.000      -71330.4358
    2063.000      -71445.7076
    2064.000      -71480.7901
    2065.000      -71379.6960
    2066.000      -71130.2468
    2067.000      -71174.2239
    2068.000      -71244.4837
    2069.000      -71615.7395
    2070.000      -71576.1504
    2071.000      -71627.4023
    2072.000      -71684.9395
    2073.000      -71634.1273
    2074.000      -71472.1036
    2075.000      -71668.2370
    2076.000      -71542.0760
    2077.000      -71514.7248
    2078.000      -71485.3432
    2079.000      -71623.3320
    2080.000      -71445.4833
    2081.000      -71457.9394
    2082.000      -71321.4472
    2083.000      -71387.5655
    2084.000      -71279.4035
    2085.000      -71612.3630
    2086.000      -71573.8300
    2087.000      -71621.1508
    2088.000      -71524.1468
    2089.000      -71602.7393
    2090.000      -71518.5117
    2091.000      -71248.5131
    2092.000      -71160.9577
    2093.000      -71379.5198
    2094.000      -71488.1621
    2095.000      -71198.7364
    2096.000      -71563.7820
    2097.000      -71506.2889
    2098.000      -71627.0942
    2099.000      -71685.9419
    2100.000      -71458.4603
    2101.000      -71389.5535
    2102.000      -71422.8260
    2103.000      -71408.3669
    2104.000      -71507.9872
    2105.000      -71522.9458
    2106.000      -71666.2411
    2107.000      -71492.1501
    2108.000      -71314.7300
    2109.000      -71504.6917
    2110.000      -71267.3523
    2111.000      -71490.6327
    2112.000      -71173.8402
    2113.000      -71340.2663
    2114.000      -71503.2880
    2115.000      -71294.1624
    2116.000      -71522.4856
    2117.000      -71342.9303
    2118.000      -71432.5038
    2119.000      -71410.7061
    2120.000      -71380.1418
    2121.000      -71285.8461
    2122.000      -71627.7392
    2123.000      -71770.7917
    2124.000      -71458.1627
    2125.000      -71506.3767
    2126.000      -71295.4164
    2127.000      -71306.5029
    2128.000      -71403.5110
    2129.000      -71551.1999
    2130.000      -71253.8141
    2131.000      -71751.3357
    2132.000      -71379.0591
    2133.000      -71538.1350
    2134.000      -71379.1810
    2135.000      -71152.8164
    2136.000      -71567.2754
    2137.000      -71176.0359
    2138.000      -71558.5387
    2139.000      -71570.9832
    2140.000      -71374.6453
    2141.000      -71553.8495
    2142.000      -71371.1098
    2143.000      -71382.2465
    2144.000      -71285.3057
    2145.000      -71790.8074
    2146.000      -71501.7278
    2147.000      -71476.9380
    2148.000      -71384.9465
    2149.000      -71411.0486
    2150.000      -71620.1724
    2151.000      -71648.0695
    2152.000      -71450.2605
    2153.000      -71534.8806
    2154.000      -71459.4429
    2155.000      -71317.3046
    2156.000      -71596.8983
    2157.000      -71475.0398
    2158.000      -71468.5735
    2159.000      -71338.3843
    2160.000      -71500.9489
    2161.000      -71458.9022
    2162.000      -71331.1994
    2163.000      -71769.1097
    2164.000      -71285.4143
    2165.000      -71078.6257
    2166.000      -71415.5218
    2167.000      -71430.4547
    2168.000      -71694.0465
    2169.000      -71717.8115
    2170.000      -71862.1480
    2171.000      -71549.4089
    2172.000      -71457.3227
    2173.000      -71422.2592
    2174.000      -71429.7864
    2175.000      -71411.0127
    2176.000      -71500.4206
    2177.000      -71401.5571
    2178.000      -71591.0402
    2179.000      -71372.4534
    2180.000      -71540.8801
    2181.000      -71372.8894
    2182.000      -71471.5418
    2183.000      -71645.3135
    2184.000      -71408.5317
    2185.000      -71583.1360
    2186.000      -71414.5440
    2187.000      -71654.4171
    2188.000      -71264.5286
    2189.000      -71147.0348
    2190.000      -71355.2078
    2191.000      -71187.5784
    2192.000      -71516.1277
    2193.000      -71514.5808
    2194.000      -71317.5621
    2195.000      -71284.5497
    2196.000      -71395.7216
    2197.000      -70964.8694
    2198.000      -71236.1814
    2199.000      -71473.0325
    2200.000      -71823.7698
    2201.000      -71447.7636
    2202.000      -71440.9511
    2203.000      -71685.1432
    2204.000      -71426.7737
    2205.000      -71412.1898
    2206.000      -71580.7859
    2207.000      -71374.6466
    2208.000      -71246.1934
    2209.000      -71430.8278
    2210.000      -71222.7995
    2211.000      -71303.6881
    2212.000      -71296.4258
    2213.000      -71345.9317
    2214.000      -71254.3167
    2215.000      -71273.2735
    2216.000      -71509.4249
    2217.000      -71399.1276
    2218.000      -71303.6281
    2219.000      -71855.1522
    2220.000      -71132.1949
    2221.000      -71213.4305
    2222.000      -71557.0348
    2223.000      -71170.6503
    2224.000      -71669.1620
    2225.000      -71508.6445
    2226.000      -71699.2522
    2227.000      -71408.9624
    2228.000      -71493.9819
    2229.000      -71358.7628
    2230.000      -71420.4295
    2231.000      -71264.2590
    2232.000      -71367.2520
    2233.000      -71462.1568
    2234.000      -71618.8475
    2235.000      -71217.3196
    2236.000      -71744.7619
    2237.000      -71460.5319
    2238.000      -71724.5242
    2239.000      -71421.2674
    2240.000      -71360.1191
    2241.000      -71548.1410
    2242.000      -71187.4671
    2243.000      -71491.8988
    2244.000      -71371.2099
    2245.000      -71230.7564
    2246.000      -70982.2002
    2247.000      -71262.6039
    2248.000      -71645.2729
    2249.000      -71443.2090
    2250.000      -71344.7724
    2251.000      -71368.6585
    2252.000      -71373.6484
    2253.000      -71643.4010
    2254.000      -71355.9306
    2255.000      -71247.5873
    2256.000      -71458.6914
    2257.000      -71576.3553
    2258.000      -71283.0967
    2259.000      -71362.2526
    2260.000      -71323.0676
    2261.000      -71542.2089
    2262.000      -71373.8783
    2263.000      -71472.4022
    2264.000      -71626.0710
    2265.000      -71896.0079
    2266.000      -71502.9608
    2267.000      -71861.0707
    2268.000      -71877.1992
    2269.000      -71316.4168
    2270.000      -71836.0363
    2271.000      -71429.9893
    2272.000      -71527.0189
    2273.000      -71567.4551
    2274.000      -71480.8276
    2275.000      -71535.6606
    2276.000      -71529.2000
    2277.000      -71693.0492
    2278.000      -71602.2820
    2279.000      -71709.1206
    2280.000      -71708.3916
    2281.000      -71670.6529
    2282.000      -71479.2569
    2283.000      -71527.0088
    2284.000      -71271.9372
    2285.000      -71540.4956
    2286.000      -71802.9805
    2287.000      -71515.2137
    2288.000      -71578.7828
    2289.000      -71332.9525
    2290.000      -71667.2682
    2291.000      -71469.0574
    2292.000      -71882.1400
    2293.000      -71491.2489
    2294.000      -71869.3748
    2295.000      -71547.9046
    2296.000      -71346.7486
    2297.000      -71547.6699
    2298.000      -71203.2916
    2299.000      -71442.7593
    2300.000      -71500.5899
    2301.000      -71463.4087
    2302.000      -71578.6258
    2303.000      -71796.8114
    2304.000      -71597.2546
    2305.000      -71501.5509
    2306.000      -71243.2150
    2307.000      -71733.1144
    2308.000      -71853.6917
    2309.000      -71708.1426
    2310.000      -71403.0952
    2311.000      -71445.0322
    2312.000      -71530.7616
    2313.000      -71407.9061
    2314.000      -71498.7502
    2315.000      -71423.3844
    2316.000      -71418.9337
    2317.000      -71197.3352
    2318.000      -71521.2543
    2319.000      -71128.8236
    2320.000      -71468.5251
    2321.000      -71126.3893
    2322.000      -71515.5664
    2323.000      -71382.3742
    2324.000      -71450.9641
    2325.000      -71726.1014
    2326.000      -71288.0755
    2327.000      -71390.5049
    2328.000      -71530.2243
    2329.000      -71577.3132
    2330.000      -71213.0055
    2331.000      -71474.3282
    2332.000      -71395.4290
    2333.000      -71613.4591
    2334.000      -71535.2455
    2335.000      -71267.9573
    2336.000      -71684.7234
    2337.000      -71540.6574
    2338.000      -71093.6789
    2339.000      -71035.0741
    2340.000      -71660.6158
    2341.000      -71690.9694
    2342.000      -71558.3993
    2343.000      -71838.3664
    2344.000      -71025.7634
    2345.000      -71383.8295
    2346.000      -71857.4084
    2347.000      -71644.8767
    2348.000      -71663.4319
    2349.000      -71547.8491
    2350.000      -71697.7505
    2351.000      -71539.9933
    2352.000      -71750.1957
    2353.000      -71717.8337
    2354.000      -71632.5056
    2355.000      -71497.8428
    2356.000      -71294.7601
    2357.000      -71722.1432
    2358.000      -71521.4028
    2359.000      -71367.5895
    2360.000      -71713.8028
    2361.000      -71480.0480
    2362.000      -71344.3524
    2363.000      -71583.1438
    2364.000      -71467.5853
    2365.000      -71433.6651
    2366.000      -71185.6924
    2367.000      -71557.3276
    2368.000      -71652.0595
    2369.000      -71456.7877
    2370.000      -71231.4525
    2371.000      -71350.8714
    2372.000      -71507.1699
    2373.000      -71170.7566
    2374.000      -71695.4384
    2375.000      -71524.4730
    2376.000      -71479.0368
    2377.000      -71564.5786
    2378.000      -71515.0612
    2379.000      -71615.6611
    2380.000      -71549.6450
    2381.000      -71671.7605
    2382.000      -71485.3477
    2383.000      -71875.2378
    2384.000      -71324.7742
    2385.000      -71321.8902
    2386.000      -71453.5784
    2387.000      -71386.0711
    2388.000      -71594.7480
    2389.000      -71727.7554
    2390.000      -71267.5221
    2391.000      -71389.3672
    2392.000      -71517.3979
    2393.000      -71258.5553
    2394.000      -71649.8961
    2395.000      -71148.0808
    2396.000      -71620.0479
    2397.000      -71377.8665
    2398.000      -71427.4801
    2399.000      -71518.1518
    2400.000      -71485.4942
    2401.000      -71253.0646
    2402.000      -71439.5870
    2403.000      -71365.3050
    2404.000      -71495.0009
    2405.000      -71605.6562
    2406.000      -71618.8563
    2407.000      -71491.5452
    2408.000      -71539.3381
    2409.000      -71453.0795
    2410.000      -71306.7061
    2411.000      -71348.6470
    2412.000      -71317.1990
    2413.000      -71264.7647
    2414.000      -71580.3679
    2415.000      -71733.6544
    2416.000      -71624.8047
    2417.000      -71591.4377
    2418.000      -71537.8345
    2419.000      -71453.3013
    2420.000      -71310.9517
    2421.000      -71804.4169
    2422.000      -71501.5914
    2423.000      -71674.5205
    2424.000      -71700.4544
    2425.000      -71563.5213
    2426.000      -71535.6853
    2427.000      -71351.6513
    2428.000      -71604.1358
    2429.000      -71125.8892
    2430.000      -71613.5469
    2431.000      -71276.1456
    2432.000      -71358.0058
    2433.000      -71734.3904
    2434.000      -71428.9496
    2435.000      -71298.0433
    2436.000      -71564.0202
    2437.000      -71678.9888
    2438.000      -71418.3839
    2439.000      -71222.1881
    2440.000      -71323.5275
    2441.000      -71366.6534
    2442.000      -71416.8165
    2443.000      -71160.1440
    2444.000      -71513.8880
    2445.000      -71377.3050
    2446.000      -71740.6826
    2447.000      -71436.8867
    2448.000      -71321.6227
    2449.000      -71281.4925
    2450.000      -71634.5462
    2451.000      -71467.5153
    2452.000      -71288.9437
    2453.000      -71509.6432
    2454.000      -71499.7028
    2455.000      -71026.1425
    2456.000      -71338.0855
    2457.000      -71326.6203
    2458.000      -71566.6227
    2459.000      -71203.0564
    2460.000      -71668.7354
    2461.000      -71528.0059
    2462.000      -71413.4146
    2463.000      -71315.7505
    2464.000      -71327.5323
    2465.000      -71398.2311
    2466.000      -71317.5618
    2467.000      -71744.1137
    2468.000      -71641.3650
    2469.000      -71348.1922
    2470.000      -71264.8089
    2471.000      -71412.5690
    2472.000      -71541.7255
    2473.000      -71587.9964
    2474.000      -71267.1231
    2475.000      -71543.9547
    2476.000      -71576.9519
    2477.000      -71283.2338
    2478.000      -71337.5428
    2479.000      -71546.8759
    2480.000      -71409.5594
    2481.000      -71499.5007
    2482.000      -71292.8132
    2483.000      -71478.6086
    2484.000      -71704.8243
    2485.000      -71555.9204
    2486.000      -71426.8530
    2487.000      -71241.3660
    2488.000      -71320.0001
    2489.000      -71585.7918
    2490.000      -71431.4606
    2491.000      -71069.8329
    2492.000      -71185.7708
    2493.000      -71612.4263
    2494.000      -71433.8108
    2495.000      -71685.3510
    2496.000      -71548.7281
    2497.000      -71447.2409
    2498.000      -71179.4630
    2499.000      -71674.8489
    2500.000      -71426.8093
    2501.000      -71369.8819
    2502.000      -71429.5627
    2503.000      -71276.5512
    2504.000      -71116.3703
    2505.000      -71311.4000
    2506.000      -71496.1379
    2507.000      -71480.1020
    2508.000      -71654.8725
    2509.000      -71182.9128
    2510.000      -71478.3713
    2511.000      -71907.3939
    2512.000      -71376.5027
    2513.000      -71537.6456
    2514.000      -71227.0823
    2515.000      -71384.1816
    2516.000      -71454.8059
    2517.000      -71363.9809
    2518.000      -71311.9097
    2519.000      -71207.0702
    2520.000      -71689.7583
    2521.000      -71641.3029
    2522.000      -71658.8876
    2523.000      -71717.3861
    2524.000      -71387.2427
    2525.000      -71666.9757
    2526.000      -71548.2157
    2527.000      -71490.5786
    2528.000      -71264.7672
    2529.000      -71287.8491
    2530.000      -71398.2309
    2531.000      -71434.0980
    2532.000      -71632.9215
    2533.000      -71110.4758
    2534.000      -71286.9104
    2535.000      -71756.6891
    2536.000      -71457.1537
    2537.000      -71563.4134
    2538.000      -71629.1835
    2539.000      -71642.6464
    2540.000      -71606.0762
    2541.000      -71640.8547
    2542.000      -71526.9580
    2543.000      -71558.6121
    2544.000      -71558.1729
    2545.000      -71577.9917
    2546.000      -71482.3999
    2547.000      -71481.8115
    2548.000      -71557.1496
    2549.000      -71277.1853
    2550.000      -71398.6005
    2551.000      -71341.0614
    2552.000      -71209.4373
    2553.000      -71282.9572
    2554.000      -71574.5222
    2555.000      -71716.3986
    2556.000      -71502.7058
    2557.000      -71618.7441
    2558.000      -71245.8726
    2559.000      -71238.1586
    2560.000      -71758.7913
    2561.000      -71397.0327
    2562.000      -71450.8102
    2563.000      -71286.0003
    2564.000      -71906.0256
    2565.000      -71483.0127
    2566.000      -71448.4507
    2567.000      -71326.7171
    2568.000      -71456.3078
    2569.000      -71350.3664
    2570.000      -71717.9692
    2571.000      -71358.0902
    2572.000      -71285.3406
    2573.000      -71669.7342
    2574.000      -71311.4503
    2575.000      -71707.5339
    2576.000      -71353.5935
    2577.000      -71493.8056
    2578.000      -71704.1825
    2579.000      -71680.1891
    2580.000      -71390.7928
    2581.000      -71255.6691
    2582.000      -71272.3390
    2583.000      -71389.2895
    2584.000      -71410.5498
    2585.000      -71817.0730
    2586.000      -71331.8287
    2587.000      -71732.0921
    2588.000      -71546.5723
    2589.000      -71736.2066
    2590.000      -71526.9828
    2591.000      -71436.3959
    2592.000      -71404.8586
    2593.000      -71372.8284
    2594.000      -70965.3271
    2595.000      -71383.6725
    2596.000      -71502.6709
    2597.000      -71443.7903
    2598.000      -71441.8151
    2599.000      -71330.6329
    2600.000      -71030.1038
    2601.000      -71205.7693
    2602.000      -71512.3887
    2603.000      -71462.5845
    2604.000      -71641.1985
    2605.000      -71300.3847
    2606.000      -71524.9489
    2607.000      -71409.0394
    2608.000      -71790.2977
    2609.000      -71548.5059
    2610.000      -71434.8234
    2611.000      -71617.3093
    2612.000      -71409.6127
    2613.000      -71631.9771
    2614.000      -71436.1576
    2615.000      -71608.8396
    2616.000      -71425.7965
    2617.000      -71424.7668
    2618.000      -71373.1632
    2619.000      -71350.5304
    2620.000      -71505.6740
    2621.000      -71309.0237
    2622.000      -71323.8446
    2623.000      -71676.6599
    2624.000      -71359.6748
    2625.000      -71709.1678
    2626.000      -71525.6905
    2627.000      -71102.6441
    2628.000      -71471.6939
    2629.000      -71431.9279
    2630.000      -71500.1096
    2631.000      -71352.4723
    2632.000      -71970.0331
    2633.000      -71477.5325
    2634.000      -71261.0217
    2635.000      -71586.7780
    2636.000      -71791.8503
    2637.000      -71539.8513
    2638.000      -71609.2014
    2639.000      -71580.4790
    2640.000      -71555.3694
    2641.000      -71719.5436
    2642.000      -71772.7387
    2643.000      -71264.3835
    2644.000      -71742.3708
    2645.000      -71486.5991
    2646.000      -71751.5117
    2647.000      -71588.5259
    2648.000      -71577.3988
    2649.000      -71385.2473
    2650.000      -71573.3216
    2651.000      -71385.3129
    2652.000      -71436.3598
    2653.000      -71271.9502
    2654.000      -71275.9497
    2655.000      -71961.1057
    2656.000      -71652.5628
    2657.000      -71512.1586
    2658.000      -71461.2670
    2659.000      -71298.6904
    2660.000      -71551.9159
    2661.000      -71644.8829
    2662.000      -71386.2779
    2663.000      -71491.5347
    2664.000      -71279.6508
    2665.000      -71269.4602
    2666.000      -71710.4182
    2667.000      -71573.5140
    2668.000      -71501.8924
    2669.000      -71614.7739
    2670.000      -71693.8083
    2671.000      -71409.8089
    2672.000      -71007.9623
    2673.000      -71432.9318
    2674.000      -71409.2663
    2675.000      -71570.8880
    2676.000      -71577.1567
    2677.000      -71109.0115
    2678.000      -71533.0397
    2679.000      -71350.4550
    2680.000      -71408.3341
    2681.000      -71738.2487
    2682.000      -71375.2477
    2683.000      -70998.4881
    2684.000      -71295.9182
    2685.000      -71673.5936
    2686.000      -71454.9613
    2687.000      -71733.7983
    2688.000      -71173.6153
    2689.000      -71598.3736
    2690.000      -71606.4451
    2691.000      -71828.0847
    2692.000      -71786.4311
    2693.000      -71677.8799
    2694.000      -71527.3944
    2695.000      -71542.7263
    2696.000      -71796.5942
    2697.000      -71571.4976
    2698.000      -71438.8961
    2699.000      -71469.7667
    2700.000      -71622.5729
    2701.000      -71600.2143
    2702.000      -71149.4646
    2703.000      -71195.1150
    2704.000      -71397.7244
    2705.000      -71865.8677
    2706.000      -71461.6061
    2707.000      -71517.5412
    2708.000      -71429.3896
    2709.000      -71265.0326
    2710.000      -71409.1709
    2711.000      -71440.3893
    2712.000      -71502.6589
    2713.000      -71715.9825
    2714.000      -71435.0321
    2715.000      -71626.9435
    2716.000      -71256.7954
    2717.000      -71519.1571
    2718.000      -71403.3064
    2719.000      -71850.6820
    2720.000      -71475.8370
    2721.000      -71581.7731
    2722.000      -71310.7354
    2723.000      -71365.9344
    2724.000      -71773.8530
    2725.000      -71572.7806
    2726.000      -71572.1739
    2727.000      -71562.8721
    2728.000      -71763.6347
    2729.000      -71354.8067
    2730.000      -71516.4710
    2731.000      -71555.9737
    2732.000      -71611.3171
    2733.000      -71253.7357
    2734.000      -71197.8382
    2735.000      -71263.5831
    2736.000      -71152.5234
    2737.000      -71430.7881
    2738.000      -71676.6116
    2739.000      -71597.5116
    2740.000      -71505.8527
    2741.000      -71502.2572
    2742.000      -71293.8946
    2743.000      -71343.4285
    2744.000      -71574.4775
    2745.000      -71200.0988
    2746.000      -71367.7845
    2747.000      -71459.1355
    2748.000      -71796.8613
    2749.000      -71673.5246
    2750.000      -71522.8524
    2751.000      -71268.4427
    2752.000      -71567.4320
    2753.000      -71166.2639
    2754.000      -71260.6597
    2755.000      -71679.4529
    2756.000      -71435.8342
    2757.000      -71524.8715
    2758.000      -71243.8455
    2759.000      -71583.4712
    2760.000      -71590.2734
    2761.000      -71677.4811
    2762.000      -71385.6536
    2763.000      -71414.4278
    2764.000      -71514.1556
    2765.000      -71361.6885
    2766.000      -71622.2613
    2767.000      -71418.1240
    2768.000      -71418.2709
    2769.000      -71589.0776
    2770.000      -71458.2289
    2771.000      -71590.9945
    2772.000      -71753.7283
    2773.000      -71634.5730
    2774.000      -71600.1008
    2775.000      -71383.3439
    2776.000      -71758.1271
    2777.000      -71441.5273
    2778.000      -71405.2540
    2779.000      -71537.3802
    2780.000      -71989.5243
    2781.000      -71883.8527
    2782.000      -71702.0113
    2783.000      -71646.1738
    2784.000      -71491.5612
    2785.000      -71458.4721
    2786.000      -71234.3766
    2787.000      -71509.0652
    2788.000      -71592.8442
    2789.000      -71487.7809
    2790.000      -71687.3294
    2791.000      -71493.6322
    2792.000      -71936.5345
    2793.000      -71540.5680
    2794.000      -71794.5218
    2795.000      -71408.4219
    2796.000      -71439.4661
    2797.000      -71423.9070
    2798.000      -71396.2903
    2799.000      -71525.3693
    2800.000      -71677.3222
    2801.000      -71420.1299
    2802.000      -71351.1485
    2803.000      -71389.4755
    2804.000      -71660.7928
    2805.000      -71589.8045
    2806.000      -71898.4389
    2807.000      -71474.4841
    2808.000      -71494.1597
    2809.000      -71258.8426
    2810.000      -71654.3524
    2811.000      -71411.6409
    2812.000      -71479.4560
    2813.000      -71300.5614
    2814.000      -71644.3950
    2815.000      -71110.1624
    2816.000      -71445.7580
    2817.000      -71241.4318
    2818.000      -71627.2429
    2819.000      -71510.0040
    2820.000      -71570.0597
    2821.000      -71466.4396
    2822.000      -71761.8557
    2823.000      -71538.3751
    2824.000      -71575.4690
    2825.000      -71478.7005
    2826.000      -71509.6427
    2827.000      -71237.5426
    2828.000      -71486.6967
    2829.000      -71395.6733
    2830.000      -71306.3375
    2831.000      -71838.5338
    2832.000      -71580.4967
    2833.000      -71390.3812
    2834.000      -71568.0247
    2835.000      -71304.6128
    2836.000      -71371.9185
    2837.000      -71456.3488
    2838.000      -71515.2108
    2839.000      -71419.7291
    2840.000      -71552.3653
    2841.000      -71548.7261
    2842.000      -71139.4142
    2843.000      -71239.5163
    2844.000      -71350.3354
    2845.000      -71662.7371
    2846.000      -71838.8753
    2847.000      -71489.5886
    2848.000      -71526.7170
    2849.000      -71568.7564
    2850.000      -71308.0601
    2851.000      -71394.5360
    2852.000      -71650.7781
    2853.000      -71087.7535
    2854.000      -71215.0152
    2855.000      -71386.5090
    2856.000      -71586.4731
    2857.000      -71554.8296
    2858.000      -71529.3270
    2859.000      -71615.6069
    2860.000      -71418.1684
    2861.000      -71804.6946
    2862.000      -71766.4046
    2863.000      -71750.8580
    2864.000      -71529.1566
    2865.000      -71262.4732
    2866.000      -71614.8378
    2867.000      -71374.6082
    2868.000      -71514.7681
    2869.000      -71712.3954
    2870.000      -71516.3970
    2871.000      -71358.0763
    2872.000      -71371.8821
    2873.000      -71438.9586
    2874.000      -71982.1638
    2875.000      -71553.2303
    2876.000      -71701.3532
    2877.000      -71431.9145
    2878.000      -71607.8795
    2879.000      -71483.2438
    2880.000      -71634.7781
    2881.000      -71742.1886
    2882.000      -71488.7905
    2883.000      -71462.0960
    2884.000      -71476.4019
    2885.000      -71444.3800
    2886.000      -71420.8577
    2887.000      -71689.6896
    2888.000      -71539.6998
    2889.000      -71125.9822
    2890.000      -71239.5238
    2891.000      -71365.9616
    2892.000      -71361.4753
    2893.000      -71456.1366
    2894.000      -71379.7180
    2895.000      -71417.6144
    2896.000      -71716.0059
    2897.000      -71057.4374
    2898.000      -71551.5354
    2899.000      -71430.7853
    2900.000      -71545.4822
    2901.000      -71347.6256
    2902.000      -71478.3710
    2903.000      -71264.2994
    2904.000      -71620.3206
    2905.000      -71828.3222
    2906.000      -71606.4975
    2907.000      -71364.4713
    2908.000      -71627.3025
    2909.000      -71260.9689
    2910.000      -71357.2195
    2911.000      -71409.4953
    2912.000      -71533.8773
    2913.000      -71431.6578
    2914.000      -71552.8380
    2915.000      -71621.6607
    2916.000      -71780.2662
    2917.000      -71060.1736
    2918.000      -71377.8147
    2919.000      -71276.5215
    2920.000      -71278.9483
    2921.000      -71210.5144
    2922.000      -71705.6938
    2923.000      -71354.2059
    2924.000      -71339.8957
    2925.000      -71385.1571
    2926.000      -71238.8658
    2927.000      -71472.9032
    2928.000      -71335.6720
    2929.000      -71432.9168
    2930.000      -71380.7779
    2931.000      -71254.2139
    2932.000      -71382.5002
    2933.000      -71501.5771
    2934.000      -71778.6836
    2935.000      -71654.2452
    2936.000      -71630.7122
    2937.000      -71563.3482
    2938.000      -71320.3035
    2939.000      -71456.4530
    2940.000      -71732.3803
    2941.000      -71682.7917
    2942.000      -71972.0924
    2943.000      -71348.9100
    2944.000      -71574.4872
    2945.000      -71499.3442
    2946.000      -71376.9194
    2947.000      -71467.0402
    2948.000      -71703.0742
    2949.000      -71321.5582
    2950.000      -71478.9635
    2951.000      -71339.0861
    2952.000      -71657.4088
    2953.000      -71723.7260
    2954.000      -71497.6642
    2955.000      -71596.7146
    2956.000      -71571.7321
    2957.000      -71466.3542
    2958.000      -71357.3633
    2959.000      -71662.5834
    2960.000      -71579.4882
    2961.000      -71521.5517
    2962.000      -71252.8175
    2963.000      -71434.4700
    2964.000      -71658.4988
    2965.000      -71825.3424
    2966.000      -71810.3116
    2967.000      -71320.3769
    2968.000      -71371.9814
    2969.000      -71614.9978
    2970.000      -71612.6501
    2971.000      -71489.9916
    2972.000      -71478.0720
    2973.000      -71622.5934
    2974.000      -71598.6356
    2975.000      -71536.2965
    2976.000      -71686.5994
    2977.000      -71799.5218
    2978.000      -71705.2446
    2979.000      -71511.0119
    2980.000      -71332.8441
    2981.000      -71358.3861
    2982.000      -71529.2134
    2983.000      -71446.6406
    2984.000      -71246.6517
    2985.000      -71318.3019
    2986.000      -71381.8172
    2987.000      -71793.4431
    2988.000      -71507.2584
    2989.000      -71422.6912
    2990.000      -71609.8936
    2991.000      -71410.0672
    2992.000      -71205.4585
    2993.000      -71304.5164
    2994.000      -71487.9094
    2995.000      -71436.7429
    2996.000      -71594.4309
    2997.000      -71439.8897
    2998.000      -71390.5467
    2999.000      -71411.2488
    3000.000      -71498.4012
    3001.000      -71259.4280
    3002.000      -71553.5517
    3003.000      -71343.5508
    3004.000      -71481.6318
    3005.000      -71514.1706
    3006.000      -71398.0955
    3007.000      -71694.3459
    3008.000      -71280.2795
    3009.000      -71641.0904
    3010.000      -71343.1825
    3011.000      -71630.4136
    3012.000      -71581.8477
    3013.000      -71588.1271
    3014.000      -71612.7641
    3015.000      -71548.7164
    3016.000      -71498.2200
    3017.000      -71309.3521
    3018.000      -71523.6238
    3019.000      -71373.5281
    3020.000      -71724.7015
    3021.000      -71522.0384
    3022.000      -71584.8981
    3023.000      -71862.4249
    3024.000      -71447.2661
    3025.000      -71491.1711
    3026.000      -71303.5659
    3027.000      -71572.7562
    3028.000      -71522.9234
    3029.000      -71706.7388
    3030.000      -71606.3999
    3031.000      -71699.8648
    3032.000      -71407.3462
    3033.000      -71390.0404
    3034.000      -71448.4282
    3035.000      -71577.8807
    3036.000      -71375.7240
    3037.000      -71643.9668
    3038.000      -71470.2238
    3039.000      -71452.5462
    3040.000      -71903.1082
