     141.000   -638.0
     142.000   -292.2
     143.000   -346.3
     144.000     22.9
     145.000   -225.5
     146.000     15.4
     147.000   -246.3
     148.000   -105.9
     149.000    -87.3
     150.000    143.9
     151.000    121.9
     152.000    235.7
     153.000    -92.8
     154.000    -22.9
     155.000     22.9
     156.000    -27.0
     157.000   -125.2
     158.000   -129.3
     159.000     66.1
     160.000    -80.5
     161.000    -90.4
     162.000    -56.2
     163.000     96.9
     164.000    130.7
     165.000    -28.7
     166.000     -8.3
     167.000    -74.3
     168.000     -8.5
     169.000   -222.1
     170.000     12.0
     171.000     30.8
     172.000    -55.0
     173.000   -233.7
     174.000    -80.6
     175.000    -83.6
     176.000    152.9
     177.000     54.1
     178.000    182.7
     179.000    196.7
     180.000    144.1
     181.000    -43.8
     182.000   -124.6
     183.000     98.5
     184.000    143.3
     185.000     15.9
     186.000    113.0
     187.000   -181.5
     188.000    159.8
     189.000     70.0
     190.000    -78.4
     191.000    -61.8
     192.000    -25.8
     193.000     54.0
     194.000     17.2
     195.000    152.6
     196.000    168.8
     197.000    238.3
     198.000     14.2
     199.000     -8.0
     200.000    180.1
     201.000    -54.7
     202.000     -6.8
     203.000    136.6
     204.000    -29.3
     205.000    128.7
     206.000   -120.3
     207.000   -142.0
     208.000   -154.1
     209.000    -52.1
     210.000    -57.0
     211.000    -38.3
     212.000    172.1
     213.000    -83.5
     214.000     91.0
     215.000    103.2
     216.000      3.3
     217.000   -149.5
     218.000     58.4
     219.000     58.2
     220.000   -162.2
     221.000    144.2
     222.000    102.9
     223.000     32.8
     224.000    120.5
     225.000    -53.2
     226.000   -173.2
     227.000   -197.8
     228.000    125.9
     229.000     54.5
     230.000     69.4
     231.000   -110.5
     232.000    -12.4
     233.000    -11.7
     234.000     11.0
     235.000    -37.5
     236.000    189.7
     237.000    -27.8
     238.000     18.9
     239.000     61.3
     240.000   -150.8
     241.000    -89.2
     242.000    -43.6
     243.000    -56.1
     244.000    -99.4
     245.000    -11.2
     246.000     -1.9
     247.000      3.4
     248.000   -204.1
     249.000    199.1
     250.000    -48.8
     251.000    117.2
     252.000   -189.2
     253.000   -111.6
     254.000     87.1
     255.000    216.9
     256.000    -98.8
     257.000    133.7
     258.000    -35.4
     259.000    139.8
     260.000     18.1
     261.000     91.8
     262.000     25.4
     263.000    -73.1
     264.000     98.1
     265.000    111.5
     266.000   -266.8
     267.000    -20.3
     268.000    -87.5
     269.000     91.5
     270.000     97.3
     271.000    -49.0
     272.000    215.0
     273.000      7.1
     274.000      4.5
     275.000     63.6
     276.000    113.7
     277.000    138.8
     278.000    110.3
     279.000   -158.7
     280.000   -127.5
     281.000    141.2
     282.000    155.1
     283.000     99.3
     284.000   -123.2
     285.000    -19.3
     286.000     24.3
     287.000     73.2
     288.000   -133.7
     289.000     14.1
     290.000    -43.2
     291.000     64.6
     292.000    146.7
     293.000   -150.5
     294.000     74.2
     295.000     -2.8
     296.000      2.4
     297.000     -8.0
     298.000    113.9
     299.000    124.8
     300.000    -28.8
     301.000     81.5
     302.000     71.1
     303.000     -6.2
     304.000     50.0
     305.000   -258.1
     306.000     11.6
     307.000    -84.1
     308.000   -103.4
     309.000    -25.1
     310.000    -85.4
     311.000    -67.4
     312.000    157.6
     313.000     27.0
     314.000    -63.7
     315.000    -74.0
     316.000     -6.0
     317.000    -65.5
     318.000     53.4
     319.000   -146.3
     320.000    -63.8
     321.000     38.3
     322.000     82.5
     323.000   -116.7
     324.000     45.8
     325.000     30.2
     326.000    -92.7
     327.000    199.3
     328.000    101.5
     329.000     32.4
     330.000     75.3
     331.000    206.8
     332.000    247.1
     333.000    104.1
     334.000    173.1
     335.000     54.1
     336.000    231.4
     337.000    -40.0
     338.000     13.3
     339.000    119.9
     340.000    114.0
     341.000    183.7
     342.000     83.6
     343.000   -110.2
     344.000    -47.6
     345.000   -247.7
     346.000      9.8
     347.000    125.5
     348.000   -102.3
     349.000    143.3
     350.000      8.4
     351.000    143.8
     352.000    172.9
     353.000    -54.2
     354.000    -49.5
     355.000      3.5
     356.000    127.0
     357.000    -67.6
     358.000     17.7
     359.000     27.8
     360.000    -35.4
     361.000     81.5
     362.000     62.6
     363.000     93.4
     364.000    116.0
     365.000     67.3
     366.000    -10.3
     367.000    147.4
     368.000     87.2
     369.000    -27.4
     370.000     20.8
     371.000   -256.4
     372.000   -153.2
     373.000     34.2
     374.000    192.6
     375.000     29.7
     376.000     74.7
     377.000    103.9
     378.000    135.6
     379.000    111.3
     380.000    179.5
     381.000    338.4
     382.000     98.5
     383.000   -252.4
     384.000    157.9
     385.000   -157.7
     386.000     35.3
     387.000     33.8
     388.000      2.2
     389.000     35.3
     390.000      9.9
     391.000    109.8
     392.000    149.8
     393.000   -223.6
     394.000     55.4
     395.000    167.9
     396.000   -216.2
     397.000    182.9
     398.000     31.8
     399.000    -22.6
     400.000   -145.2
     401.000    -31.6
     402.000     -8.0
     403.000    -15.0
     404.000     30.0
     405.000      8.1
     406.000     59.5
     407.000     41.5
     408.000    206.0
     409.000     13.6
     410.000    115.0
     411.000   -118.4
     412.000   -238.4
     413.000    103.8
     414.000     33.8
     415.000   -195.8
     416.000     12.3
     417.000    134.2
     418.000     29.6
     419.000   -117.3
     420.000     91.7
     421.000     29.1
     422.000    -64.9
     423.000    142.0
     424.000     98.7
     425.000      0.5
     426.000   -139.8
     427.000    -19.3
     428.000    -85.1
     429.000     65.2
     430.000   -255.2
     431.000     99.5
     432.000   -197.5
     433.000    -17.8
     434.000     26.5
     435.000      6.2
     436.000    -80.7
     437.000     34.1
     438.000    115.3
     439.000    125.5
     440.000   -297.9
     441.000   -264.0
     442.000   -101.2
     443.000    -65.6
     444.000   -110.8
     445.000    237.6
     446.000     67.3
     447.000   -176.3
     448.000    106.0
     449.000     31.3
     450.000    141.4
     451.000     91.0
     452.000    -51.8
     453.000   -159.6
     454.000    -13.8
     455.000      3.2
     456.000      0.4
     457.000     14.2
     458.000    120.4
     459.000     58.2
     460.000    -84.8
     461.000    -26.4
     462.000     19.5
     463.000    -97.2
     464.000    -47.4
     465.000    151.6
     466.000     33.1
     467.000    -34.5
     468.000    -28.9
     469.000   -104.5
     470.000     53.0
     471.000    -57.6
     472.000   -159.6
     473.000     74.1
     474.000     67.6
     475.000    -42.3
     476.000     22.6
     477.000     89.4
     478.000    251.1
     479.000     23.2
     480.000     70.3
     481.000   -174.8
     482.000   -121.3
     483.000   -255.8
     484.000   -233.9
     485.000    -81.1
     486.000    151.7
     487.000   -282.5
     488.000    -62.7
     489.000   -116.8
     490.000   -113.8
     491.000     93.8
     492.000   -123.5
     493.000    -33.0
     494.000    -21.2
     495.000     39.9
     496.000     51.2
     497.000     22.3
     498.000   -275.2
     499.000   -160.7
     500.000     56.1
     501.000    218.4
     502.000     12.7
     503.000    -21.0
     504.000    -60.0
     505.000    141.7
     506.000    -21.7
     507.000     -4.0
     508.000     37.0
     509.000    115.0
     510.000    -89.6
     511.000    130.8
     512.000     41.1
     513.000     83.4
     514.000    137.6
     515.000   -188.9
     516.000    -21.1
     517.000    -50.9
     518.000    -21.1
     519.000    144.4
     520.000    -17.7
     521.000     51.9
     522.000    -44.7
     523.000    160.6
     524.000   -207.1
     525.000    175.7
     526.000     56.4
     527.000    -87.9
     528.000     99.3
     529.000     32.1
     530.000    -69.5
     531.000   -216.1
     532.000    -65.3
     533.000     55.0
     534.000    131.2
     535.000   -112.8
     536.000     41.2
     537.000   -101.4
     538.000    175.0
     539.000    -98.2
     540.000    -54.6
     541.000     95.5
     542.000    109.1
     543.000   -111.5
     544.000    137.0
     545.000   -286.8
     546.000     68.5
     547.000    160.2
     548.000    109.7
     549.000     92.1
     550.000    -25.4
     551.000     85.3
     552.000    -42.7
     553.000     72.0
     554.000     59.5
     555.000    148.6
     556.000    -98.3
     557.000     87.7
     558.000     69.1
     559.000    124.1
     560.000    126.1
     561.000     -6.4
     562.000      9.4
     563.000   -134.6
     564.000    141.9
     565.000   -327.4
     566.000    -18.1
     567.000    -48.2
     568.000   -125.1
     569.000    -10.2
     570.000    -13.4
     571.000    120.9
     572.000    -56.9
     573.000     66.5
     574.000     37.2
     575.000    206.7
     576.000     90.2
     577.000   -106.2
     578.000    151.2
     579.000     19.9
     580.000     72.9
     581.000    -93.3
     582.000     -9.9
     583.000     85.1
     584.000    -20.6
     585.000    106.2
     586.000   -113.7
     587.000     98.7
     588.000     50.0
     589.000   -238.9
     590.000      1.4
     591.000    -79.6
     592.000     70.4
     593.000   -184.5
     594.000   -218.5
     595.000     -3.1
     596.000     71.8
     597.000    -18.1
     598.000   -106.6
     599.000     69.2
     600.000    107.9
     601.000    -44.6
     602.000   -120.5
     603.000    -64.7
     604.000     18.1
     605.000    133.4
     606.000    -76.5
     607.000    137.2
     608.000    -17.1
     609.000    -43.8
     610.000     71.8
     611.000     93.5
     612.000     99.2
     613.000   -137.1
     614.000    128.5
     615.000    -59.8
     616.000     86.1
     617.000    211.4
     618.000    -62.0
     619.000   -180.4
     620.000     47.9
     621.000    -95.2
     622.000    -31.1
     623.000     82.4
     624.000    -78.8
     625.000     67.9
     626.000    -61.0
     627.000    -79.5
     628.000   -171.2
     629.000   -288.6
     630.000     -8.8
     631.000   -109.9
     632.000     19.6
     633.000     61.1
     634.000   -153.8
     635.000   -121.4
     636.000   -210.4
     637.000   -147.8
     638.000    -20.5
     639.000   -154.7
     640.000    123.1
     641.000     -1.8
     642.000    -26.9
     643.000    161.8
     644.000   -104.8
     645.000     93.6
     646.000    125.6
     647.000    156.9
     648.000   -213.3
     649.000     46.3
     650.000    266.7
     651.000    -44.7
     652.000    184.4
     653.000    -53.4
     654.000   -446.1
     655.000    100.3
     656.000     15.5
     657.000     85.7
     658.000   -173.1
     659.000     28.3
     660.000    132.4
     661.000     14.0
     662.000   -103.5
     663.000    362.5
     664.000    -41.6
     665.000     49.2
     666.000    132.2
     667.000   -105.7
     668.000     68.7
     669.000     88.5
     670.000   -140.5
     671.000    123.3
     672.000      1.4
     673.000    -11.2
     674.000     72.9
     675.000   -142.4
     676.000    244.9
     677.000    222.5
     678.000     59.3
     679.000    176.3
     680.000     93.1
     681.000    192.1
     682.000    130.5
     683.000    -87.0
     684.000   -271.7
     685.000    167.3
     686.000     40.0
     687.000   -171.9
     688.000    -60.6
     689.000    -81.1
     690.000     73.0
     691.000      2.1
     692.000      0.1
     693.000     50.8
     694.000     -5.5
     695.000   -153.9
     696.000    -19.5
     697.000    224.9
     698.000   -226.6
     699.000    -37.5
     700.000     70.0
     701.000      0.3
     702.000   -177.7
     703.000     18.3
     704.000   -211.8
     705.000    139.1
     706.000     -4.2
     707.000     -2.4
     708.000    -85.9
     709.000     -1.7
     710.000   -151.3
     711.000    124.0
     712.000    -69.5
     713.000     17.2
     714.000     17.5
     715.000     42.4
     716.000     54.0
     717.000      3.5
     718.000     30.8
     719.000   -226.4
     720.000    -98.7
     721.000      9.9
     722.000      2.7
     723.000    183.5
     724.000    330.7
     725.000     80.6
     726.000   -122.0
     727.000    -81.9
     728.000     88.3
     729.000     66.6
     730.000   -126.0
     731.000    -18.3
     732.000    180.2
     733.000     -7.1
     734.000      7.7
     735.000    -36.2
     736.000    -78.7
     737.000     25.4
     738.000     88.5
     739.000    -71.9
     740.000   -210.9
     741.000     83.1
     742.000    -33.3
     743.000    -28.0
     744.000    -63.4
     745.000     69.9
     746.000      5.2
     747.000     57.8
     748.000    -85.4
     749.000     34.3
     750.000     35.5
     751.000    -90.8
     752.000     54.4
     753.000      1.5
     754.000    -13.0
     755.000    137.9
     756.000   -206.6
     757.000     59.7
     758.000     31.0
     759.000    -20.2
     760.000    -50.7
     761.000   -136.9
     762.000    151.4
     763.000    174.3
     764.000    102.2
     765.000    -45.2
     766.000    104.1
     767.000    260.5
     768.000     22.4
     769.000     39.8
     770.000    340.9
     771.000      6.7
     772.000   -125.0
     773.000    -32.0
     774.000    -72.3
     775.000    -30.7
     776.000    -83.6
     777.000   -130.8
     778.000     40.9
     779.000   -154.3
     780.000    -85.6
     781.000    -17.2
     782.000   -162.9
     783.000     62.4
     784.000    -83.8
     785.000     15.8
     786.000   -133.7
     787.000     -4.6
     788.000     60.3
     789.000   -255.6
     790.000    -44.5
     791.000    -84.1
     792.000    247.2
     793.000    104.0
     794.000   -122.0
     795.000    193.3
     796.000    -11.1
     797.000   -135.5
     798.000    -85.9
     799.000    -73.4
     800.000    292.0
     801.000     71.2
     802.000     22.0
     803.000    -54.5
     804.000    -86.1
     805.000    -51.2
     806.000     83.1
     807.000    164.1
     808.000     64.0
     809.000   -185.6
     810.000    212.9
     811.000    -69.7
     812.000    -57.3
     813.000    -40.3
     814.000    178.1
     815.000     24.0
     816.000     90.0
     817.000    223.9
     818.000    -16.4
     819.000    115.4
     820.000     77.0
     821.000    -15.3
     822.000    -65.0
     823.000     68.9
     824.000     10.1
     825.000    -13.2
     826.000   -284.6
     827.000     97.2
     828.000    246.5
     829.000   -101.2
     830.000     67.3
     831.000    -36.4
     832.000   -110.8
     833.000   -108.9
     834.000    -63.7
     835.000     23.4
     836.000    153.6
     837.000    -66.8
     838.000    -46.7
     839.000     68.9
     840.000   -210.4
     841.000    -37.1
     842.000   -243.0
     843.000     42.7
     844.000   -178.1
     845.000    180.3
     846.000    131.9
     847.000    125.0
     848.000   -110.2
     849.000    115.7
     850.000    -69.0
     851.000     88.8
     852.000    -88.2
     853.000     64.5
     854.000   -103.2
     855.000    156.8
     856.000    -22.9
     857.000    133.1
     858.000    -50.8
     859.000    112.4
     860.000     -9.5
     861.000     86.1
     862.000   -126.9
     863.000    -13.2
     864.000   -111.8
     865.000     91.3
     866.000   -320.9
     867.000     64.0
     868.000   -176.1
     869.000     30.3
     870.000     10.4
     871.000    109.9
     872.000    243.6
     873.000    -49.0
     874.000    -34.2
     875.000    233.5
     876.000    344.7
     877.000    -10.5
     878.000     13.9
     879.000   -104.1
     880.000     30.2
     881.000     31.3
     882.000   -189.2
     883.000     52.4
     884.000     65.1
     885.000     10.0
     886.000     22.7
     887.000     24.6
     888.000     59.4
     889.000    113.3
     890.000   -143.3
     891.000     -2.4
     892.000     78.8
     893.000   -175.4
     894.000    129.9
     895.000    117.6
     896.000     96.5
     897.000    116.8
     898.000    -85.6
     899.000    103.6
     900.000    -53.7
     901.000    232.6
     902.000     -9.1
     903.000    180.7
     904.000      1.5
     905.000   -136.5
     906.000    -44.1
     907.000     -5.0
     908.000    124.4
     909.000    -35.9
     910.000    -76.2
     911.000     48.8
     912.000     79.1
     913.000     46.8
     914.000    -56.9
     915.000     19.0
     916.000      0.6
     917.000   -232.7
     918.000    118.7
     919.000     -6.6
     920.000    160.3
     921.000    -36.0
     922.000    299.8
     923.000    -89.3
     924.000     90.2
     925.000   -175.4
     926.000    256.2
     927.000   -248.6
     928.000     90.7
     929.000     -1.9
     930.000     63.8
     931.000   -230.3
     932.000     96.9
     933.000   -199.4
     934.000    191.9
     935.000     11.0
     936.000    -44.2
     937.000     51.3
     938.000    -88.8
     939.000     11.8
     940.000    -62.8
     941.000    -90.0
     942.000    107.0
     943.000    218.9
     944.000    109.7
     945.000    103.8
     946.000   -207.8
     947.000   -111.9
     948.000      6.1
     949.000     16.7
     950.000    -43.2
     951.000    335.4
     952.000     -0.1
     953.000    -34.0
     954.000   -148.1
     955.000    101.3
     956.000     45.7
     957.000    -74.0
     958.000   -200.1
     959.000   -114.9
     960.000     62.9
     961.000    -81.4
     962.000     31.8
     963.000   -240.5
     964.000    -42.2
     965.000    -67.0
     966.000     18.5
     967.000   -116.5
     968.000    -89.2
     969.000      8.6
     970.000    -34.0
     971.000     68.3
     972.000    198.6
     973.000    -91.9
     974.000    -92.7
     975.000    158.5
     976.000    -86.7
     977.000   -222.1
     978.000      5.8
     979.000     50.2
     980.000      4.7
     981.000    -50.3
     982.000   -150.8
     983.000    -10.6
     984.000     43.7
     985.000     52.0
     986.000     96.8
     987.000    -47.9
     988.000    315.6
     989.000    -40.2
     990.000    -48.6
     991.000     44.2
     992.000     34.6
     993.000     13.7
     994.000    -78.3
     995.000   -152.4
     996.000    123.3
     997.000    122.8
     998.000    100.0
     999.000     60.2
    1000.000     72.6
    1001.000    187.8
    1002.000    -96.7
    1003.000    -76.4
    1004.000    -16.9
    1005.000    236.8
    1006.000    241.9
    1007.000     46.1
    1008.000    -22.8
    1009.000   -141.5
    1010.000     99.5
    1011.000   -130.8
    1012.000   -329.3
    1013.000   -190.1
    1014.000     52.2
    1015.000    -13.7
    1016.000    -47.4
    1017.000     96.2
    1018.000     99.8
    1019.000    -45.5
    1020.000   -172.2
    1021.000   -130.3
    1022.000    -52.4
    1023.000   -266.1
    1024.000     37.1
    1025.000    -17.9
    1026.000   -130.7
    1027.000    206.7
    1028.000    -36.1
    1029.000     58.3
    1030.000   -234.7
    1031.000    -30.1
    1032.000     50.2
    1033.000    -35.8
    1034.000    -87.8
    1035.000    -54.5
    1036.000     32.6
    1037.000   -279.3
    1038.000    213.1
    1039.000     13.3
    1040.000    -97.4
    1041.000    129.4
    1042.000    226.8
    1043.000     90.8
    1044.000     31.1
    1045.000     44.9
    1046.000     50.3
    1047.000      2.2
    1048.000      4.8
    1049.000    206.3
    1050.000    -81.1
    1051.000     29.9
    1052.000   -177.1
    1053.000   -310.7
    1054.000     65.2
    1055.000     74.2
    1056.000    -34.5
    1057.000    134.8
    1058.000    163.6
    1059.000     35.0
    1060.000    -19.9
    1061.000    183.0
    1062.000     -8.7
    1063.000     65.4
    1064.000     16.8
    1065.000   -146.5
    1066.000   -151.5
    1067.000    -51.7
    1068.000   -109.1
    1069.000    -44.7
    1070.000   -168.6
    1071.000     48.8
    1072.000    149.5
    1073.000   -192.6
    1074.000    -57.0
    1075.000    -79.9
    1076.000     49.9
    1077.000   -114.0
    1078.000    104.4
    1079.000   -215.0
    1080.000    -85.9
    1081.000     65.3
    1082.000     27.9
    1083.000     -0.5
    1084.000     71.7
    1085.000      7.0
    1086.000    111.0
    1087.000    184.3
    1088.000     -0.9
    1089.000    -38.2
    1090.000    136.6
    1091.000      4.3
    1092.000     -5.1
    1093.000     98.2
    1094.000     71.2
    1095.000    -98.2
    1096.000   -140.1
    1097.000    165.9
    1098.000    -41.1
    1099.000   -112.1
    1100.000     -9.6
    1101.000    153.3
    1102.000    112.9
    1103.000     58.8
    1104.000      6.4
    1105.000    -34.6
    1106.000     68.4
    1107.000    -44.4
    1108.000   -196.8
    1109.000   -104.2
    1110.000    267.7
    1111.000    121.8
    1112.000    -47.9
    1113.000     -3.9
    1114.000     12.0
    1115.000     48.7
    1116.000     -3.7
    1117.000     94.0
    1118.000    -58.3
    1119.000    114.1
    1120.000     11.0
    1121.000      2.2
    1122.000   -197.4
    1123.000     -7.1
    1124.000    -95.1
    1125.000    -13.1
    1126.000    -30.7
    1127.000     82.9
    1128.000   -225.9
    1129.000     90.7
    1130.000    103.7
    1131.000   -127.0
    1132.000    -27.8
    1133.000    -22.5
    1134.000    -19.2
    1135.000   -168.7
    1136.000     94.4
    1137.000   -138.2
    1138.000    -60.4
    1139.000     11.5
    1140.000    141.8
    1141.000    -88.4
    1142.000    130.4
    1143.000   -141.9
    1144.000     24.3
    1145.000    175.6
    1146.000    218.9
    1147.000     18.9
    1148.000    -64.1
    1149.000   -133.7
    1150.000     45.9
    1151.000     59.8
    1152.000   -131.8
    1153.000     98.8
    1154.000    188.4
    1155.000    230.0
    1156.000   -286.3
    1157.000     84.7
    1158.000     71.9
    1159.000    293.0
    1160.000    -98.5
    1161.000   -115.1
    1162.000     17.4
    1163.000    104.2
    1164.000    114.9
    1165.000     68.1
    1166.000    -98.0
    1167.000    107.6
    1168.000   -136.6
    1169.000     83.4
    1170.000     19.1
    1171.000    -46.6
    1172.000    -30.4
    1173.000      4.9
    1174.000    103.9
    1175.000     88.8
    1176.000   -129.4
    1177.000   -184.3
    1178.000     43.0
    1179.000    -24.2
    1180.000     10.4
    1181.000   -232.0
    1182.000    -61.0
    1183.000   -145.7
    1184.000   -130.4
    1185.000   -238.0
    1186.000    142.2
    1187.000     13.5
    1188.000   -184.9
    1189.000   -105.5
    1190.000    192.8
    1191.000    -10.6
    1192.000     38.8
    1193.000     57.3
    1194.000    137.6
    1195.000    -81.0
    1196.000    198.1
    1197.000   -102.3
    1198.000    188.1
    1199.000    129.7
    1200.000     35.0
    1201.000    269.0
    1202.000     98.5
    1203.000    -82.4
    1204.000     43.4
    1205.000   -257.0
    1206.000    107.8
    1207.000     75.7
    1208.000    -67.2
    1209.000   -117.8
    1210.000    155.4
    1211.000    -67.0
    1212.000    -68.6
    1213.000     -3.5
    1214.000    -37.3
    1215.000    -38.3
    1216.000    181.5
    1217.000    224.5
    1218.000   -229.3
    1219.000   -188.3
    1220.000     -6.4
    1221.000    -29.7
    1222.000     97.3
    1223.000    -53.6
    1224.000    -42.1
    1225.000     96.6
    1226.000   -147.6
    1227.000    171.0
    1228.000    163.0
    1229.000   -105.3
    1230.000    -43.9
    1231.000     28.3
    1232.000    -59.7
    1233.000    -27.1
    1234.000   -156.9
    1235.000     86.4
    1236.000     -6.0
    1237.000     15.9
    1238.000    154.2
    1239.000     72.2
    1240.000    111.4
    1241.000     17.1
    1242.000    172.0
    1243.000     34.9
    1244.000   -158.9
    1245.000    -82.7
    1246.000     49.8
    1247.000   -127.4
    1248.000   -268.3
    1249.000    117.8
    1250.000     74.6
    1251.000    -50.7
    1252.000   -146.9
    1253.000    143.4
    1254.000    -63.3
    1255.000     78.9
    1256.000    -56.5
    1257.000    213.0
    1258.000    -58.4
    1259.000     63.8
    1260.000   -153.7
    1261.000    133.6
    1262.000    -19.1
    1263.000   -101.0
    1264.000    149.3
    1265.000    -27.1
    1266.000    -96.9
    1267.000    110.4
    1268.000   -168.8
    1269.000      0.3
    1270.000   -179.0
    1271.000    -87.5
    1272.000    -73.4
    1273.000   -122.0
    1274.000     -4.9
    1275.000   -210.2
    1276.000    245.8
    1277.000    224.3
    1278.000     94.1
    1279.000   -121.7
    1280.000    100.2
    1281.000    144.8
    1282.000     29.1
    1283.000    -19.8
    1284.000     76.2
    1285.000   -167.6
    1286.000     -5.4
    1287.000    -16.2
    1288.000    134.9
    1289.000     60.4
    1290.000    -93.7
    1291.000      7.7
    1292.000    315.8
    1293.000    -21.6
    1294.000    -21.7
    1295.000     25.8
    1296.000    -76.8
    1297.000     -5.6
    1298.000     43.6
    1299.000    -63.1
    1300.000    166.0
    1301.000    -60.5
    1302.000     98.2
    1303.000    107.2
    1304.000    187.3
    1305.000   -172.1
    1306.000    -42.9
    1307.000   -158.0
    1308.000     69.8
    1309.000    -54.5
    1310.000    199.0
    1311.000    178.8
    1312.000     98.8
    1313.000     43.6
    1314.000    337.0
    1315.000    174.8
    1316.000   -156.7
    1317.000    150.4
    1318.000    119.7
    1319.000    142.9
    1320.000    -90.5
    1321.000     19.5
    1322.000     91.3
    1323.000    125.6
    1324.000    -45.6
    1325.000    130.2
    1326.000    241.0
    1327.000    339.1
    1328.000     87.0
    1329.000   -145.6
    1330.000   -142.5
    1331.000     36.9
    1332.000   -171.7
    1333.000    210.9
    1334.000    -54.2
    1335.000    210.7
    1336.000    -40.5
    1337.000     24.3
    1338.000     79.7
    1339.000     48.7
    1340.000    -79.6
    1341.000   -170.2
    1342.000   -142.2
    1343.000   -137.7
    1344.000     21.4
    1345.000    -71.5
    1346.000     10.1
    1347.000   -177.1
    1348.000   -188.3
    1349.000    125.2
    1350.000    -12.8
    1351.000   -209.6
    1352.000    -81.6
    1353.000    157.5
    1354.000    -83.5
    1355.000    112.1
    1356.000    194.8
    1357.000    -91.1
    1358.000    177.2
    1359.000    228.5
    1360.000    -91.1
    1361.000    -45.3
    1362.000    -46.6
    1363.000    -45.0
    1364.000    -45.6
    1365.000    -21.9
    1366.000     65.4
    1367.000   -266.1
    1368.000   -204.0
    1369.000    -17.1
    1370.000    103.2
    1371.000    -82.6
    1372.000   -150.8
    1373.000    -42.0
    1374.000     71.3
    1375.000     79.4
    1376.000     63.3
    1377.000     40.2
    1378.000    234.5
    1379.000    -54.9
    1380.000    129.2
    1381.000    -21.0
    1382.000   -172.0
    1383.000    189.0
    1384.000    -62.0
    1385.000    172.5
    1386.000   -160.6
    1387.000     19.7
    1388.000    126.3
    1389.000    164.8
    1390.000   -159.7
    1391.000      7.8
    1392.000    364.0
    1393.000    -79.8
    1394.000     68.4
    1395.000     -3.0
    1396.000    133.6
    1397.000     -8.4
    1398.000    128.8
    1399.000   -103.6
    1400.000    -42.4
    1401.000   -164.4
    1402.000     90.6
    1403.000    -75.4
    1404.000     63.0
    1405.000   -282.1
    1406.000   -122.4
    1407.000    115.4
    1408.000    -74.1
    1409.000   -114.6
    1410.000      1.4
    1411.000     53.3
    1412.000    -17.5
    1413.000      9.5
    1414.000   -194.8
    1415.000    325.3
    1416.000   -159.9
    1417.000   -244.3
    1418.000     97.2
    1419.000     47.2
    1420.000    -38.0
    1421.000   -257.5
    1422.000    134.0
    1423.000     78.0
    1424.000   -142.2
    1425.000     47.4
    1426.000   -143.2
    1427.000    -81.9
    1428.000     57.8
    1429.000    -16.3
    1430.000      7.3
    1431.000    269.2
    1432.000    -72.7
    1433.000     60.2
    1434.000     36.8
    1435.000   -169.3
    1436.000    124.7
    1437.000    -85.6
    1438.000    -85.6
    1439.000    -43.6
    1440.000    143.4
    1441.000   -180.7
    1442.000   -118.3
    1443.000    -28.7
    1444.000     42.8
    1445.000    177.0
    1446.000      4.7
    1447.000   -125.7
    1448.000    -14.0
    1449.000    -32.4
    1450.000    -11.7
    1451.000    -72.9
    1452.000    -48.2
    1453.000     36.6
    1454.000     14.4
    1455.000     69.0
    1456.000     33.6
    1457.000     77.4
    1458.000     54.0
    1459.000     25.8
    1460.000    178.4
    1461.000   -147.6
    1462.000     97.1
    1463.000     68.7
    1464.000    243.3
    1465.000     87.7
    1466.000    184.3
    1467.000    152.7
    1468.000    -58.5
    1469.000     97.7
    1470.000   -215.0
    1471.000    -48.5
    1472.000   -105.2
    1473.000   -259.7
    1474.000     10.7
    1475.000   -247.1
    1476.000    -21.1
    1477.000   -147.6
    1478.000    -80.3
    1479.000     48.3
    1480.000     52.8
    1481.000     92.5
    1482.000     23.6
    1483.000    -97.8
    1484.000    -26.2
    1485.000    -42.7
    1486.000    146.1
    1487.000    148.2
    1488.000    112.1
    1489.000    -15.6
    1490.000    -30.4
    1491.000   -176.9
    1492.000    -22.5
    1493.000    -14.2
    1494.000    127.8
    1495.000    128.6
    1496.000    -34.2
    1497.000     71.3
    1498.000    -93.7
    1499.000    -45.1
    1500.000     95.3
    1501.000   -100.6
    1502.000     72.1
    1503.000    -60.9
    1504.000   -165.3
    1505.000     36.1
    1506.000     48.1
    1507.000     57.6
    1508.000     24.1
    1509.000    203.5
    1510.000    134.5
    1511.000    -41.0
    1512.000    -30.5
    1513.000   -184.0
    1514.000    215.5
    1515.000     30.8
    1516.000    355.6
    1517.000     57.8
    1518.000    -11.4
    1519.000    -36.3
    1520.000    100.1
    1521.000   -177.0
    1522.000    -51.8
    1523.000    174.8
    1524.000    -14.8
    1525.000   -314.0
    1526.000     68.8
    1527.000    225.3
    1528.000    134.1
    1529.000   -159.0
    1530.000    -18.7
    1531.000    -31.4
    1532.000   -102.9
    1533.000     33.6
    1534.000    -32.0
    1535.000     43.5
    1536.000   -136.0
    1537.000    -11.3
    1538.000     -9.3
    1539.000    194.5
    1540.000     -6.7
    1541.000    -72.0
    1542.000    -43.6
    1543.000    184.7
    1544.000   -122.8
    1545.000      7.8
    1546.000    -37.9
    1547.000    202.0
    1548.000   -126.5
    1549.000     44.8
    1550.000     34.9
    1551.000     81.8
    1552.000      2.3
    1553.000    -53.0
    1554.000    158.4
    1555.000    -48.9
    1556.000    -18.6
    1557.000    -83.0
    1558.000      3.2
    1559.000    124.8
    1560.000   -142.3
    1561.000    -69.6
    1562.000     32.1
    1563.000   -148.3
    1564.000    234.1
    1565.000     81.3
    1566.000    -81.7
    1567.000     86.2
    1568.000    -89.5
    1569.000     40.1
    1570.000    -75.7
    1571.000     42.4
    1572.000    -67.3
    1573.000     43.1
    1574.000   -157.6
    1575.000   -157.7
    1576.000     54.7
    1577.000    168.8
    1578.000    -66.5
    1579.000    115.4
    1580.000    211.8
    1581.000   -142.1
    1582.000   -122.1
    1583.000     17.1
    1584.000   -170.3
    1585.000     79.3
    1586.000    245.6
    1587.000    -11.6
    1588.000   -100.6
    1589.000    -42.4
    1590.000    -66.3
    1591.000     56.1
    1592.000    -84.6
    1593.000     62.2
    1594.000     -1.1
    1595.000    178.0
    1596.000     35.2
    1597.000   -130.6
    1598.000     36.4
    1599.000    -85.9
    1600.000   -136.1
    1601.000     85.3
    1602.000    -16.0
    1603.000    -79.5
    1604.000    -20.4
    1605.000   -197.6
    1606.000    -75.9
    1607.000    144.9
    1608.000     68.4
    1609.000    213.9
    1610.000    -71.8
    1611.000   -109.9
    1612.000    217.4
    1613.000    225.2
    1614.000   -129.7
    1615.000     73.0
    1616.000    -94.6
    1617.000     15.6
    1618.000    124.9
    1619.000   -149.8
    1620.000    253.2
    1621.000    131.3
    1622.000     16.9
    1623.000    -65.5
    1624.000     34.2
    1625.000     -9.7
    1626.000    131.0
    1627.000     81.0
    1628.000     61.9
    1629.000    -56.3
    1630.000     80.6
    1631.000   -108.7
    1632.000     -7.3
    1633.000    -48.0
    1634.000    -75.4
    1635.000    204.4
    1636.000   -134.5
    1637.000     15.4
    1638.000    -30.7
    1639.000    -32.4
    1640.000    -63.2
    1641.000    -17.6
    1642.000    -14.7
    1643.000   -253.4
    1644.000     -9.2
    1645.000    -72.1
    1646.000    116.8
    1647.000   -149.0
    1648.000   -162.6
    1649.000     94.8
    1650.000     27.7
    1651.000    116.6
    1652.000     25.5
    1653.000   -168.9
    1654.000   -190.5
    1655.000     24.2
    1656.000     44.4
    1657.000     93.7
    1658.000     73.6
    1659.000     25.0
    1660.000    -26.7
    1661.000    -12.8
    1662.000     46.7
    1663.000     83.2
    1664.000     21.5
    1665.000    -62.2
    1666.000    -60.8
    1667.000    122.1
    1668.000    131.6
    1669.000     72.7
    1670.000    190.8
    1671.000     65.7
    1672.000    -76.8
    1673.000    187.3
    1674.000    264.8
    1675.000    -49.8
    1676.000     -1.0
    1677.000    -41.3
    1678.000    -90.1
    1679.000   -104.2
    1680.000    -53.1
    1681.000   -193.1
    1682.000     -0.2
    1683.000    130.2
    1684.000    -33.4
    1685.000    100.9
    1686.000    101.5
    1687.000     55.1
    1688.000     30.9
    1689.000   -119.1
    1690.000     82.6
    1691.000    143.0
    1692.000    304.6
    1693.000     -0.1
    1694.000    -46.7
    1695.000     22.1
    1696.000   -282.1
    1697.000     99.1
    1698.000     87.1
    1699.000    104.0
    1700.000    -43.1
    1701.000     83.8
    1702.000   -121.7
    1703.000     43.8
    1704.000    198.3
    1705.000    -51.8
    1706.000   -151.7
    1707.000    170.5
    1708.000   -129.1
    1709.000    -10.5
    1710.000    193.3
    1711.000    303.8
    1712.000   -128.1
    1713.000    101.2
    1714.000   -121.8
    1715.000      0.3
    1716.000    203.1
    1717.000    127.0
    1718.000   -111.5
    1719.000     44.5
    1720.000     12.7
    1721.000    -15.9
    1722.000   -131.5
    1723.000    -47.3
    1724.000    172.0
    1725.000     -3.9
    1726.000    -24.2
    1727.000    -52.9
    1728.000      6.9
    1729.000     23.1
    1730.000    101.6
    1731.000     14.2
    1732.000    -49.7
    1733.000    -88.1
    1734.000    284.2
    1735.000   -121.0
    1736.000     14.3
    1737.000     55.0
    1738.000    -81.0
    1739.000   -210.3
    1740.000     91.5
    1741.000    -30.5
    1742.000    -54.0
    1743.000    149.2
    1744.000    118.3
    1745.000    143.0
    1746.000   -229.3
    1747.000     18.1
    1748.000    137.6
    1749.000      2.7
    1750.000    142.8
    1751.000    -85.1
    1752.000   -194.6
    1753.000     19.2
    1754.000     28.5
    1755.000     50.4
    1756.000     14.7
    1757.000    -62.8
    1758.000    -92.1
    1759.000     35.5
    1760.000   -115.1
    1761.000   -243.1
    1762.000    -46.9
    1763.000   -253.0
    1764.000     80.0
    1765.000   -188.7
    1766.000   -137.0
    1767.000    -49.6
    1768.000    -18.7
    1769.000     89.2
    1770.000     78.1
    1771.000    145.0
    1772.000     75.4
    1773.000    204.8
    1774.000   -325.3
    1775.000     45.9
    1776.000   -230.5
    1777.000   -140.1
    1778.000    138.1
    1779.000    144.2
    1780.000    232.8
    1781.000   -193.0
    1782.000   -187.9
    1783.000   -111.9
    1784.000   -213.5
    1785.000    -64.7
    1786.000    -30.8
    1787.000    111.9
    1788.000   -114.1
    1789.000    135.7
    1790.000     59.1
    1791.000     15.6
    1792.000     68.9
    1793.000    -44.4
    1794.000     -5.2
    1795.000     46.3
    1796.000     91.7
    1797.000   -201.1
    1798.000     87.6
    1799.000     71.0
    1800.000    362.9
    1801.000    102.4
    1802.000    -68.9
    1803.000   -130.8
    1804.000    -50.6
    1805.000    160.5
    1806.000     84.6
    1807.000     94.3
    1808.000   -131.6
    1809.000   -235.1
    1810.000     70.0
    1811.000    -13.5
    1812.000    -39.9
    1813.000    188.3
    1814.000     31.2
    1815.000     49.3
    1816.000     -4.0
    1817.000     43.5
    1818.000     32.6
    1819.000    -16.0
    1820.000     99.6
    1821.000     34.8
    1822.000     53.6
    1823.000   -271.7
    1824.000    -50.5
    1825.000    -77.6
    1826.000    -12.8
    1827.000     45.9
    1828.000     13.2
    1829.000    112.9
    1830.000   -157.5
    1831.000     67.0
    1832.000    163.3
    1833.000    -97.6
    1834.000    158.8
    1835.000    177.9
    1836.000     94.0
    1837.000    -81.2
    1838.000    103.1
    1839.000     22.9
    1840.000     -1.6
    1841.000    107.5
    1842.000    -56.8
    1843.000    -58.2
    1844.000   -133.0
    1845.000     35.5
    1846.000    -99.7
    1847.000   -157.9
    1848.000     50.5
    1849.000    152.0
    1850.000    -19.4
    1851.000    154.4
    1852.000   -119.1
    1853.000   -215.9
    1854.000    -87.1
    1855.000   -239.9
    1856.000      4.9
    1857.000    107.3
    1858.000     96.7
    1859.000   -194.8
    1860.000   -146.1
    1861.000    -76.5
    1862.000    -33.2
    1863.000     31.1
    1864.000    -31.1
    1865.000   -109.7
    1866.000     70.3
    1867.000   -133.7
    1868.000    214.2
    1869.000   -113.1
    1870.000     89.1
    1871.000    110.4
    1872.000     59.2
    1873.000    176.4
    1874.000   -208.8
    1875.000    -70.3
    1876.000     50.7
    1877.000    137.8
    1878.000    311.9
    1879.000    236.4
    1880.000   -227.4
    1881.000   -153.4
    1882.000     93.6
    1883.000    181.9
    1884.000    -64.2
    1885.000    -75.8
    1886.000     47.0
    1887.000     62.6
    1888.000   -146.4
    1889.000   -176.5
    1890.000   -156.3
    1891.000     70.1
    1892.000   -110.0
    1893.000    -84.9
    1894.000    -32.6
    1895.000    117.6
    1896.000    -14.5
    1897.000     89.3
    1898.000    366.3
    1899.000     21.2
    1900.000     12.9
    1901.000     71.4
    1902.000     32.9
    1903.000    200.9
    1904.000    -55.5
    1905.000   -189.9
    1906.000     55.7
    1907.000   -204.0
    1908.000    200.2
    1909.000     65.9
    1910.000     90.1
    1911.000   -151.1
    1912.000     37.8
    1913.000     17.0
    1914.000     18.4
    1915.000   -114.0
    1916.000    -53.4
    1917.000     39.7
    1918.000    102.6
    1919.000   -168.5
    1920.000     51.6
    1921.000     -5.2
    1922.000    280.7
    1923.000    -71.2
    1924.000    -21.0
    1925.000    -83.6
    1926.000     50.6
    1927.000    120.6
    1928.000     38.3
    1929.000      6.0
    1930.000     84.6
    1931.000    -62.3
    1932.000    281.1
    1933.000      7.5
    1934.000    -38.6
    1935.000    123.2
    1936.000    122.8
    1937.000    -42.7
    1938.000    195.8
    1939.000    181.0
    1940.000    -94.5
    1941.000     13.5
    1942.000     62.6
    1943.000    -85.6
    1944.000    -70.3
    1945.000    -56.0
    1946.000    157.4
    1947.000    256.7
    1948.000    136.5
    1949.000   -109.7
    1950.000   -150.1
    1951.000   -123.5
    1952.000     -3.6
    1953.000    -46.1
    1954.000     -1.7
    1955.000   -214.3
    1956.000   -189.5
    1957.000     81.5
    1958.000     29.0
    1959.000    -89.8
    1960.000    -79.8
    1961.000     92.1
    1962.000    -87.2
    1963.000    -84.5
    1964.000    -91.9
    1965.000   -111.7
    1966.000    104.2
    1967.000    104.3
    1968.000     93.1
    1969.000     -9.4
    1970.000   -104.1
    1971.000    125.8
    1972.000    -70.7
    1973.000     97.9
    1974.000     -0.8
    1975.000     82.7
    1976.000    204.8
    1977.000    -78.7
    1978.000    171.1
    1979.000    -40.0
    1980.000    -93.8
    1981.000     42.5
    1982.000     21.7
    1983.000    -52.4
    1984.000    172.0
    1985.000    106.1
    1986.000   -135.3
    1987.000    176.7
    1988.000     45.1
    1989.000   -208.7
    1990.000    -72.5
    1991.000    -12.4
    1992.000    -70.5
    1993.000    -14.3
    1994.000   -120.1
    1995.000    -94.7
    1996.000    -22.4
    1997.000     -2.1
    1998.000   -186.7
    1999.000   -162.6
    2000.000   -176.7
    2001.000    -76.6
    2002.000   -194.3
    2003.000   -147.2
    2004.000    228.1
    2005.000    201.0
    2006.000      2.5
    2007.000    -35.7
    2008.000    -34.8
    2009.000    326.9
    2010.000    243.6
    2011.000    106.5
    2012.000    146.2
    2013.000    -46.2
    2014.000   -270.7
    2015.000     82.9
    2016.000   -220.5
    2017.000     88.2
    2018.000    269.6
    2019.000    -28.6
    2020.000     62.9
    2021.000     35.1
    2022.000    309.5
    2023.000     38.0
    2024.000     64.0
    2025.000    -53.4
    2026.000   -248.7
    2027.000   -233.7
    2028.000     62.2
    2029.000    -37.9
    2030.000      0.5
    2031.000    -37.3
    2032.000   -254.5
    2033.000    -80.6
    2034.000    -90.8
    2035.000     54.3
    2036.000     74.4
    2037.000   -180.5
    2038.000    -24.0
    2039.000     32.4
    2040.000     85.6
    2041.000    220.1
    2042.000    -64.0
    2043.000    -67.5
    2044.000    -84.4
    2045.000    -44.2
    2046.000     43.2
    2047.000     -7.0
    2048.000     34.1
    2049.000     46.2
    2050.000     74.8
    2051.000    -51.4
    2052.000    -94.8
    2053.000    154.0
    2054.000     61.2
    2055.000    -78.1
    2056.000      8.9
    2057.000    165.2
    2058.000    -73.2
    2059.000    -24.3
    2060.000    -55.7
    2061.000     18.5
    2062.000     81.1
    2063.000   -207.1
    2064.000     96.8
    2065.000     67.3
    2066.000    313.8
    2067.000     76.3
    2068.000     23.5
    2069.000    136.5
    2070.000   -161.8
    2071.000    -22.1
    2072.000    -19.6
    2073.000     68.3
    2074.000    -71.9
    2075.000      4.1
    2076.000    100.1
    2077.000     75.3
    2078.000    165.1
    2079.000    -76.7
    2080.000      8.2
    2081.000      0.8
    2082.000     78.6
    2083.000    115.1
    2084.000    -92.8
    2085.000     45.1
    2086.000    -51.7
    2087.000    -46.6
    2088.000     68.4
    2089.000   -247.6
    2090.000    -34.9
    2091.000    244.5
    2092.000     47.1
    2093.000   -184.5
    2094.000    -47.8
    2095.000    -34.6
    2096.000     34.0
    2097.000    148.5
    2098.000     74.7
    2099.000    -48.3
    2100.000    -93.5
    2101.000    -62.7
    2102.000    -23.7
    2103.000   -151.9
    2104.000    -81.7
    2105.000     50.7
    2106.000     10.6
    2107.000     24.3
    2108.000    -65.1
    2109.000    -33.1
    2110.000     -1.3
    2111.000    -39.4
    2112.000    -13.0
    2113.000     36.6
    2114.000     -6.0
    2115.000    173.9
    2116.000    115.2
    2117.000    129.1
    2118.000   -107.3
    2119.000     59.0
    2120.000     58.3
    2121.000    207.0
    2122.000   -129.7
    2123.000    190.2
    2124.000     88.6
    2125.000   -151.8
    2126.000    126.1
    2127.000    109.2
    2128.000     76.6
    2129.000    164.9
    2130.000    -21.8
    2131.000     93.4
    2132.000     42.9
    2133.000    -91.9
    2134.000     13.1
    2135.000     31.3
    2136.000   -122.5
    2137.000   -251.4
    2138.000   -245.9
    2139.000      5.8
    2140.000    257.0
    2141.000   -278.1
    2142.000    277.4
    2143.000     87.9
    2144.000   -136.2
    2145.000     47.9
    2146.000    150.8
    2147.000   -120.0
    2148.000    -49.5
    2149.000    276.5
    2150.000    -88.5
    2151.000    183.3
    2152.000    -75.7
    2153.000   -242.4
    2154.000    159.8
    2155.000   -112.5
    2156.000     39.8
    2157.000    130.8
    2158.000    110.9
    2159.000   -115.5
    2160.000    123.1
    2161.000    103.4
    2162.000   -150.0
    2163.000    -23.5
    2164.000   -257.0
    2165.000   -117.1
    2166.000   -129.4
    2167.000      2.9
    2168.000    118.4
    2169.000     69.5
    2170.000    -29.6
    2171.000    269.1
    2172.000      8.3
    2173.000   -154.5
    2174.000    132.5
    2175.000   -185.3
    2176.000    106.5
    2177.000   -104.2
    2178.000    137.5
    2179.000     95.0
    2180.000   -117.2
    2181.000    129.9
    2182.000    128.9
    2183.000    142.4
    2184.000   -204.0
    2185.000   -175.4
    2186.000    145.1
    2187.000   -132.4
    2188.000    -31.3
    2189.000     21.5
    2190.000     57.3
    2191.000    205.1
    2192.000    -95.2
    2193.000   -174.1
    2194.000     20.7
    2195.000    115.1
    2196.000     17.3
    2197.000    -32.8
    2198.000    -54.9
    2199.000     26.5
    2200.000    117.3
    2201.000    -44.1
    2202.000     29.8
    2203.000    -19.1
    2204.000      2.9
    2205.000   -273.4
    2206.000     29.5
    2207.000    116.3
    2208.000     33.7
    2209.000      9.7
    2210.000   -152.3
    2211.000     24.4
    2212.000     -4.3
    2213.000      0.2
    2214.000    -39.7
    2215.000    -32.5
    2216.000    286.5
    2217.000     30.2
    2218.000     72.8
    2219.000     60.9
    2220.000     86.7
    2221.000    245.4
    2222.000   -104.4
    2223.000   -114.0
    2224.000    -43.4
    2225.000    171.1
    2226.000    113.8
    2227.000    241.2
    2228.000    211.0
    2229.000    -24.3
    2230.000     66.7
    2231.000   -144.1
    2232.000    -82.7
    2233.000    -23.3
    2234.000    302.2
    2235.000    -47.9
    2236.000    -17.3
    2237.000      0.9
    2238.000     -8.2
    2239.000    -92.5
    2240.000     28.5
    2241.000    -41.8
    2242.000   -120.2
    2243.000   -134.4
    2244.000   -121.1
    2245.000    156.4
    2246.000      6.3
    2247.000     53.8
    2248.000     78.0
    2249.000     68.4
    2250.000    283.6
    2251.000    -18.5
    2252.000     68.2
    2253.000     39.1
    2254.000    -60.2
    2255.000     59.6
    2256.000    -41.0
    2257.000    -50.5
    2258.000    -90.5
    2259.000   -166.8
    2260.000    -64.2
    2261.000     22.0
    2262.000     63.0
    2263.000      8.6
    2264.000    -13.7
    2265.000     68.6
    2266.000    -68.2
    2267.000   -170.1
    2268.000    199.8
    2269.000     -7.0
    2270.000   -119.0
    2271.000   -138.9
    2272.000     -8.0
    2273.000    -48.0
    2274.000     -4.2
    2275.000   -254.2
    2276.000     83.8
    2277.000    -51.0
    2278.000    -40.2
    2279.000   -122.5
    2280.000     96.4
    2281.000    120.1
    2282.000   -172.4
    2283.000     46.6
    2284.000     44.6
    2285.000     60.7
    2286.000     33.4
    2287.000     25.9
    2288.000    -32.4
    2289.000     69.9
    2290.000    115.5
    2291.000    -92.3
    2292.000     -0.7
    2293.000     13.5
    2294.000     42.8
    2295.000    101.9
    2296.000   -133.2
    2297.000     58.6
    2298.000    133.6
    2299.000    -53.7
    2300.000    -16.8
    2301.000    -11.9
    2302.000    287.7
    2303.000     87.5
    2304.000    -19.1
    2305.000     46.3
    2306.000    -14.9
    2307.000   -132.1
    2308.000     31.4
    2309.000    111.8
    2310.000    -33.7
    2311.000    -41.4
    2312.000     28.7
    2313.000   -149.1
    2314.000   -137.8
    2315.000   -320.6
    2316.000   -242.4
    2317.000     79.1
    2318.000    110.3
    2319.000     28.0
    2320.000     98.9
    2321.000    296.0
    2322.000    145.9
    2323.000    -10.0
    2324.000    -38.6
    2325.000    -66.4
    2326.000     56.2
    2327.000     27.5
    2328.000    -17.6
    2329.000    305.5
    2330.000    -61.2
    2331.000    227.6
    2332.000      7.8
    2333.000    -76.5
    2334.000    222.0
    2335.000    100.2
    2336.000     20.1
    2337.000    -41.4
    2338.000     58.6
    2339.000    137.0
    2340.000   -191.4
    2341.000    307.9
    2342.000     -5.1
    2343.000    -21.0
    2344.000     -7.0
    2345.000    -79.2
    2346.000    -58.6
    2347.000     96.4
    2348.000    101.7
    2349.000    133.0
    2350.000     34.3
    2351.000     75.7
    2352.000     15.3
    2353.000   -211.3
    2354.000     68.4
    2355.000    148.1
    2356.000     90.0
    2357.000    100.0
    2358.000    124.4
    2359.000    -40.3
    2360.000    195.6
    2361.000    -56.0
    2362.000    -94.0
    2363.000     29.8
    2364.000   -149.8
    2365.000     46.4
    2366.000    140.7
    2367.000    -73.4
    2368.000     40.2
    2369.000    189.4
    2370.000    184.0
    2371.000    138.2
    2372.000   -172.1
    2373.000    -38.1
    2374.000    115.7
    2375.000      4.8
    2376.000   -192.1
    2377.000   -149.2
    2378.000    116.0
    2379.000   -172.3
    2380.000    -68.3
    2381.000    -63.9
    2382.000    -35.3
    2383.000      8.6
    2384.000     39.1
    2385.000    167.6
    2386.000   -110.9
    2387.000    133.0
    2388.000     93.5
    2389.000    103.9
    2390.000     30.5
    2391.000     31.3
    2392.000   -151.2
    2393.000     78.9
    2394.000     91.7
    2395.000    128.8
    2396.000     95.0
    2397.000     82.1
    2398.000    -17.2
    2399.000    -54.9
    2400.000     76.5
    2401.000    122.7
    2402.000      3.6
    2403.000     46.1
    2404.000    132.8
    2405.000   -130.7
    2406.000    121.0
    2407.000    -70.2
    2408.000     -2.7
    2409.000    -33.3
    2410.000    -28.3
    2411.000   -109.8
    2412.000   -104.3
    2413.000     24.1
    2414.000     -2.0
    2415.000   -256.0
    2416.000    -63.4
    2417.000     70.8
    2418.000   -101.1
    2419.000    -78.6
    2420.000    -38.9
    2421.000   -104.5
    2422.000    130.3
    2423.000    -41.1
    2424.000   -190.5
    2425.000     79.7
    2426.000     95.3
    2427.000     21.6
    2428.000    -43.7
    2429.000     27.5
    2430.000     50.0
    2431.000    135.5
    2432.000     -7.4
    2433.000     90.4
    2434.000     72.6
    2435.000    -93.4
    2436.000     39.5
    2437.000     51.9
    2438.000    215.3
    2439.000     51.5
    2440.000     95.8
    2441.000   -139.1
    2442.000    114.5
    2443.000     36.8
    2444.000   -106.3
    2445.000   -170.8
    2446.000    237.2
    2447.000    302.3
    2448.000    -54.8
    2449.000    -36.2
    2450.000    -13.5
    2451.000     -8.3
    2452.000    239.2
    2453.000    -98.7
    2454.000    -23.9
    2455.000    178.7
    2456.000      0.2
    2457.000    -42.2
    2458.000     11.0
    2459.000    -66.2
    2460.000    256.6
    2461.000   -172.3
    2462.000    -62.1
    2463.000   -109.0
    2464.000    -94.5
    2465.000    189.1
    2466.000    132.0
    2467.000    108.5
    2468.000   -187.0
    2469.000    -19.9
    2470.000    -55.5
    2471.000    185.0
    2472.000   -272.0
    2473.000    205.7
    2474.000     37.5
    2475.000   -114.2
    2476.000    -65.1
    2477.000    -24.8
    2478.000    -90.8
    2479.000    202.0
    2480.000    128.0
    2481.000    -68.9
    2482.000    -14.3
    2483.000   -208.7
    2484.000   -162.2
    2485.000   -338.3
    2486.000    -91.9
    2487.000    -13.3
    2488.000    -44.2
    2489.000    201.6
    2490.000   -163.4
    2491.000   -141.8
    2492.000    -57.5
    2493.000    118.7
    2494.000    133.9
    2495.000   -172.0
    2496.000     96.7
    2497.000    -23.9
    2498.000    146.2
    2499.000   -232.9
    2500.000   -258.0
    2501.000    109.8
    2502.000    189.5
    2503.000     88.6
    2504.000    194.1
    2505.000     -5.8
    2506.000   -208.7
    2507.000   -138.2
    2508.000    -39.2
    2509.000     13.7
    2510.000    123.9
    2511.000   -108.5
    2512.000    -93.8
    2513.000   -148.9
    2514.000     57.4
    2515.000     45.3
    2516.000    -76.3
    2517.000    199.4
    2518.000   -154.3
    2519.000     64.9
    2520.000    -10.8
    2521.000   -130.3
    2522.000   -141.1
    2523.000   -205.6
    2524.000     28.1
    2525.000    162.0
    2526.000   -309.9
    2527.000     32.6
    2528.000     88.7
    2529.000   -291.6
    2530.000    -32.6
    2531.000     23.1
    2532.000    168.8
    2533.000    125.5
    2534.000   -113.0
    2535.000   -174.3
    2536.000    134.3
    2537.000     10.7
    2538.000    205.8
    2539.000     78.9
    2540.000     14.1
    2541.000    -15.3
    2542.000   -190.4
    2543.000    -90.0
    2544.000    -47.4
    2545.000      1.6
    2546.000    -96.5
    2547.000    177.8
    2548.000    167.0
    2549.000      0.1
    2550.000   -117.3
    2551.000    227.1
    2552.000    263.8
    2553.000    158.3
    2554.000    115.0
    2555.000    -63.4
    2556.000     98.3
    2557.000    133.4
    2558.000    -62.7
    2559.000   -101.1
    2560.000    -42.5
    2561.000     19.0
    2562.000     -0.7
    2563.000   -222.0
    2564.000    -31.3
    2565.000     23.6
    2566.000     84.0
    2567.000     15.7
    2568.000      7.8
    2569.000    164.2
    2570.000      3.5
    2571.000   -161.6
    2572.000    -81.4
    2573.000    214.4
    2574.000   -116.2
    2575.000     71.8
    2576.000     49.5
    2577.000    130.9
    2578.000    -17.4
    2579.000    211.1
    2580.000    128.7
    2581.000   -238.2
    2582.000      3.3
    2583.000     89.6
    2584.000    -43.0
    2585.000   -177.9
    2586.000    145.6
    2587.000   -116.0
    2588.000     67.3
    2589.000   -119.0
    2590.000     94.7
    2591.000     88.1
    2592.000     19.5
    2593.000    256.2
    2594.000    -31.0
    2595.000     20.6
    2596.000    -41.2
    2597.000    251.2
    2598.000    110.0
    2599.000     34.8
    2600.000    107.8
    2601.000   -174.6
    2602.000    136.7
    2603.000   -235.5
    2604.000    -89.2
    2605.000    -32.4
    2606.000   -122.9
    2607.000    -43.9
    2608.000     44.5
    2609.000    -35.1
    2610.000     97.8
    2611.000    267.6
    2612.000    261.2
    2613.000    -31.0
    2614.000     59.3
    2615.000    -35.4
    2616.000      9.3
    2617.000    -71.2
    2618.000     76.6
    2619.000   -104.4
    2620.000     31.3
    2621.000    181.0
    2622.000   -215.4
    2623.000   -121.6
    2624.000    -35.7
    2625.000    -81.0
    2626.000    107.1
    2627.000     71.7
    2628.000    206.4
    2629.000    -52.4
    2630.000    -66.4
    2631.000    268.4
    2632.000     60.7
    2633.000    -59.9
    2634.000    -96.1
    2635.000    -19.1
    2636.000     30.9
    2637.000      2.7
    2638.000     63.5
    2639.000   -200.2
    2640.000    295.4
    2641.000   -164.4
    2642.000    150.8
    2643.000     90.6
    2644.000    112.6
    2645.000    106.6
    2646.000    -11.7
    2647.000   -113.1
    2648.000    -17.4
    2649.000    154.2
    2650.000    217.4
    2651.000     58.2
    2652.000   -146.3
    2653.000    -72.3
    2654.000   -173.9
    2655.000   -166.7
    2656.000     42.9
    2657.000   -123.6
    2658.000   -110.8
    2659.000    -69.8
    2660.000    116.6
    2661.000   -186.8
    2662.000     79.9
    2663.000   -206.0
    2664.000   -189.0
    2665.000      3.9
    2666.000    -96.4
    2667.000    101.3
    2668.000    -74.8
    2669.000    173.4
    2670.000    189.1
    2671.000    189.1
    2672.000    -55.3
    2673.000    -35.2
    2674.000     50.9
    2675.000    178.7
    2676.000   -152.3
    2677.000    -84.6
    2678.000    -75.2
    2679.000   -139.5
    2680.000    107.7
    2681.000    119.2
    2682.000     48.6
    2683.000      7.8
    2684.000   -165.3
    2685.000    -73.1
    2686.000    -49.9
    2687.000     -2.3
    2688.000   -155.9
    2689.000   -138.7
    2690.000    -52.5
    2691.000    107.8
    2692.000   -286.1
    2693.000     91.5
    2694.000    -47.3
    2695.000    -19.7
    2696.000     44.3
    2697.000     33.4
    2698.000    175.8
    2699.000    235.3
    2700.000    162.9
    2701.000     48.7
    2702.000     31.5
    2703.000   -102.1
    2704.000   -227.1
    2705.000      5.0
    2706.000     88.5
    2707.000    124.1
    2708.000    -74.6
    2709.000     71.3
    2710.000    177.0
    2711.000   -100.3
    2712.000     35.8
    2713.000    -15.6
    2714.000    183.6
    2715.000   -121.0
    2716.000    104.3
    2717.000    -27.8
    2718.000    109.3
    2719.000   -174.6
    2720.000    -38.5
    2721.000   -166.0
    2722.000    -98.4
    2723.000    127.4
    2724.000      7.1
    2725.000    -63.6
    2726.000   -192.1
    2727.000    228.9
    2728.000      4.8
    2729.000     49.4
    2730.000    238.3
    2731.000   -105.6
    2732.000    108.4
    2733.000    143.0
    2734.000      0.8
    2735.000     99.9
    2736.000    -16.6
    2737.000      2.6
    2738.000     48.4
    2739.000     81.4
    2740.000    290.8
    2741.000    140.2
    2742.000     40.8
    2743.000    -35.0
    2744.000    -62.8
    2745.000   -151.7
    2746.000    -68.2
    2747.000    -52.0
    2748.000      5.3
    2749.000    -28.9
    2750.000    123.3
    2751.000    154.7
    2752.000    166.2
    2753.000    131.2
    2754.000    -21.4
    2755.000    -42.7
    2756.000   -141.2
    2757.000     21.6
    2758.000   -186.3
    2759.000     70.6
    2760.000   -149.5
    2761.000   -123.4
    2762.000    -73.5
    2763.000    -37.2
    2764.000     76.9
    2765.000      4.4
    2766.000      9.2
    2767.000     14.7
    2768.000    -77.3
    2769.000   -149.5
    2770.000     32.0
    2771.000    119.2
    2772.000     51.6
    2773.000    111.7
    2774.000    -43.7
    2775.000     67.7
    2776.000    -76.6
    2777.000    104.1
    2778.000     22.8
    2779.000    109.6
    2780.000    -13.5
    2781.000    -17.8
    2782.000   -204.9
    2783.000      6.5
    2784.000     34.7
    2785.000     23.2
    2786.000    -55.6
    2787.000    -46.4
    2788.000    -79.8
    2789.000   -139.4
    2790.000    183.2
    2791.000     86.5
    2792.000     51.2
    2793.000    201.5
    2794.000   -120.0
    2795.000   -154.5
    2796.000     -4.6
    2797.000    135.4
    2798.000    274.4
    2799.000   -166.4
    2800.000    293.6
    2801.000   -252.7
    2802.000    258.6
    2803.000     44.2
    2804.000    228.8
    2805.000     81.3
    2806.000    133.8
    2807.000    -30.3
    2808.000   -157.9
    2809.000    -70.6
    2810.000     -3.7
    2811.000    -69.6
    2812.000    -64.3
    2813.000    -55.0
    2814.000    -78.6
    2815.000     -4.4
    2816.000     48.3
    2817.000    -87.1
    2818.000    -58.9
    2819.000   -242.5
    2820.000     53.8
    2821.000      0.4
    2822.000     41.1
    2823.000    -24.3
    2824.000     58.3
    2825.000    -51.8
    2826.000    -72.3
    2827.000   -166.3
    2828.000    151.6
    2829.000     63.2
    2830.000   -177.9
    2831.000    -44.8
    2832.000   -203.2
    2833.000    -32.5
    2834.000    -13.1
    2835.000     18.7
    2836.000    115.9
    2837.000    159.1
    2838.000    106.2
    2839.000      4.2
    2840.000    -23.3
    2841.000    204.6
    2842.000    239.4
    2843.000     -3.6
    2844.000     34.2
    2845.000    -33.6
    2846.000    104.9
    2847.000    -29.8
    2848.000    -91.3
    2849.000    -52.8
    2850.000    262.3
    2851.000   -182.6
    2852.000     45.9
    2853.000     67.9
    2854.000    232.0
    2855.000    -53.8
    2856.000   -190.6
    2857.000   -176.5
    2858.000     82.1
    2859.000    111.6
    2860.000   -210.3
    2861.000     -1.7
    2862.000    -59.1
    2863.000    181.6
    2864.000     16.2
    2865.000   -169.7
    2866.000    -80.6
    2867.000   -179.8
    2868.000     62.2
    2869.000     41.5
    2870.000     -6.4
    2871.000     10.2
    2872.000     66.1
    2873.000     71.9
    2874.000     96.0
    2875.000    276.6
    2876.000     11.6
    2877.000     95.7
    2878.000     -7.6
    2879.000    -86.8
    2880.000    127.9
    2881.000     38.7
    2882.000    -35.4
    2883.000    261.3
    2884.000     99.9
    2885.000   -211.2
    2886.000    110.9
    2887.000     60.5
    2888.000    -46.9
    2889.000    201.6
    2890.000    185.0
    2891.000     59.8
    2892.000    -19.8
    2893.000    -30.2
    2894.000    221.2
    2895.000     84.8
    2896.000     46.4
    2897.000     69.2
    2898.000    -37.9
    2899.000   -332.1
    2900.000    204.7
    2901.000    119.7
    2902.000    -65.3
    2903.000    110.5
    2904.000     28.6
    2905.000   -173.8
    2906.000     16.3
    2907.000    -42.8
    2908.000    -79.3
    2909.000     18.6
    2910.000     73.6
    2911.000   -155.7
    2912.000    -82.7
    2913.000    -97.1
    2914.000     46.9
    2915.000   -130.6
    2916.000    -31.1
    2917.000    -82.5
    2918.000      6.6
    2919.000     39.8
    2920.000     34.0
    2921.000     75.5
    2922.000    -96.5
    2923.000    -54.8
    2924.000   -136.4
    2925.000    -20.6
    2926.000    194.3
    2927.000    171.6
    2928.000   -216.1
    2929.000    166.2
    2930.000     67.9
    2931.000    -45.7
    2932.000   -196.2
    2933.000      5.5
    2934.000   -141.6
    2935.000    -82.2
    2936.000   -227.6
    2937.000    322.6
    2938.000    323.2
    2939.000     59.8
    2940.000     60.5
    2941.000    101.4
    2942.000     24.9
    2943.000   -121.3
    2944.000      8.9
    2945.000     20.8
    2946.000     -8.6
    2947.000    -89.6
    2948.000   -112.1
    2949.000    -67.7
    2950.000     -9.3
    2951.000     39.3
    2952.000     39.8
    2953.000     61.6
    2954.000    -14.9
    2955.000    -91.3
    2956.000   -128.4
    2957.000    -98.8
    2958.000    -86.6
    2959.000    -73.4
    2960.000     85.3
    2961.000    -55.3
    2962.000     76.9
    2963.000    -46.6
    2964.000     26.7
    2965.000     25.3
    2966.000    -77.4
    2967.000   -166.8
    2968.000      9.5
    2969.000   -100.4
    2970.000    121.5
    2971.000   -233.3
    2972.000   -153.5
    2973.000    -68.1
    2974.000    216.8
    2975.000     99.2
    2976.000    119.3
    2977.000   -100.1
    2978.000     44.8
    2979.000   -151.4
    2980.000    224.5
    2981.000   -169.6
    2982.000     93.3
    2983.000     90.1
    2984.000   -183.0
    2985.000     80.2
    2986.000    141.9
    2987.000     26.7
    2988.000   -118.6
    2989.000   -123.5
    2990.000    -62.5
    2991.000     94.2
    2992.000     -3.4
    2993.000   -114.6
    2994.000    111.4
    2995.000     82.3
    2996.000   -128.1
    2997.000    202.5
    2998.000   -234.0
    2999.000   -236.4
    3000.000    -21.7
    3001.000    201.2
    3002.000    -26.5
    3003.000    -47.1
    3004.000     50.5
    3005.000    138.6
    3006.000     -8.8
    3007.000   -149.0
    3008.000    -87.1
    3009.000   -232.8
    3010.000      4.6
    3011.000    -19.3
    3012.000   -117.5
    3013.000   -168.7
    3014.000   -138.8
    3015.000    -17.9
    3016.000    103.9
    3017.000   -157.7
    3018.000    -61.8
    3019.000    -59.0
    3020.000   -159.3
    3021.000   -126.4
    3022.000    -80.6
    3023.000     79.5
    3024.000    -38.7
    3025.000    222.4
    3026.000    -59.8
    3027.000    -77.9
    3028.000     67.8
    3029.000    -86.6
    3030.000    -61.6
    3031.000    -66.3
    3032.000     36.0
    3033.000     19.7
    3034.000    -96.5
    3035.000    -61.6
    3036.000    288.2
    3037.000   -115.5
    3038.000     95.6
    3039.000     29.7
    3040.000    -51.9
