     141.000      328418.8972
     142.000      321680.8620
     143.000      318209.2226
     144.000      315918.1276
     145.000      314178.7998
     146.000      312740.1592
     147.000      311304.5708
     148.000      310394.6936
     149.000      309819.5456
     150.000      309877.2038
     151.000      309062.3431
     152.000      308548.3888
     153.000      308242.3610
     154.000      308511.6145
     155.000      308302.5870
     156.000      307315.3692
     157.000      306864.4780
     158.000      306826.1297
     159.000      306626.8103
     160.000      306262.6432
     161.000      306567.2659
     162.000      306062.5557
     163.000      305612.4802
     164.000      305873.7147
     165.000      305832.5413
     166.000      305928.7503
     167.000      305993.4946
     168.000      305806.5368
     169.000      305840.0978
     170.000      305638.2786
     171.000      305736.7734
     172.000      305725.1060
     173.000      305470.9141
     174.000      304324.9740
     175.000      304796.6819
     176.000      304917.7771
     177.000      304790.6475
     178.000      304735.3316
     179.000      305147.3043
     180.000      305763.3671
     181.000      305438.0827
     182.000      305196.1069
     183.000      304889.6865
     184.000      305189.9121
     185.000      305134.1095
     186.000      304317.7087
     187.000      304245.3539
     188.000      304675.8889
     189.000      304879.5890
     190.000      304467.6012
     191.000      304464.6371
     192.000      304818.4241
     193.000      305128.6835
     194.000      305041.9288
     195.000      304386.3108
     196.000      304862.2423
     197.000      305239.3207
     198.000      305670.9946
     199.000      305575.8598
     200.000      305473.5929
     201.000      306341.2586
     202.000      305362.0027
     203.000      304951.4824
     204.000      304592.3734
     205.000      304363.5405
     206.000      304460.4385
     207.000      304849.6883
     208.000      305214.1218
     209.000      305654.6810
     210.000      305012.6599
     211.000      305337.2851
     212.000      304890.8624
     213.000      305054.6323
     214.000      304874.1063
     215.000      305655.6472
     216.000      305306.0811
     217.000      305014.7622
     218.000      304343.0724
     219.000      304710.7121
     220.000      304628.5994
     221.000      304845.8354
     222.000      304959.2031
     223.000      305263.3151
     224.000      304695.4753
     225.000      304192.1475
     226.000      304554.8870
     227.000      304514.5758
     228.000      304437.5941
     229.000      304899.2691
     230.000      304948.6676
     231.000      305157.7032
     232.000      305595.0812
     233.000      305395.6180
     234.000      305716.4427
     235.000      305326.3328
     236.000      304734.4102
     237.000      304613.0097
     238.000      304861.1042
     239.000      304641.2199
     240.000      305216.3886
     241.000      305140.6868
     242.000      304418.6502
     243.000      304282.0391
     244.000      303931.0144
     245.000      304679.0465
     246.000      304452.1782
     247.000      303963.1972
     248.000      304013.1238
     249.000      303883.1211
     250.000      303779.7059
     251.000      304017.1838
     252.000      303853.2563
     253.000      304127.1581
     254.000      304663.1649
     255.000      304325.1740
     256.000      304110.5969
     257.000      303242.4890
     258.000      303846.9057
     259.000      304288.6232
     260.000      303904.6957
     261.000      304375.3445
     262.000      304842.5821
     263.000      304811.3135
     264.000      304117.2805
     265.000      303917.2081
     266.000      304330.5258
     267.000      303704.0900
     268.000      303345.4887
     269.000      303462.3527
     270.000      303772.0308
     271.000      303793.2589
     272.000      304161.0891
     273.000      304555.0253
     274.000      304101.7223
     275.000      304140.3835
     276.000      304807.9188
     277.000      304714.7879
     278.000      305009.4045
     279.000      304518.7416
     280.000      304453.6332
     281.000      304583.2250
     282.000      304011.3825
     283.000      304254.4541
     284.000      304497.6390
     285.000      304597.3925
     286.000      303890.6230
     287.000      304329.8288
     288.000      303744.0048
     289.000      304159.3596
     290.000      304283.2705
     291.000      304076.5412
     292.000      304060.9408
     293.000      303505.7792
     294.000      304058.4201
     295.000      304189.6529
     296.000      304316.8670
     297.000      304319.4233
     298.000      304677.5721
     299.000      304285.6717
     300.000      304178.0096
     301.000      304176.3724
     302.000      304057.8536
     303.000      304565.0515
     304.000      304462.5573
     305.000      304930.7280
     306.000      304143.0819
     307.000      304449.7928
     308.000      303476.9287
     309.000      303461.0533
     310.000      303843.1761
     311.000      303422.8560
     312.000      304246.6727
     313.000      304026.4355
     314.000      304080.2110
     315.000      304614.8425
     316.000      304464.3068
     317.000      304076.9892
     318.000      304241.0131
     319.000      304418.3274
     320.000      303557.6779
     321.000      303896.9715
     322.000      304263.8476
     323.000      304155.2828
     324.000      304856.0002
     325.000      305120.8637
     326.000      304760.0452
     327.000      305451.6519
     328.000      305008.2607
     329.000      304607.9573
     330.000      304582.1953
     331.000      304236.8736
     332.000      304062.1018
     333.000      304689.5530
     334.000      304798.0214
     335.000      304310.7415
     336.000      304560.1174
     337.000      304451.4085
     338.000      304206.0811
     339.000      303658.5625
     340.000      304117.4702
     341.000      304443.5533
     342.000      304738.4532
     343.000      305112.2592
     344.000      304828.3623
     345.000      304942.5142
     346.000      304499.1517
     347.000      304035.8850
     348.000      303879.1424
     349.000      304169.5696
     350.000      303820.1751
     351.000      303872.0135
     352.000      304097.4843
     353.000      303964.4234
     354.000      303958.1301
     355.000      303122.1791
     356.000      303277.4987
     357.000      303419.2911
     358.000      303337.7233
     359.000      303181.1152
     360.000      303263.4929
     361.000      303210.9046
     362.000      302489.7525
     363.000      302544.5592
     364.000      302538.6463
     365.000      302860.7759
     366.000      303089.6343
     367.000      303479.7280
     368.000      304065.4251
     369.000      303595.6845
     370.000      304121.9420
     371.000      304494.9234
     372.000      303522.0489
     373.000      303020.6991
     374.000      303434.4807
     375.000      303302.2325
     376.000      303427.9462
     377.000      303730.7404
     378.000      303566.5433
     379.000      303553.4618
     380.000      303600.5702
     381.000      303904.0527
     382.000      303917.2573
     383.000      303551.1752
     384.000      304006.8204
     385.000      304091.6143
     386.000      304408.0285
     387.000      303977.0503
     388.000      303775.5319
     389.000      303946.7884
     390.000      303553.7293
     391.000      303565.8862
     392.000      303197.0104
     393.000      303577.2543
     394.000      303881.8776
     395.000      304478.4979
     396.000      303837.9454
     397.000      303815.0121
     398.000      303683.0371
     399.000      303139.7489
     400.000      303540.6634
     401.000      303997.3580
     402.000      303691.2645
     403.000      303520.0135
     404.000      303924.7588
     405.000      303891.9560
     406.000      303743.1041
     407.000      303780.1970
     408.000      304111.7436
     409.000      303659.3586
     410.000      304290.7073
     411.000      304013.6221
     412.000      303121.0101
     413.000      302806.4088
     414.000      303027.2270
     415.000      303299.2813
     416.000      303203.8165
     417.000      302732.6531
     418.000      303598.8591
     419.000      303188.9085
     420.000      303698.8027
     421.000      303893.3068
     422.000      304005.5224
     423.000      303829.2091
     424.000      304196.8375
     425.000      304118.6623
     426.000      303560.2392
     427.000      303512.1747
     428.000      303794.1059
     429.000      303532.0906
     430.000      303365.3557
     431.000      303798.2812
     432.000      303788.0465
     433.000      303477.8197
     434.000      303550.5864
     435.000      303687.2137
     436.000      303300.8108
     437.000      303298.5896
     438.000      303315.2927
     439.000      303549.2308
     440.000      303568.9942
     441.000      303274.2309
     442.000      303215.9436
     443.000      304125.1252
     444.000      303317.9735
     445.000      303485.3808
     446.000      303855.3967
     447.000      303486.8475
     448.000      302943.1034
     449.000      303554.0488
     450.000      303496.0894
     451.000      303483.8292
     452.000      303316.8527
     453.000      303975.6738
     454.000      303823.4313
     455.000      303794.3593
     456.000      303877.5775
     457.000      304010.9731
     458.000      303740.6526
     459.000      303509.2662
     460.000      303288.5126
     461.000      303573.1558
     462.000      303125.4939
     463.000      302319.1723
     464.000      303083.6430
     465.000      302734.1741
     466.000      302907.8341
     467.000      303090.0148
     468.000      302750.2516
     469.000      303305.2282
     470.000      303383.4577
     471.000      303202.2767
     472.000      303349.6879
     473.000      303624.5557
     474.000      303622.6576
     475.000      303311.8090
     476.000      303122.9280
     477.000      302928.8017
     478.000      303106.4775
     479.000      303689.6045
     480.000      303469.4996
     481.000      303564.7621
     482.000      303509.8974
     483.000      303026.9007
     484.000      303312.5865
     485.000      303514.3988
     486.000      303110.4527
     487.000      303194.3459
     488.000      303192.7846
     489.000      303399.3095
     490.000      303814.0491
     491.000      303987.3759
     492.000      304065.0350
     493.000      304071.5531
     494.000      303333.0496
     495.000      303279.7494
     496.000      303566.5657
     497.000      303344.7339
     498.000      302643.4064
     499.000      302769.6626
     500.000      302874.8776
     501.000      302983.9602
     502.000      302777.0512
     503.000      302680.7645
     504.000      303297.8826
     505.000      303192.3685
     506.000      303023.5710
     507.000      302484.9001
     508.000      302085.1099
     509.000      302645.6447
     510.000      303020.5649
     511.000      303604.8181
     512.000      303607.5112
     513.000      303739.9918
     514.000      303659.3849
     515.000      303399.6950
     516.000      302712.3610
     517.000      302776.4817
     518.000      303161.2465
     519.000      303454.8842
     520.000      303496.2132
     521.000      303286.3615
     522.000      303536.8593
     523.000      303522.7762
     524.000      302953.7866
     525.000      302761.5792
     526.000      303210.5538
     527.000      303060.6960
     528.000      302988.8707
     529.000      302699.5277
     530.000      302668.9815
     531.000      302700.5889
     532.000      302769.4692
     533.000      302661.8966
     534.000      303028.2146
     535.000      302961.1976
     536.000      302704.3511
     537.000      303017.8089
     538.000      302940.1118
     539.000      303058.3445
     540.000      302644.7212
     541.000      302153.7954
     542.000      301942.0450
     543.000      302479.1666
     544.000      302397.8793
     545.000      303006.2903
     546.000      302767.6555
     547.000      302885.6814
     548.000      302510.6711
     549.000      302376.0682
     550.000      301922.5955
     551.000      302426.2548
     552.000      302199.9859
     553.000      301963.4935
     554.000      302647.0679
     555.000      302804.2161
     556.000      302394.1703
     557.000      302394.4411
     558.000      302346.1885
     559.000      302529.7876
     560.000      302905.5230
     561.000      303350.2234
     562.000      302791.5731
     563.000      303131.7146
     564.000      303651.5235
     565.000      303036.7346
     566.000      302503.1888
     567.000      302383.3229
     568.000      303142.5772
     569.000      303248.2639
     570.000      302692.0776
     571.000      303155.0133
     572.000      302263.0790
     573.000      302528.5320
     574.000      303154.3495
     575.000      303115.0712
     576.000      303676.3727
     577.000      304105.4557
     578.000      303269.8084
     579.000      302979.4441
     580.000      302794.9733
     581.000      303465.2116
     582.000      303000.7478
     583.000      302984.4268
     584.000      303123.9871
     585.000      303263.4711
     586.000      302755.9497
     587.000      302594.2171
     588.000      302914.1836
     589.000      302597.9705
     590.000      301900.7022
     591.000      301709.1972
     592.000      301837.2529
     593.000      302284.5860
     594.000      302585.5481
     595.000      302921.1315
     596.000      302992.4631
     597.000      302549.4437
     598.000      302942.3225
     599.000      302787.4774
     600.000      302806.0609
     601.000      302761.3083
     602.000      302721.0524
     603.000      302615.9298
     604.000      302898.2213
     605.000      302702.9760
     606.000      302364.4254
     607.000      302298.7370
     608.000      302893.3999
     609.000      302889.7703
     610.000      303182.0279
     611.000      302901.9011
     612.000      303317.4390
     613.000      302797.8368
     614.000      302777.7577
     615.000      303322.2560
     616.000      303462.2273
     617.000      302768.3024
     618.000      303028.2908
     619.000      302469.1812
     620.000      302219.7414
     621.000      302075.1599
     622.000      302414.7089
     623.000      302438.8210
     624.000      302719.9781
     625.000      302532.3158
     626.000      302387.4782
     627.000      302688.8257
     628.000      303047.7661
     629.000      302417.8982
     630.000      302915.7879
     631.000      303443.1313
     632.000      303224.5439
     633.000      303350.3716
     634.000      303512.8112
     635.000      302659.5159
     636.000      303140.9382
     637.000      302651.9969
     638.000      303052.0602
     639.000      303018.6012
     640.000      302450.8885
     641.000      302241.5851
     642.000      302028.1411
     643.000      302414.9952
     644.000      302078.7432
     645.000      302592.0395
     646.000      302426.1040
     647.000      303041.1370
     648.000      302671.8004
     649.000      302374.4398
     650.000      302610.3877
     651.000      302870.4286
     652.000      302914.9175
     653.000      302654.7221
     654.000      302262.7514
     655.000      302429.3455
     656.000      302276.2892
     657.000      302485.6933
     658.000      302184.6836
     659.000      301996.1042
     660.000      302021.8607
     661.000      302649.9378
     662.000      303110.7845
     663.000      302961.2884
     664.000      302781.6310
     665.000      302718.1299
     666.000      302550.2114
     667.000      302162.5668
     668.000      302131.6713
     669.000      302145.6219
     670.000      302068.3373
     671.000      301958.8856
     672.000      301718.9239
     673.000      302221.7462
     674.000      302431.5169
     675.000      302705.7275
     676.000      302747.1880
     677.000      302396.9008
     678.000      303190.4737
     679.000      302931.3882
     680.000      302968.3280
     681.000      303340.8541
     682.000      303304.1390
     683.000      303155.5268
     684.000      303500.4417
     685.000      302720.4087
     686.000      302255.0479
     687.000      302433.3272
     688.000      302095.4754
     689.000      302063.9815
     690.000      301833.9277
     691.000      302397.3345
     692.000      302029.8131
     693.000      302157.1655
     694.000      302541.0104
     695.000      302143.7555
     696.000      302437.2336
     697.000      302487.5558
     698.000      302298.0300
     699.000      302058.3460
     700.000      302647.4056
     701.000      302689.3301
     702.000      302211.6761
     703.000      302186.6776
     704.000      301997.4070
     705.000      302705.8881
     706.000      303037.9510
     707.000      303077.4628
     708.000      302677.7759
     709.000      302874.2199
     710.000      303347.5637
     711.000      302713.7438
     712.000      303069.4562
     713.000      303553.5697
     714.000      303064.4315
     715.000      303482.1311
     716.000      303119.0154
     717.000      302549.9457
     718.000      302680.5801
     719.000      302402.0178
     720.000      301616.3655
     721.000      302177.7099
     722.000      302119.5325
     723.000      302505.9692
     724.000      302344.2991
     725.000      302575.1786
     726.000      302775.1514
     727.000      303434.5526
     728.000      302796.3770
     729.000      302644.2040
     730.000      302909.2747
     731.000      302608.8478
     732.000      303104.1750
     733.000      303047.7726
     734.000      302836.8156
     735.000      302631.1930
     736.000      302632.1593
     737.000      302292.8121
     738.000      301599.6016
     739.000      301815.1666
     740.000      302315.4757
     741.000      301306.4709
     742.000      301818.9031
     743.000      301354.9109
     744.000      302067.8628
     745.000      302506.1728
     746.000      302092.7821
     747.000      302095.5292
     748.000      301967.2632
     749.000      302054.4309
     750.000      301920.4578
     751.000      302188.6733
     752.000      301623.1414
     753.000      302011.2445
     754.000      301879.6523
     755.000      302446.4944
     756.000      302391.0008
     757.000      301940.5351
     758.000      302802.4293
     759.000      302669.7671
     760.000      302551.9952
     761.000      301649.4137
     762.000      302208.7252
     763.000      302019.7034
     764.000      302378.1858
     765.000      302483.0308
     766.000      301691.9244
     767.000      302149.0330
     768.000      302161.6475
     769.000      302478.5272
     770.000      302157.2593
     771.000      302554.0339
     772.000      301939.5065
     773.000      301669.1088
     774.000      301798.0826
     775.000      301859.2385
     776.000      301993.5493
     777.000      301451.0158
     778.000      301805.9652
     779.000      301821.2806
     780.000      302512.5730
     781.000      302196.9019
     782.000      302642.9308
     783.000      301909.9612
     784.000      301465.6825
     785.000      301038.5144
     786.000      301774.6296
     787.000      301060.2277
     788.000      301021.1365
     789.000      301337.6701
     790.000      301486.1320
     791.000      301315.5816
     792.000      302116.7856
     793.000      302699.4863
     794.000      302284.4054
     795.000      302281.2366
     796.000      302354.0023
     797.000      302283.4802
     798.000      301705.0927
     799.000      301462.3927
     800.000      301990.8212
     801.000      302103.6933
     802.000      301997.9697
     803.000      302178.2442
     804.000      301795.3588
     805.000      301936.9351
     806.000      301828.4192
     807.000      302172.2645
     808.000      301997.5975
     809.000      301968.5814
     810.000      302600.7528
     811.000      302104.6468
     812.000      302152.9034
     813.000      301888.0653
     814.000      302003.6692
     815.000      302085.7915
     816.000      301351.2330
     817.000      301198.1923
     818.000      301640.4912
     819.000      301326.3653
     820.000      301794.2712
     821.000      301714.3052
     822.000      301867.8377
     823.000      301698.5426
     824.000      301912.8579
     825.000      302272.3331
     826.000      302298.3511
     827.000      301621.8467
     828.000      301664.4181
     829.000      301902.6855
     830.000      301951.3370
     831.000      302119.2679
     832.000      302023.5311
     833.000      301617.4460
     834.000      301673.5868
     835.000      301647.1180
     836.000      301500.9712
     837.000      301728.9911
     838.000      301440.7289
     839.000      301927.2374
     840.000      301721.5922
     841.000      301726.7797
     842.000      301525.9874
     843.000      301946.3624
     844.000      301642.0571
     845.000      301152.1543
     846.000      300899.5410
     847.000      302137.7596
     848.000      301792.9040
     849.000      301630.8538
     850.000      301686.7476
     851.000      301411.8092
     852.000      301512.1607
     853.000      301346.9558
     854.000      301791.1745
     855.000      301857.9807
     856.000      301952.7749
     857.000      301845.3962
     858.000      301724.8624
     859.000      301321.0869
     860.000      301844.7834
     861.000      301692.1552
     862.000      301905.5874
     863.000      301822.0600
     864.000      302052.2068
     865.000      302197.5163
     866.000      301935.7588
     867.000      302321.7902
     868.000      301731.3322
     869.000      301851.8235
     870.000      302696.6307
     871.000      302070.2902
     872.000      301723.0136
     873.000      301329.6389
     874.000      301419.2567
     875.000      300939.2727
     876.000      301596.8694
     877.000      301956.7826
     878.000      301897.0242
     879.000      301900.3577
     880.000      301038.0751
     881.000      300904.0515
     882.000      300804.1046
     883.000      300330.3266
     884.000      301072.5109
     885.000      300927.2366
     886.000      301027.0445
     887.000      301415.3231
     888.000      302019.0739
     889.000      302030.8689
     890.000      301794.3136
     891.000      301312.2493
     892.000      301876.6962
     893.000      301576.0242
     894.000      301572.3355
     895.000      301532.5692
     896.000      301780.3338
     897.000      301818.7555
     898.000      301248.3362
     899.000      301305.4022
     900.000      301984.2938
     901.000      301920.3365
     902.000      301089.2847
     903.000      301103.4505
     904.000      301944.2038
     905.000      301744.2326
     906.000      301118.4404
     907.000      301469.8288
     908.000      302190.7511
     909.000      301618.3087
     910.000      301269.3589
     911.000      301209.4121
     912.000      301517.1640
     913.000      302027.3802
     914.000      302106.6542
     915.000      302085.1369
     916.000      301835.6047
     917.000      301852.1128
     918.000      301620.2769
     919.000      301548.4953
     920.000      302290.3825
     921.000      303089.1461
     922.000      302145.0931
     923.000      302281.8990
     924.000      301841.1607
     925.000      301866.3346
     926.000      302233.4137
     927.000      302361.3515
     928.000      302221.9830
     929.000      301498.8934
     930.000      301603.7371
     931.000      300665.4626
     932.000      301198.9503
     933.000      301455.9118
     934.000      301776.4682
     935.000      301770.9548
     936.000      301534.9766
     937.000      301463.8226
     938.000      301733.7122
     939.000      301660.4055
     940.000      301715.0961
     941.000      300893.7339
     942.000      300877.3998
     943.000      301302.8900
     944.000      301113.5723
     945.000      301516.2108
     946.000      302582.0762
     947.000      302373.3921
     948.000      302110.6604
     949.000      302245.9642
     950.000      301926.6537
     951.000      301720.8507
     952.000      301486.9826
     953.000      301603.9968
     954.000      301735.1714
     955.000      301408.8663
     956.000      301093.9749
     957.000      301199.9911
     958.000      300873.7899
     959.000      301166.6679
     960.000      301656.4179
     961.000      301742.1732
     962.000      301804.5452
     963.000      301615.3349
     964.000      301690.0222
     965.000      301376.6661
     966.000      301451.0010
     967.000      301627.0765
     968.000      301743.9228
     969.000      301139.3892
     970.000      300729.8431
     971.000      300786.4423
     972.000      300983.3283
     973.000      301346.7193
     974.000      301981.2053
     975.000      301891.1112
     976.000      302107.8574
     977.000      301084.1469
     978.000      300927.4808
     979.000      300775.6779
     980.000      300554.6232
     981.000      300789.0953
     982.000      300885.2019
     983.000      300488.8202
     984.000      300466.3098
     985.000      300457.8634
     986.000      300893.8435
     987.000      300698.5597
     988.000      300566.0596
     989.000      300852.6872
     990.000      301325.9906
     991.000      300799.7768
     992.000      300878.5074
     993.000      301703.6715
     994.000      301667.4541
     995.000      302114.4952
     996.000      302242.0095
     997.000      301617.3503
     998.000      301105.2043
     999.000      301000.5859
    1000.000      300224.2473
    1001.000      301297.5869
    1002.000      300952.6882
    1003.000      300756.5801
    1004.000      300312.5258
    1005.000      300689.6179
    1006.000      301190.3069
    1007.000      301175.4166
    1008.000      300611.2336
    1009.000      300635.2814
    1010.000      300845.4771
    1011.000      301283.4029
    1012.000      301178.7492
    1013.000      301416.9671
    1014.000      301260.8721
    1015.000      301460.2867
    1016.000      300734.4181
    1017.000      300313.2903
    1018.000      300511.9135
    1019.000      301493.6620
    1020.000      301826.4142
    1021.000      301252.5461
    1022.000      301066.4115
    1023.000      301576.4481
    1024.000      301284.1028
    1025.000      301092.6839
    1026.000      301785.3386
    1027.000      301304.4799
    1028.000      301493.5213
    1029.000      301459.6518
    1030.000      301357.4749
    1031.000      301359.8367
    1032.000      301550.2810
    1033.000      301430.2935
    1034.000      301070.7654
    1035.000      301380.6319
    1036.000      301091.2932
    1037.000      300647.3728
    1038.000      300843.6264
    1039.000      301056.6968
    1040.000      301430.1263
    1041.000      300658.0777
    1042.000      300818.3116
    1043.000      300840.8300
    1044.000      301194.9676
    1045.000      300959.3690
    1046.000      300877.5796
    1047.000      300334.2726
    1048.000      300440.9460
    1049.000      300501.1074
    1050.000      300711.8976
    1051.000      301234.2561
    1052.000      300750.9336
    1053.000      300410.8595
    1054.000      300464.8541
    1055.000      300799.9169
    1056.000      301575.7572
    1057.000      301227.8276
    1058.000      301300.6877
    1059.000      300670.7455
    1060.000      300574.8952
    1061.000      300702.8430
    1062.000      301089.1144
    1063.000      300446.9993
    1064.000      301552.6801
    1065.000      301291.4187
    1066.000      301301.4605
    1067.000      301375.9735
    1068.000      301339.1148
    1069.000      301462.9978
    1070.000      300661.3937
    1071.000      300095.1727
    1072.000      301041.3799
    1073.000      301615.1698
    1074.000      301834.5804
    1075.000      300988.5937
    1076.000      301156.0749
    1077.000      301058.7370
    1078.000      300878.9356
    1079.000      300709.7747
    1080.000      300587.9133
    1081.000      300528.1144
    1082.000      300169.4543
    1083.000      300025.5371
    1084.000      300576.8649
    1085.000      301027.1164
    1086.000      301432.4809
    1087.000      301107.6481
    1088.000      301056.3994
    1089.000      301520.4824
    1090.000      301503.0987
    1091.000      301289.9606
    1092.000      301019.2173
    1093.000      301154.6568
    1094.000      300677.8484
    1095.000      300562.2707
    1096.000      300764.6382
    1097.000      300835.1735
    1098.000      300770.4089
    1099.000      300493.2096
    1100.000      300532.2656
    1101.000      300446.3699
    1102.000      300376.0095
    1103.000      300714.4206
    1104.000      300047.6149
    1105.000      300670.9867
    1106.000      300759.5883
    1107.000      300655.3512
    1108.000      301484.6410
    1109.000      301645.6954
    1110.000      301386.3741
    1111.000      301058.8791
    1112.000      301092.0043
    1113.000      300786.9672
    1114.000      300349.1232
    1115.000      300114.2269
    1116.000      300387.8547
    1117.000      300803.3361
    1118.000      300792.2476
    1119.000      300866.0095
    1120.000      300693.3905
    1121.000      300899.8255
    1122.000      300741.5506
    1123.000      300497.3126
    1124.000      300444.4145
    1125.000      300871.7207
    1126.000      301106.6948
    1127.000      300787.9053
    1128.000      300332.9592
    1129.000      299974.1075
    1130.000      300492.3294
    1131.000      300810.4832
    1132.000      300663.1372
    1133.000      300391.8146
    1134.000      300005.3358
    1135.000      299954.3439
    1136.000      300325.4355
    1137.000      300902.9606
    1138.000      300881.6211
    1139.000      300492.1718
    1140.000      300566.6213
    1141.000      300776.1870
    1142.000      301357.8900
    1143.000      301008.6892
    1144.000      300934.4154
    1145.000      301403.9922
    1146.000      301334.1778
    1147.000      301070.7782
    1148.000      301537.9373
    1149.000      301662.7499
    1150.000      301440.4265
    1151.000      301618.6651
    1152.000      301439.0420
    1153.000      300448.6706
    1154.000      300622.8063
    1155.000      300760.6885
    1156.000      300463.7039
    1157.000      300408.0702
    1158.000      300493.3709
    1159.000      300472.3152
    1160.000      300245.7213
    1161.000      300139.0313
    1162.000      300670.6947
    1163.000      300344.9647
    1164.000      300208.9022
    1165.000      300184.7562
    1166.000      300467.1491
    1167.000      300310.9865
    1168.000      300071.6168
    1169.000      300053.2544
    1170.000      299974.0100
    1171.000      299762.2366
    1172.000      300300.7124
    1173.000      300854.6020
    1174.000      300456.6077
    1175.000      301056.2460
    1176.000      301308.2470
    1177.000      301363.8817
    1178.000      300984.1097
    1179.000      301162.6194
    1180.000      301110.5730
    1181.000      301148.9707
    1182.000      301044.2843
    1183.000      300824.9974
    1184.000      300752.4928
    1185.000      300980.4163
    1186.000      301083.1009
    1187.000      300980.6847
    1188.000      301159.0979
    1189.000      301081.9040
    1190.000      300594.2578
    1191.000      300589.7299
    1192.000      300538.5179
    1193.000      300328.8334
    1194.000      300399.3093
    1195.000      300408.8739
    1196.000      300566.4972
    1197.000      300702.0024
    1198.000      300790.5103
    1199.000      300757.6430
    1200.000      300953.4383
    1201.000      300531.0331
    1202.000      301169.8508
    1203.000      301122.6013
    1204.000      301054.2341
    1205.000      300717.8828
    1206.000      301105.2122
    1207.000      300619.9048
    1208.000      300321.5785
    1209.000      300581.0428
    1210.000      300534.9503
    1211.000      300358.7594
    1212.000      300862.3432
    1213.000      300986.5544
    1214.000      301085.5634
    1215.000      300976.9716
    1216.000      300854.4428
    1217.000      301112.7896
    1218.000      301159.4570
    1219.000      300905.5251
    1220.000      300773.5146
    1221.000      301162.3764
    1222.000      301056.3734
    1223.000      300962.1910
    1224.000      300560.0907
    1225.000      300704.7453
    1226.000      300571.6975
    1227.000      300547.9407
    1228.000      300605.2757
    1229.000      300720.0355
    1230.000      300225.7133
    1231.000      300308.8148
    1232.000      300097.5163
    1233.000      300506.4919
    1234.000      300659.3228
    1235.000      300762.3763
    1236.000      300830.8090
    1237.000      300688.6296
    1238.000      301053.8527
    1239.000      301539.8281
    1240.000      300742.8716
    1241.000      300013.0227
    1242.000      299953.9896
    1243.000      300329.1279
    1244.000      300706.6661
    1245.000      300162.0600
    1246.000      300525.2003
    1247.000      300979.8244
    1248.000      300407.5167
    1249.000      300331.3551
    1250.000      300955.7331
    1251.000      300746.5019
    1252.000      300502.2526
    1253.000      300359.3779
    1254.000      300628.3325
    1255.000      300069.8052
    1256.000      299931.1996
    1257.000      300186.4915
    1258.000      300250.7195
    1259.000      300002.6249
    1260.000      299829.9635
    1261.000      300009.8323
    1262.000      299751.4085
    1263.000      300201.6753
    1264.000      299732.9565
    1265.000      300733.9100
    1266.000      300060.9242
    1267.000      300924.2427
    1268.000      300112.1210
    1269.000      299751.7046
    1270.000      299997.2927
    1271.000      299704.6519
    1272.000      299754.5586
    1273.000      299736.2315
    1274.000      300556.2028
    1275.000      299899.2652
    1276.000      299589.9088
    1277.000      300079.2248
    1278.000      299939.2133
    1279.000      299595.5439
    1280.000      300295.3158
    1281.000      301557.6601
    1282.000      301465.4084
    1283.000      301363.3108
    1284.000      301362.8917
    1285.000      300933.6362
    1286.000      301001.6580
    1287.000      300943.7378
    1288.000      300796.0170
    1289.000      300816.9550
    1290.000      300304.7501
    1291.000      300405.0704
    1292.000      300782.5092
    1293.000      300350.8350
    1294.000      300577.1007
    1295.000      300209.6138
    1296.000      300146.4577
    1297.000      300418.6035
    1298.000      300271.6010
    1299.000      299903.5053
    1300.000      299775.0075
    1301.000      299682.4557
    1302.000      300132.8033
    1303.000      300447.7044
    1304.000      300879.4702
    1305.000      300129.5353
    1306.000      300584.3358
    1307.000      300135.7162
    1308.000      299724.3189
    1309.000      300174.4807
    1310.000      300290.4145
    1311.000      300970.7481
    1312.000      300878.8791
    1313.000      300869.2114
    1314.000      300835.8298
    1315.000      301060.2451
    1316.000      300910.1325
    1317.000      300795.1075
    1318.000      301031.7914
    1319.000      300602.5438
    1320.000      300236.1247
    1321.000      300165.3833
    1322.000      300361.3216
    1323.000      300517.5441
    1324.000      300445.1606
    1325.000      300179.2137
    1326.000      300196.8982
    1327.000      300816.3709
    1328.000      300975.2599
    1329.000      300439.9884
    1330.000      300522.6679
    1331.000      299824.8538
    1332.000      300177.3379
    1333.000      299738.6658
    1334.000      299674.2182
    1335.000      300324.5375
    1336.000      300403.4797
    1337.000      300538.7555
    1338.000      300710.6727
    1339.000      300529.4023
    1340.000      300629.7128
    1341.000      301119.6494
    1342.000      300965.1126
    1343.000      300831.6697
    1344.000      301305.0749
    1345.000      301706.6409
    1346.000      301456.7847
    1347.000      301479.0292
    1348.000      301330.9254
    1349.000      300420.7935
    1350.000      299975.5509
    1351.000      299536.1023
    1352.000      299474.6673
    1353.000      299474.1211
    1354.000      299501.3605
    1355.000      299535.2458
    1356.000      299412.3426
    1357.000      299369.1028
    1358.000      300274.6215
    1359.000      300397.1533
    1360.000      300139.6986
    1361.000      299973.3120
    1362.000      300052.1241
    1363.000      299951.5576
    1364.000      299974.2575
    1365.000      300532.1859
    1366.000      300517.1428
    1367.000      300594.2145
    1368.000      300049.8682
    1369.000      300468.2266
    1370.000      300287.2645
    1371.000      300498.6212
    1372.000      300539.4944
    1373.000      299971.6123
    1374.000      300396.6748
    1375.000      299887.5222
    1376.000      299538.6978
    1377.000      299977.7307
    1378.000      300096.5371
    1379.000      300657.5513
    1380.000      300982.1530
    1381.000      300439.5470
    1382.000      300893.2110
    1383.000      300810.1455
    1384.000      300487.5451
    1385.000      300250.3644
    1386.000      300127.1164
    1387.000      299855.0839
    1388.000      300281.2784
    1389.000      299890.6461
    1390.000      300625.4263
    1391.000      301190.5893
    1392.000      300729.9042
    1393.000      301345.9637
    1394.000      301260.1335
    1395.000      300972.3229
    1396.000      300669.0227
    1397.000      300829.4603
    1398.000      301111.4755
    1399.000      300823.7672
    1400.000      300374.4692
    1401.000      300195.8717
    1402.000      300258.7848
    1403.000      300110.2678
    1404.000      299885.4877
    1405.000      300081.0073
    1406.000      300076.0890
    1407.000      300520.7286
    1408.000      300779.9572
    1409.000      300096.1221
    1410.000      299835.4459
    1411.000      300157.9511
    1412.000      299866.0374
    1413.000      299810.1482
    1414.000      298777.7606
    1415.000      299277.2222
    1416.000      299952.6019
    1417.000      299376.3615
    1418.000      299374.6116
    1419.000      299518.6686
    1420.000      299437.7057
    1421.000      299374.2673
    1422.000      299892.4493
    1423.000      300371.9604
    1424.000      300344.1513
    1425.000      300466.2440
    1426.000      300199.6155
    1427.000      300529.4968
    1428.000      300334.4358
    1429.000      300006.6592
    1430.000      299952.4539
    1431.000      300150.0439
    1432.000      300403.3078
    1433.000      300208.7870
    1434.000      300411.1253
    1435.000      300610.5378
    1436.000      300790.1058
    1437.000      300934.1174
    1438.000      300512.9659
    1439.000      300454.3342
    1440.000      300632.0942
    1441.000      300610.9521
    1442.000      300453.3463
    1443.000      300355.3638
    1444.000      299972.1332
    1445.000      300245.4679
    1446.000      300515.9204
    1447.000      299996.6027
    1448.000      300349.9816
    1449.000      300333.3868
    1450.000      300007.6910
    1451.000      300255.8449
    1452.000      300755.7910
    1453.000      300492.3492
    1454.000      299920.7329
    1455.000      299856.3376
    1456.000      300188.6200
    1457.000      300312.8465
    1458.000      301066.7875
    1459.000      300416.1040
    1460.000      300917.6832
    1461.000      300768.0597
    1462.000      300262.0629
    1463.000      300294.1373
    1464.000      300551.4653
    1465.000      300332.3331
    1466.000      299997.9138
    1467.000      300593.8498
    1468.000      300574.2657
    1469.000      300196.5278
    1470.000      300769.0604
    1471.000      300183.4684
    1472.000      300672.2906
    1473.000      300474.6025
    1474.000      300583.2146
    1475.000      299749.6589
    1476.000      299757.0705
    1477.000      299350.0506
    1478.000      300226.9537
    1479.000      300022.7560
    1480.000      300265.3743
    1481.000      300707.2069
    1482.000      300204.4693
    1483.000      300326.6061
    1484.000      300374.4472
    1485.000      300011.8598
    1486.000      300359.1190
    1487.000      299964.3381
    1488.000      300541.7505
    1489.000      300845.1900
    1490.000      300117.9088
    1491.000      299788.4168
    1492.000      300763.4336
    1493.000      300499.7210
    1494.000      299906.9995
    1495.000      300936.2532
    1496.000      300695.6309
    1497.000      300860.8607
    1498.000      300357.4977
    1499.000      300448.3130
    1500.000      300153.4141
    1501.000      300334.3926
    1502.000      300351.8270
    1503.000      299819.2089
    1504.000      300259.4707
    1505.000      300530.5774
    1506.000      300173.4117
    1507.000      299742.0830
    1508.000      299524.9566
    1509.000      299848.3588
    1510.000      299774.9771
    1511.000      299668.8292
    1512.000      300025.1978
    1513.000      299773.0274
    1514.000      299897.5401
    1515.000      299985.5382
    1516.000      299222.8325
    1517.000      300235.6132
    1518.000      300681.8470
    1519.000      300409.2122
    1520.000      300520.2763
    1521.000      300408.4563
    1522.000      300015.0408
    1523.000      300229.8431
    1524.000      300838.3360
    1525.000      300313.2832
    1526.000      300629.9908
    1527.000      300015.0548
    1528.000      300143.1845
    1529.000      300463.3586
    1530.000      301062.3011
    1531.000      300909.1315
    1532.000      300375.6901
    1533.000      299959.5705
    1534.000      300310.7044
    1535.000      300491.7026
    1536.000      300175.1113
    1537.000      299446.3251
    1538.000      299955.8022
    1539.000      300168.8772
    1540.000      300789.1692
    1541.000      300347.3042
    1542.000      299910.0219
    1543.000      300328.7390
    1544.000      300267.2973
    1545.000      300198.0432
    1546.000      300694.4699
    1547.000      300942.0269
    1548.000      300414.0212
    1549.000      299939.3248
    1550.000      299936.2276
    1551.000      300090.8455
    1552.000      300094.7512
    1553.000      299734.3779
    1554.000      300517.7638
    1555.000      300653.9522
    1556.000      299881.0299
    1557.000      300030.6387
    1558.000      300299.4598
    1559.000      300502.2157
    1560.000      300196.7567
    1561.000      299994.7967
    1562.000      299930.3334
    1563.000      299430.9522
    1564.000      299509.1521
    1565.000      299574.9902
    1566.000      299277.8204
    1567.000      299584.0084
    1568.000      300278.7648
    1569.000      300492.3793
    1570.000      299982.4107
    1571.000      300024.2181
    1572.000      300117.5673
    1573.000      300713.9755
    1574.000      300117.4673
    1575.000      299744.4013
    1576.000      299552.3445
    1577.000      299300.9161
    1578.000      299994.2806
    1579.000      300036.5883
    1580.000      300447.8973
    1581.000      299964.6396
    1582.000      299758.8387
    1583.000      300073.2323
    1584.000      299752.9825
    1585.000      299939.1252
    1586.000      299964.6683
    1587.000      299644.5236
    1588.000      298646.0968
    1589.000      299244.6539
    1590.000      299351.2010
    1591.000      299644.2777
    1592.000      299294.6278
    1593.000      299483.6220
    1594.000      299737.2466
    1595.000      299917.2311
    1596.000      299557.4646
    1597.000      299425.1166
    1598.000      299202.4868
    1599.000      299412.5925
    1600.000      300095.3446
    1601.000      300604.6562
    1602.000      300885.8418
    1603.000      300465.2320
    1604.000      299722.9641
    1605.000      299409.2262
    1606.000      299170.0294
    1607.000      298817.8790
    1608.000      299272.2113
    1609.000      299448.0191
    1610.000      299471.6011
    1611.000      299328.6220
    1612.000      299371.2957
    1613.000      299544.3939
    1614.000      300331.5923
    1615.000      299798.3675
    1616.000      299719.1611
    1617.000      299694.9059
    1618.000      299467.4074
    1619.000      299722.1585
    1620.000      300209.2509
    1621.000      299643.7587
    1622.000      299740.0285
    1623.000      299622.8475
    1624.000      299241.1979
    1625.000      299726.0560
    1626.000      298952.3845
    1627.000      299045.7741
    1628.000      299368.1639
    1629.000      299667.5848
    1630.000      300239.4872
    1631.000      299880.4981
    1632.000      300249.3571
    1633.000      299877.3348
    1634.000      300100.9273
    1635.000      300087.1319
    1636.000      300113.6443
    1637.000      300671.8000
    1638.000      300947.0351
    1639.000      300252.8260
    1640.000      300018.8454
    1641.000      300207.1069
    1642.000      300741.5622
    1643.000      300604.1715
    1644.000      300077.7810
    1645.000      300074.0856
    1646.000      300317.9678
    1647.000      300192.2509
    1648.000      299709.9211
    1649.000      299269.6605
    1650.000      298145.6050
    1651.000      298980.9836
    1652.000      299520.3540
    1653.000      299636.9213
    1654.000      299657.3844
    1655.000      299489.6511
    1656.000      299697.9959
    1657.000      299343.6249
    1658.000      299673.4702
    1659.000      298924.0088
    1660.000      298939.6186
    1661.000      299042.6808
    1662.000      299517.5047
    1663.000      300301.2134
    1664.000      300177.0855
    1665.000      300270.8178
    1666.000      300204.5919
    1667.000      300303.4264
    1668.000      299558.0044
    1669.000      299851.6927
    1670.000      300218.3149
    1671.000      299888.9557
    1672.000      299327.6978
    1673.000      299024.3442
    1674.000      299491.1655
    1675.000      299286.2991
    1676.000      299614.4128
    1677.000      299477.7500
    1678.000      299331.6308
    1679.000      299421.9822
    1680.000      299739.0871
    1681.000      298980.7249
    1682.000      298814.4127
    1683.000      299830.0299
    1684.000      299770.5820
    1685.000      300281.6826
    1686.000      299660.0210
    1687.000      299018.7596
    1688.000      299402.7059
    1689.000      299009.6314
    1690.000      299362.0215
    1691.000      299099.6874
    1692.000      298700.3224
    1693.000      299497.8824
    1694.000      299806.4589
    1695.000      299867.8496
    1696.000      299316.3669
    1697.000      299461.1467
    1698.000      299276.5703
    1699.000      299039.2105
    1700.000      298757.8241
    1701.000      299310.7025
    1702.000      299105.0497
    1703.000      299591.7893
    1704.000      299685.4923
    1705.000      299671.8387
    1706.000      299059.1810
    1707.000      299034.4272
    1708.000      299292.7607
    1709.000      299031.1311
    1710.000      298878.1271
    1711.000      299949.0668
    1712.000      299180.5627
    1713.000      299327.2711
    1714.000      299355.7696
    1715.000      299727.6536
    1716.000      299311.8530
    1717.000      299341.6331
    1718.000      298686.7818
    1719.000      299366.3522
    1720.000      299472.7300
    1721.000      299555.6203
    1722.000      299538.9711
    1723.000      299585.9759
    1724.000      299111.5160
    1725.000      299619.7528
    1726.000      300006.6692
    1727.000      300163.4249
    1728.000      299810.7760
    1729.000      299944.6441
    1730.000      299723.1160
    1731.000      299818.3751
    1732.000      299818.8459
    1733.000      299632.2714
    1734.000      300210.7730
    1735.000      300627.5033
    1736.000      300140.1264
    1737.000      300126.0421
    1738.000      300023.0648
    1739.000      300054.3706
    1740.000      299845.9908
    1741.000      300002.4215
    1742.000      300096.4160
    1743.000      300182.0775
    1744.000      300106.0874
    1745.000      300271.7697
    1746.000      299846.3241
    1747.000      299295.6068
    1748.000      299283.8138
    1749.000      299336.7777
    1750.000      299482.7961
    1751.000      299601.6490
    1752.000      299774.0682
    1753.000      300444.5541
    1754.000      300369.9928
    1755.000      299876.4268
    1756.000      299933.9366
    1757.000      299443.7460
    1758.000      300039.5007
    1759.000      298921.8418
    1760.000      299054.2277
    1761.000      298695.2557
    1762.000      298604.2713
    1763.000      298775.0650
    1764.000      298758.1296
    1765.000      298514.4400
    1766.000      298479.3491
    1767.000      298725.0403
    1768.000      299235.5411
    1769.000      299396.1305
    1770.000      299484.1763
    1771.000      299601.4253
    1772.000      298981.5433
    1773.000      299819.4985
    1774.000      299957.7433
    1775.000      299760.7468
    1776.000      299541.7388
    1777.000      299104.8005
    1778.000      299509.4858
    1779.000      299190.9677
    1780.000      299192.9423
    1781.000      298983.3660
    1782.000      299012.0604
    1783.000      298589.0340
    1784.000      298566.5519
    1785.000      298965.1854
    1786.000      298859.7791
    1787.000      299279.7812
    1788.000      299445.7031
    1789.000      299443.6569
    1790.000      299860.9165
    1791.000      299745.1182
    1792.000      299916.9860
    1793.000      298824.2080
    1794.000      299345.6545
    1795.000      299796.0414
    1796.000      299366.7278
    1797.000      299608.3020
    1798.000      299496.4949
    1799.000      299205.4424
    1800.000      299355.2299
    1801.000      300078.4597
    1802.000      299748.3533
    1803.000      299419.3371
    1804.000      299275.0012
    1805.000      299544.3976
    1806.000      299186.0298
    1807.000      299592.0393
    1808.000      299825.2742
    1809.000      299625.7246
    1810.000      299117.0506
    1811.000      299500.8921
    1812.000      299411.7079
    1813.000      300079.4912
    1814.000      299306.2044
    1815.000      298933.9772
    1816.000      298732.1884
    1817.000      298748.6946
    1818.000      298958.8702
    1819.000      298693.6679
    1820.000      298500.0483
    1821.000      298807.5946
    1822.000      298841.6818
    1823.000      299316.3938
    1824.000      299520.0339
    1825.000      299461.2261
    1826.000      299543.9919
    1827.000      299431.6200
    1828.000      300033.5500
    1829.000      298906.8221
    1830.000      298688.8121
    1831.000      298747.5181
    1832.000      299180.5116
    1833.000      299198.3681
    1834.000      298958.6722
    1835.000      299334.7911
    1836.000      299300.5311
    1837.000      299872.7552
    1838.000      299434.0278
    1839.000      299666.2046
    1840.000      299825.2374
    1841.000      299507.0943
    1842.000      299695.3668
    1843.000      299546.9171
    1844.000      298135.9923
    1845.000      298433.6431
    1846.000      298811.2044
    1847.000      298479.6429
    1848.000      298717.8887
    1849.000      298741.6335
    1850.000      298563.4438
    1851.000      298336.2828
    1852.000      299219.9431
    1853.000      298852.1847
    1854.000      298430.7746
    1855.000      298222.3216
    1856.000      298261.2883
    1857.000      298874.5303
    1858.000      298993.9167
    1859.000      298645.0402
    1860.000      298600.2479
    1861.000      298075.9060
    1862.000      298857.9867
    1863.000      299479.4609
    1864.000      298570.0358
    1865.000      298108.4784
    1866.000      297937.6603
    1867.000      298654.4458
    1868.000      298893.2821
    1869.000      299316.1205
    1870.000      299063.3829
    1871.000      299645.2099
    1872.000      299548.1795
    1873.000      299369.9818
    1874.000      299987.9551
    1875.000      299812.4268
    1876.000      299633.7334
    1877.000      299553.4525
    1878.000      298828.5010
    1879.000      299745.9181
    1880.000      299664.5255
    1881.000      300112.0812
    1882.000      299687.1487
    1883.000      299722.7588
    1884.000      300102.5034
    1885.000      299682.4272
    1886.000      300113.8149
    1887.000      299599.4653
    1888.000      299538.0029
    1889.000      299609.6354
    1890.000      298865.5144
    1891.000      298918.2052
    1892.000      299550.5388
    1893.000      299430.6158
    1894.000      299307.5441
    1895.000      298970.2836
    1896.000      299466.6979
    1897.000      298728.5747
    1898.000      298687.0124
    1899.000      299015.2597
    1900.000      299153.5410
    1901.000      299839.2854
    1902.000      299480.6971
    1903.000      299708.4688
    1904.000      300196.4013
    1905.000      299651.4206
    1906.000      299037.0480
    1907.000      299059.6232
    1908.000      299025.0441
    1909.000      299218.3397
    1910.000      299049.2110
    1911.000      298787.5347
    1912.000      299280.2681
    1913.000      299182.3500
    1914.000      299627.8885
    1915.000      300124.1171
    1916.000      300683.6087
    1917.000      300264.1865
    1918.000      300284.1785
    1919.000      299308.0404
    1920.000      298595.4582
    1921.000      298977.8102
    1922.000      299331.0541
    1923.000      299980.0877
    1924.000      299872.2293
    1925.000      299537.9816
    1926.000      299280.5488
    1927.000      299027.0434
    1928.000      299425.3633
    1929.000      299686.5468
    1930.000      299493.5110
    1931.000      299499.6478
    1932.000      299932.3457
    1933.000      298969.9219
    1934.000      298685.4934
    1935.000      299325.3453
    1936.000      299161.9010
    1937.000      299445.0351
    1938.000      299364.1981
    1939.000      299304.2103
    1940.000      299524.3458
    1941.000      298539.0121
    1942.000      298459.1343
    1943.000      298985.6386
    1944.000      298941.9217
    1945.000      299031.2027
    1946.000      299145.2785
    1947.000      299454.9190
    1948.000      299951.4056
    1949.000      299697.7891
    1950.000      299710.8459
    1951.000      299716.5391
    1952.000      299719.1980
    1953.000      300008.0375
    1954.000      300030.8806
    1955.000      299611.6430
    1956.000      299497.2691
    1957.000      298854.8345
    1958.000      298944.3062
    1959.000      298936.4117
    1960.000      298711.2692
    1961.000      299077.6435
    1962.000      299164.8938
    1963.000      299056.7832
    1964.000      299767.6448
    1965.000      299108.6761
    1966.000      299001.1624
    1967.000      299285.9376
    1968.000      299171.7490
    1969.000      299676.3423
    1970.000      299471.9162
    1971.000      299223.0502
    1972.000      299563.6883
    1973.000      299170.4629
    1974.000      299679.5128
    1975.000      299745.4249
    1976.000      299223.2553
    1977.000      298686.7719
    1978.000      299258.3579
    1979.000      299164.3132
    1980.000      298878.7677
    1981.000      299564.9481
    1982.000      299165.6602
    1983.000      299229.1579
    1984.000      299736.1869
    1985.000      299168.1343
    1986.000      299247.7882
    1987.000      298431.3701
    1988.000      299041.7414
    1989.000      299144.5286
    1990.000      299476.2195
    1991.000      299594.3120
    1992.000      298978.2966
    1993.000      299217.5134
    1994.000      299405.0252
    1995.000      299755.1183
    1996.000      299767.4387
    1997.000      300045.2469
    1998.000      299867.5653
    1999.000      299537.7365
    2000.000      299507.4138
    2001.000      299499.3927
    2002.000      298902.9788
    2003.000      298589.8582
    2004.000      298505.7670
    2005.000      298726.8586
    2006.000      298454.1429
    2007.000      298095.8209
    2008.000      298142.1635
    2009.000      297909.7867
    2010.000      298656.3265
    2011.000      298950.2571
    2012.000      299023.3715
    2013.000      298504.3400
    2014.000      298631.2416
    2015.000      299342.0715
    2016.000      299644.7994
    2017.000      299397.5565
    2018.000      299526.3487
    2019.000      299236.6213
    2020.000      299444.0053
    2021.000      299328.3379
    2022.000      298937.4616
    2023.000      299071.9664
    2024.000      299635.3952
    2025.000      299318.2719
    2026.000      299131.0116
    2027.000      299213.0419
    2028.000      298709.8593
    2029.000      298699.3951
    2030.000      299169.0059
    2031.000      299683.0339
    2032.000      299901.2654
    2033.000      299460.2721
    2034.000      299312.3138
    2035.000      299644.5654
    2036.000      299718.9763
    2037.000      299690.4199
    2038.000      298979.5038
    2039.000      299138.6293
    2040.000      299377.9985
    2041.000      299906.6579
    2042.000      299989.4591
    2043.000      299969.3480
    2044.000      299459.0882
    2045.000      298674.6329
    2046.000      299101.3309
    2047.000      298896.3003
    2048.000      298906.6595
    2049.000      298635.2403
    2050.000      298742.2642
    2051.000      298456.5573
    2052.000      298543.5972
    2053.000      298741.5100
    2054.000      298592.6628
    2055.000      298559.2716
    2056.000      298884.7279
    2057.000      299477.5360
    2058.000      299083.8723
    2059.000      298964.9774
    2060.000      298459.1575
    2061.000      298209.4215
    2062.000      298862.7940
    2063.000      298624.2852
    2064.000      299072.1959
    2065.000      298591.4561
    2066.000      298690.1381
    2067.000      298455.7153
    2068.000      298457.3399
    2069.000      298681.1534
    2070.000      298201.6445
    2071.000      299391.8015
    2072.000      298962.8201
    2073.000      298847.7254
    2074.000      298787.8374
    2075.000      298813.2237
    2076.000      299443.4327
    2077.000      299241.7989
    2078.000      299286.5211
    2079.000      299025.1460
    2080.000      298582.4913
    2081.000      298830.2085
    2082.000      299226.1022
    2083.000      299757.9009
    2084.000      299837.4999
    2085.000      299303.2473
    2086.000      299156.4739
    2087.000      299417.0980
    2088.000      299190.1460
    2089.000      298721.4504
    2090.000      299424.8148
    2091.000      299779.8725
    2092.000      299442.1905
    2093.000      298445.8400
    2094.000      298628.2413
    2095.000      298954.1160
    2096.000      299223.7760
    2097.000      299135.5941
    2098.000      298950.3217
    2099.000      298496.0696
    2100.000      298902.6074
    2101.000      299029.1421
    2102.000      298975.8942
    2103.000      298636.1987
    2104.000      298600.1174
    2105.000      299194.2845
    2106.000      299194.6888
    2107.000      299518.5616
    2108.000      299639.7114
    2109.000      299376.4290
    2110.000      299455.9910
    2111.000      299266.9797
    2112.000      298703.1094
    2113.000      299188.6516
    2114.000      299183.0303
    2115.000      298607.7383
    2116.000      299120.5049
    2117.000      299272.0007
    2118.000      299475.0991
    2119.000      299552.6732
    2120.000      299193.0770
    2121.000      299343.6865
    2122.000      299241.6286
    2123.000      299002.4768
    2124.000      299013.5135
    2125.000      298727.1914
    2126.000      299617.0607
    2127.000      299910.3515
    2128.000      299345.4376
    2129.000      298954.5730
    2130.000      299238.5205
    2131.000      299002.4194
    2132.000      298940.8137
    2133.000      299092.4621
    2134.000      299799.0284
    2135.000      300093.1415
    2136.000      299751.7082
    2137.000      299953.7452
    2138.000      299167.0076
    2139.000      298518.3766
    2140.000      298892.3749
    2141.000      298799.6708
    2142.000      298417.8951
    2143.000      298721.9841
    2144.000      298969.6120
    2145.000      299023.4127
    2146.000      298911.3294
    2147.000      299489.4911
    2148.000      299385.3295
    2149.000      299128.5611
    2150.000      299454.3932
    2151.000      299544.1438
    2152.000      299628.5825
    2153.000      298900.4373
    2154.000      298816.8449
    2155.000      299048.7538
    2156.000      298759.8377
    2157.000      298319.4090
    2158.000      298642.7221
    2159.000      299138.6236
    2160.000      299036.9544
    2161.000      298969.7666
    2162.000      299567.1298
    2163.000      299161.8006
    2164.000      299667.4129
    2165.000      299206.1765
    2166.000      299032.7133
    2167.000      298668.6329
    2168.000      298344.2702
    2169.000      298261.8542
    2170.000      297478.0268
    2171.000      297966.1952
    2172.000      298325.6975
    2173.000      297917.5982
    2174.000      298794.8571
    2175.000      298735.3183
    2176.000      299055.7361
    2177.000      298563.9530
    2178.000      297879.2870
    2179.000      297892.3255
    2180.000      298181.4587
    2181.000      297669.0737
    2182.000      298099.3977
    2183.000      298246.1235
    2184.000      298574.2777
    2185.000      298543.6309
    2186.000      299140.7388
    2187.000      299521.7858
    2188.000      299183.7544
    2189.000      298879.9387
    2190.000      299742.1532
    2191.000      299232.2692
    2192.000      299560.9363
    2193.000      299121.2866
    2194.000      298530.0131
    2195.000      298182.7620
    2196.000      298375.4127
    2197.000      298426.9112
    2198.000      298657.9473
    2199.000      298376.8710
    2200.000      298973.9032
    2201.000      298846.5787
    2202.000      299134.5880
    2203.000      298760.4356
    2204.000      299082.7913
    2205.000      298805.9656
    2206.000      298336.8496
    2207.000      298341.7005
    2208.000      298250.7222
    2209.000      298692.0421
    2210.000      299252.5848
    2211.000      299265.3837
    2212.000      299200.8915
    2213.000      299731.6550
    2214.000      298778.2429
    2215.000      298479.6264
    2216.000      299113.3031
    2217.000      299066.1642
    2218.000      299270.7046
    2219.000      299024.8929
    2220.000      298970.5913
    2221.000      298874.6724
    2222.000      298586.0881
    2223.000      298527.9504
    2224.000      298421.0449
    2225.000      299052.4027
    2226.000      298326.7569
    2227.000      298873.9018
    2228.000      298533.1437
    2229.000      298945.8372
    2230.000      298902.1679
    2231.000      298738.2185
    2232.000      299026.8745
    2233.000      298972.3682
    2234.000      298803.2701
    2235.000      299172.1469
    2236.000      299253.9951
    2237.000      298857.3073
    2238.000      298993.3793
    2239.000      298992.6206
    2240.000      299368.9203
    2241.000      299130.1947
    2242.000      298881.6512
    2243.000      298660.2089
    2244.000      298396.9147
    2245.000      298453.0920
    2246.000      298942.0195
    2247.000      298540.6132
    2248.000      298991.3558
    2249.000      298672.9930
    2250.000      298212.0444
    2251.000      298987.7418
    2252.000      298162.6820
    2253.000      298180.0129
    2254.000      298563.4934
    2255.000      298299.9543
    2256.000      298849.3758
    2257.000      299212.6617
    2258.000      298956.7042
    2259.000      298498.5870
    2260.000      298258.9216
    2261.000      298534.8547
    2262.000      298445.3113
    2263.000      298319.8127
    2264.000      297802.9147
    2265.000      297675.3289
    2266.000      298235.4045
    2267.000      298232.8716
    2268.000      298324.3662
    2269.000      299309.1213
    2270.000      298783.6654
    2271.000      298809.8938
    2272.000      298972.4781
    2273.000      298372.5518
    2274.000      298290.5058
    2275.000      297900.8037
    2276.000      297997.4336
    2277.000      298647.3588
    2278.000      298102.6779
    2279.000      298747.3513
    2280.000      298466.2785
    2281.000      298647.7516
    2282.000      298450.2984
    2283.000      298627.1782
    2284.000      298565.7672
    2285.000      297874.0404
    2286.000      297861.1830
    2287.000      298501.9692
    2288.000      298434.8767
    2289.000      297921.6523
    2290.000      297999.2845
    2291.000      298392.1718
    2292.000      298681.5982
    2293.000      298272.8069
    2294.000      298420.7932
    2295.000      298854.4192
    2296.000      298630.4059
    2297.000      298878.0023
    2298.000      298541.6861
    2299.000      298994.8952
    2300.000      298978.1699
    2301.000      298729.2675
    2302.000      298677.7159
    2303.000      298793.2572
    2304.000      298973.3402
    2305.000      299734.7357
    2306.000      299015.4082
    2307.000      298408.4865
    2308.000      298331.9573
    2309.000      297948.9571
    2310.000      298138.2012
    2311.000      298661.7108
    2312.000      298767.4447
    2313.000      298909.1669
    2314.000      298949.9400
    2315.000      298858.3733
    2316.000      298866.7937
    2317.000      299210.8744
    2318.000      299141.5252
    2319.000      299079.6647
    2320.000      298922.3604
    2321.000      299126.0838
    2322.000      298913.0894
    2323.000      298669.1811
    2324.000      298746.2037
    2325.000      298594.4271
    2326.000      298121.8318
    2327.000      298313.4912
    2328.000      298589.5892
    2329.000      299077.1253
    2330.000      299356.7474
    2331.000      298706.1984
    2332.000      298410.9699
    2333.000      298084.4921
    2334.000      298765.8715
    2335.000      299308.6148
    2336.000      299107.6902
    2337.000      298663.6650
    2338.000      298507.4251
    2339.000      299144.3989
    2340.000      298190.6545
    2341.000      298474.7033
    2342.000      298398.8651
    2343.000      298751.9500
    2344.000      298857.1352
    2345.000      298662.3771
    2346.000      298059.6641
    2347.000      298030.8744
    2348.000      298219.1672
    2349.000      298192.7778
    2350.000      298223.4452
    2351.000      298228.2340
    2352.000      298525.5884
    2353.000      297708.9533
    2354.000      297783.3469
    2355.000      298200.3085
    2356.000      298180.9533
    2357.000      298291.2860
    2358.000      298323.9808
    2359.000      298544.8591
    2360.000      298688.7042
    2361.000      299108.4960
    2362.000      299473.4822
    2363.000      299009.0976
    2364.000      298746.4555
    2365.000      299005.3968
    2366.000      298958.0433
    2367.000      299224.2630
    2368.000      299310.7548
    2369.000      299150.7604
    2370.000      298719.1541
    2371.000      299065.9290
    2372.000      299322.7915
    2373.000      298788.3348
    2374.000      298444.2466
    2375.000      298835.1856
    2376.000      298693.4957
    2377.000      297924.0981
    2378.000      298170.2756
    2379.000      298309.8863
    2380.000      298304.7647
    2381.000      298206.8687
    2382.000      297910.9877
    2383.000      297752.8059
    2384.000      297927.1356
    2385.000      298370.2599
    2386.000      298585.4714
    2387.000      298624.5245
    2388.000      298298.7525
    2389.000      298076.5251
    2390.000      298114.0997
    2391.000      297958.1656
    2392.000      298324.2242
    2393.000      298680.7368
    2394.000      298383.5222
    2395.000      298254.4066
    2396.000      298464.6450
    2397.000      298377.9308
    2398.000      298628.8594
    2399.000      298292.3488
    2400.000      298893.6519
    2401.000      298728.4772
    2402.000      298636.2925
    2403.000      298424.4874
    2404.000      298513.2826
    2405.000      298330.6979
    2406.000      298624.1710
    2407.000      298882.7744
    2408.000      298737.7400
    2409.000      298613.1991
    2410.000      299092.5648
    2411.000      298511.2475
    2412.000      298761.1546
    2413.000      298685.4925
    2414.000      298683.8677
    2415.000      298874.3025
    2416.000      298728.5458
    2417.000      298636.5414
    2418.000      298614.6500
    2419.000      297736.9406
    2420.000      297877.0560
    2421.000      298275.6035
    2422.000      298781.4930
    2423.000      299413.5411
    2424.000      299188.7029
    2425.000      299450.9497
    2426.000      298438.8055
    2427.000      298772.0742
    2428.000      298447.6025
    2429.000      298422.1609
    2430.000      298584.2106
    2431.000      298294.2361
    2432.000      298767.1861
    2433.000      299020.3967
    2434.000      298861.7925
    2435.000      298811.7203
    2436.000      298426.2006
    2437.000      298159.3298
    2438.000      298610.6721
    2439.000      298894.2823
    2440.000      299311.1426
    2441.000      299421.9290
    2442.000      298530.1299
    2443.000      298360.8051
    2444.000      298212.1440
    2445.000      298267.8049
    2446.000      298677.5054
    2447.000      298823.3101
    2448.000      298388.8203
    2449.000      298139.1365
    2450.000      297459.3234
    2451.000      297771.4264
    2452.000      298384.7066
    2453.000      298594.5370
    2454.000      297799.6928
    2455.000      298386.6446
    2456.000      298424.4460
    2457.000      298774.4047
    2458.000      298819.3823
    2459.000      298985.2321
    2460.000      299342.7917
    2461.000      299598.1825
    2462.000      299764.8613
    2463.000      298917.6012
    2464.000      299399.1250
    2465.000      299160.8031
    2466.000      298819.9584
    2467.000      299042.8402
    2468.000      298923.3124
    2469.000      299005.0248
    2470.000      298604.7608
    2471.000      299298.2827
    2472.000      299169.6128
    2473.000      298890.3771
    2474.000      298825.1583
    2475.000      298962.4030
    2476.000      298515.4720
    2477.000      298667.6780
    2478.000      298479.2062
    2479.000      298847.3869
    2480.000      298888.4177
    2481.000      299052.8808
    2482.000      299008.4337
    2483.000      298583.1568
    2484.000      298822.2598
    2485.000      298802.7625
    2486.000      298337.9349
    2487.000      298818.2161
    2488.000      298837.5518
    2489.000      299000.7043
    2490.000      298617.2702
    2491.000      298859.4021
    2492.000      299415.7720
    2493.000      299236.5089
    2494.000      298246.2235
    2495.000      298098.8617
    2496.000      298629.1919
    2497.000      299593.4323
    2498.000      299436.1423
    2499.000      299630.6739
    2500.000      299053.3772
    2501.000      298782.9981
    2502.000      298617.1763
    2503.000      299558.4106
    2504.000      299292.5003
    2505.000      298688.0506
    2506.000      298164.6725
    2507.000      298657.7248
    2508.000      299194.0414
    2509.000      299618.8914
    2510.000      299693.1808
    2511.000      299120.7456
    2512.000      299533.5158
    2513.000      298552.1027
    2514.000      298762.0773
    2515.000      298664.4690
    2516.000      299109.8821
    2517.000      299321.6350
    2518.000      299347.7839
    2519.000      298792.9865
    2520.000      299271.1055
    2521.000      298688.5617
    2522.000      298916.2242
    2523.000      298868.3053
    2524.000      298675.6298
    2525.000      298828.8607
    2526.000      298954.3191
    2527.000      298677.7375
    2528.000      299001.2448
    2529.000      298895.8318
    2530.000      299023.7559
    2531.000      298627.3350
    2532.000      298692.2729
    2533.000      298627.1797
    2534.000      298450.3725
    2535.000      297497.9315
    2536.000      297859.5427
    2537.000      297610.2598
    2538.000      298438.2708
    2539.000      298165.4607
    2540.000      298295.7246
    2541.000      298059.5073
    2542.000      297853.7429
    2543.000      297936.0706
    2544.000      298512.8899
    2545.000      298333.8389
    2546.000      298100.0873
    2547.000      297813.8320
    2548.000      298531.4689
    2549.000      298477.4043
    2550.000      298743.4730
    2551.000      298823.2311
    2552.000      298675.1195
    2553.000      299114.1943
    2554.000      299271.5644
    2555.000      298857.7826
    2556.000      298945.2157
    2557.000      300000.5097
    2558.000      299595.3047
    2559.000      299192.2823
    2560.000      298624.9871
    2561.000      298817.7746
    2562.000      298471.2278
    2563.000      298461.9334
    2564.000      297863.3906
    2565.000      298043.4046
    2566.000      298173.7630
    2567.000      298837.6422
    2568.000      298886.3439
    2569.000      299018.1461
    2570.000      298598.2957
    2571.000      298237.3672
    2572.000      297951.4980
    2573.000      297840.7636
    2574.000      298132.2507
    2575.000      297973.0394
    2576.000      297645.3444
    2577.000      298337.0571
    2578.000      299013.9465
    2579.000      299255.6011
    2580.000      299080.3851
    2581.000      298674.7863
    2582.000      299326.6023
    2583.000      299110.2740
    2584.000      299093.9531
    2585.000      298824.7394
    2586.000      298390.2649
    2587.000      298953.0630
    2588.000      298859.8618
    2589.000      299278.4398
    2590.000      298987.7974
    2591.000      298489.6254
    2592.000      298305.2781
    2593.000      298144.4161
    2594.000      298185.1257
    2595.000      298207.6876
    2596.000      298745.4794
    2597.000      299457.0823
    2598.000      298544.4920
    2599.000      298566.2676
    2600.000      298930.5815
    2601.000      298969.7187
    2602.000      299334.6707
    2603.000      299187.4079
    2604.000      299022.1354
    2605.000      299032.8445
    2606.000      298561.1242
    2607.000      298422.5394
    2608.000      298378.7644
    2609.000      298225.6485
    2610.000      297915.0234
    2611.000      297879.2724
    2612.000      298368.8739
    2613.000      298512.1877
    2614.000      298451.1397
    2615.000      298708.3207
    2616.000      299394.5807
    2617.000      299884.5867
    2618.000      300042.2085
    2619.000      300018.3194
    2620.000      299309.3755
    2621.000      299255.0058
    2622.000      299302.4755
    2623.000      299105.9802
    2624.000      298971.3292
    2625.000      298349.9549
    2626.000      298097.3903
    2627.000      298406.0825
    2628.000      298569.1666
    2629.000      299182.3406
    2630.000      298037.0907
    2631.000      298101.3106
    2632.000      297902.6389
    2633.000      298124.9804
    2634.000      297743.0577
    2635.000      298180.2998
    2636.000      298930.5052
    2637.000      298613.4482
    2638.000      298203.9074
    2639.000      297863.8144
    2640.000      298016.3693
    2641.000      298615.5860
    2642.000      298254.8487
    2643.000      298381.9097
    2644.000      297970.8943
    2645.000      298656.5297
    2646.000      298211.2007
    2647.000      298324.3798
    2648.000      298646.7278
    2649.000      298313.5046
    2650.000      298988.5998
    2651.000      298694.4948
    2652.000      299011.7550
    2653.000      298838.0655
    2654.000      298326.3458
    2655.000      297998.6626
    2656.000      298586.9269
    2657.000      298280.6916
    2658.000      297660.3029
    2659.000      298128.2416
    2660.000      298542.5460
    2661.000      298675.5511
    2662.000      298797.3552
    2663.000      298580.1367
    2664.000      298905.1738
    2665.000      298299.6513
    2666.000      298154.0635
    2667.000      298543.4818
    2668.000      298011.4187
    2669.000      297328.0239
    2670.000      297315.2091
    2671.000      297564.4283
    2672.000      298152.6919
    2673.000      298432.9258
    2674.000      298541.3790
    2675.000      298632.1881
    2676.000      298443.6573
    2677.000      298705.5254
    2678.000      298244.2823
    2679.000      298681.5632
    2680.000      298967.2327
    2681.000      298348.3227
    2682.000      298889.8644
    2683.000      299242.6964
    2684.000      299610.5904
    2685.000      299304.5704
    2686.000      298825.9208
    2687.000      299526.3148
    2688.000      298620.7407
    2689.000      298763.4069
    2690.000      298083.5778
    2691.000      297671.6829
    2692.000      298177.8022
    2693.000      297946.0633
    2694.000      298485.4540
    2695.000      298147.5594
    2696.000      298254.0044
    2697.000      297984.4304
    2698.000      298212.2829
    2699.000      298726.1240
    2700.000      299261.4872
    2701.000      299469.8576
    2702.000      299076.4447
    2703.000      299374.1065
    2704.000      299425.6274
    2705.000      298779.5445
    2706.000      298672.9065
    2707.000      298993.4241
    2708.000      298360.5479
    2709.000      298859.6368
    2710.000      298842.7698
    2711.000      299055.3487
    2712.000      299098.7500
    2713.000      298729.0557
    2714.000      298779.8364
    2715.000      298407.0760
    2716.000      298864.7614
    2717.000      298926.4687
    2718.000      298814.3596
    2719.000      298669.9515
    2720.000      298821.9896
    2721.000      298388.1816
    2722.000      298097.0887
    2723.000      298353.0366
    2724.000      298100.8452
    2725.000      298362.9533
    2726.000      298023.0387
    2727.000      298465.3763
    2728.000      298420.5176
    2729.000      298465.7399
    2730.000      298482.6506
    2731.000      298638.8498
    2732.000      298603.7361
    2733.000      298543.9038
    2734.000      299180.5593
    2735.000      299517.8955
    2736.000      298970.4073
    2737.000      298786.6145
    2738.000      298566.4527
    2739.000      298297.5410
    2740.000      298578.7868
    2741.000      298204.8288
    2742.000      299061.2240
    2743.000      298759.9776
    2744.000      298769.2602
    2745.000      298968.2764
    2746.000      298640.8424
    2747.000      299033.6352
    2748.000      298761.6416
    2749.000      298155.7139
    2750.000      298585.9445
    2751.000      298524.5082
    2752.000      298921.2583
    2753.000      298455.7966
    2754.000      298563.7693
    2755.000      298125.6544
    2756.000      298432.7212
    2757.000      298629.7360
    2758.000      298207.0565
    2759.000      298422.0948
    2760.000      298044.4574
    2761.000      298412.1382
    2762.000      299161.2810
    2763.000      298750.4501
    2764.000      298604.8687
    2765.000      298764.3414
    2766.000      298586.2444
    2767.000      298546.4080
    2768.000      298315.9279
    2769.000      298450.6946
    2770.000      298325.4454
    2771.000      297810.5491
    2772.000      298401.1618
    2773.000      298665.2683
    2774.000      298792.2129
    2775.000      299110.6747
    2776.000      299553.0480
    2777.000      299110.0485
    2778.000      299256.8803
    2779.000      299251.9087
    2780.000      299328.8706
    2781.000      298302.3359
    2782.000      298052.3691
    2783.000      297712.5366
    2784.000      297873.5155
    2785.000      298403.3372
    2786.000      299097.8275
    2787.000      298992.1765
    2788.000      299634.9858
    2789.000      299072.8441
    2790.000      298641.4136
    2791.000      298903.2991
    2792.000      298847.9329
    2793.000      298856.2955
    2794.000      297784.0987
    2795.000      297564.7447
    2796.000      297884.8029
    2797.000      297899.5351
    2798.000      297510.0413
    2799.000      298015.2203
    2800.000      298159.3139
    2801.000      298937.7498
    2802.000      298878.2747
    2803.000      298784.3898
    2804.000      298282.6849
    2805.000      298951.5962
    2806.000      298827.6087
    2807.000      299032.1227
    2808.000      299184.2178
    2809.000      298831.2161
    2810.000      299014.3223
    2811.000      298940.5668
    2812.000      299265.2709
    2813.000      299286.3043
    2814.000      299547.6401
    2815.000      298676.4603
    2816.000      298302.1462
    2817.000      298887.5814
    2818.000      298444.0293
    2819.000      298252.2743
    2820.000      298222.8092
    2821.000      298123.5549
    2822.000      298161.8067
    2823.000      298158.4251
    2824.000      298394.3945
    2825.000      298398.8369
    2826.000      298167.9531
    2827.000      298506.3848
    2828.000      298924.7212
    2829.000      299045.8595
    2830.000      299496.2488
    2831.000      299080.5205
    2832.000      299050.9006
    2833.000      298678.5829
    2834.000      298546.9537
    2835.000      298122.3314
    2836.000      298410.4909
    2837.000      298140.1635
    2838.000      297879.3244
    2839.000      298210.8008
    2840.000      298113.4750
    2841.000      298330.9143
    2842.000      298602.0220
    2843.000      298435.2203
    2844.000      299045.6380
    2845.000      298823.4331
    2846.000      298685.1897
    2847.000      298103.4658
    2848.000      297950.8258
    2849.000      298098.9434
    2850.000      298258.9544
    2851.000      298467.0656
    2852.000      298286.5137
    2853.000      299386.5105
    2854.000      299560.1435
    2855.000      299088.4590
    2856.000      298861.0069
    2857.000      298992.9678
    2858.000      298414.1136
    2859.000      298832.8354
    2860.000      298454.1588
    2861.000      298680.1188
    2862.000      298602.9902
    2863.000      298711.8782
    2864.000      298820.3797
    2865.000      298625.8461
    2866.000      298037.8075
    2867.000      297754.1079
    2868.000      298055.8760
    2869.000      297973.6439
    2870.000      297768.2224
    2871.000      298022.6764
    2872.000      297818.6031
    2873.000      297792.5141
    2874.000      297937.8728
    2875.000      298523.9649
    2876.000      298977.0722
    2877.000      298091.5808
    2878.000      298394.9300
    2879.000      298495.8663
    2880.000      298426.9291
    2881.000      298575.3955
    2882.000      299023.5049
    2883.000      299019.1052
    2884.000      298960.3542
    2885.000      298885.6403
    2886.000      298461.8163
    2887.000      298873.5145
    2888.000      298466.6639
    2889.000      298967.2614
    2890.000      298872.5620
    2891.000      299527.0244
    2892.000      299480.5724
    2893.000      299230.9916
    2894.000      299246.9976
    2895.000      298770.3732
    2896.000      298287.9458
    2897.000      298887.1601
    2898.000      298885.0614
    2899.000      298617.7832
    2900.000      298319.0622
    2901.000      298812.8257
    2902.000      299037.3684
    2903.000      298738.5755
    2904.000      298267.2431
    2905.000      298089.3902
    2906.000      298022.7453
    2907.000      298314.0694
    2908.000      298483.6836
    2909.000      298894.3841
    2910.000      298858.0155
    2911.000      299243.4162
    2912.000      299205.0962
    2913.000      299410.4464
    2914.000      298833.9454
    2915.000      298934.9918
    2916.000      298383.6720
    2917.000      298645.8708
    2918.000      298732.0901
    2919.000      299029.0640
    2920.000      299263.0854
    2921.000      299361.7992
    2922.000      298964.8239
    2923.000      298721.1375
    2924.000      298316.3113
    2925.000      298407.5067
    2926.000      298318.1388
    2927.000      297602.1273
    2928.000      297878.8000
    2929.000      298271.7571
    2930.000      298756.2287
    2931.000      298985.9900
    2932.000      298622.9806
    2933.000      298253.1518
    2934.000      298950.7040
    2935.000      299043.0983
    2936.000      298804.6818
    2937.000      297866.7518
    2938.000      298187.6185
    2939.000      298579.6728
    2940.000      299775.2248
    2941.000      298994.8874
    2942.000      299001.3541
    2943.000      298868.4158
    2944.000      299229.2204
    2945.000      298731.9669
    2946.000      299187.2555
    2947.000      298958.3485
    2948.000      298983.3412
    2949.000      299354.3334
    2950.000      298804.6138
    2951.000      299507.4313
    2952.000      298158.9608
    2953.000      298535.7483
    2954.000      298620.9317
    2955.000      298630.9936
    2956.000      298639.1299
    2957.000      297574.0451
    2958.000      297535.5392
    2959.000      297628.4733
    2960.000      297766.0329
    2961.000      297798.0735
    2962.000      298158.6955
    2963.000      298762.7225
    2964.000      298795.8016
    2965.000      299270.3193
    2966.000      299249.9349
    2967.000      299409.0700
    2968.000      299584.1822
    2969.000      298806.5784
    2970.000      298591.0161
    2971.000      298567.5542
    2972.000      298254.4627
    2973.000      297769.7264
    2974.000      298181.7146
    2975.000      298182.3666
    2976.000      299000.1436
    2977.000      298704.3462
    2978.000      298805.7937
    2979.000      299271.1699
    2980.000      299175.2771
    2981.000      299231.5836
    2982.000      298759.1840
    2983.000      298584.3627
    2984.000      298640.4373
    2985.000      299678.1376
    2986.000      299259.6327
    2987.000      298789.3961
    2988.000      298727.3608
    2989.000      298574.6843
    2990.000      298366.1914
    2991.000      298979.4320
    2992.000      299386.4264
    2993.000      299402.9531
    2994.000      299512.4235
    2995.000      299336.1993
    2996.000      299283.1877
    2997.000      298964.3782
    2998.000      298848.4481
    2999.000      298829.2944
    3000.000      298190.9204
    3001.000      298603.5179
    3002.000      298157.9447
    3003.000      298408.8938
    3004.000      298758.8029
    3005.000      299132.2070
    3006.000      298739.6369
    3007.000      298930.7856
    3008.000      298750.2738
    3009.000      298001.1013
    3010.000      297773.3574
    3011.000      298372.4631
    3012.000      299229.2793
    3013.000      299062.4467
    3014.000      299114.7723
    3015.000      298960.9075
    3016.000      298532.5533
    3017.000      298622.9994
    3018.000      298758.8588
    3019.000      298126.5209
    3020.000      298058.4386
    3021.000      298481.6954
    3022.000      298346.3151
    3023.000      298314.2378
    3024.000      298548.5375
    3025.000      299257.2184
    3026.000      299425.9262
    3027.000      298581.6812
    3028.000      298316.9013
    3029.000      298134.3502
    3030.000      298398.3584
    3031.000      298564.7878
    3032.000      298448.4028
    3033.000      298827.5716
    3034.000      299128.6301
    3035.000      298275.4971
    3036.000      298716.8637
    3037.000      299141.1871
    3038.000      299287.8007
    3039.000      298609.2874
    3040.000      298565.2781
