1			-1.2020E+05
5			-1.2022E+05
10			-1.2026E+05
15			-1.2034E+05
20			-1.2049E+05
25			-1.2056E+05
30			-1.2058E+05
35			-1.2061E+05
40			-1.2064E+05
45			-1.2067E+05
50			-1.2068E+05
55			-1.2071E+05
60			-1.2074E+05
65			-1.2076E+05
70			-1.2078E+05
75			-1.2080E+05
80			-1.2082E+05
85			-1.2085E+05
90			-1.2087E+05
95			-1.2088E+05
100			-1.2090E+05
105			-1.2092E+05
110			-1.2147E+05
115			-1.2162E+05
120			-1.2176E+05
125			-1.2187E+05
130			-1.2187E+05
135			-1.2196E+05
140			-1.2207E+05
145			-1.2219E+05
150			-1.2227E+05
155			-1.2228E+05
160			-1.2231E+05
165			-1.2234E+05
170			-1.2242E+05
175			-1.2248E+05
180			-1.2248E+05
185			-1.2253E+05
190			-1.2256E+05
195			-1.2261E+05
200			-1.2263E+05
205			-1.2263E+05
210			-1.2266E+05
215			-1.2268E+05
220			-1.2274E+05
225			-1.2277E+05
230			-1.2277E+05
235			-1.2282E+05
240			-1.2285E+05
245			-1.2289E+05
250			-1.2290E+05
255			-1.2291E+05
260			-1.2293E+05
265			-1.2295E+05
270			-1.2300E+05
275			-1.2303E+05
280			-1.2303E+05
285			-1.2308E+05
290			-1.2310E+05
295			-1.2313E+05
300			-1.2315E+05
305			-1.2315E+05
310			-1.2317E+05
315			-1.2320E+05
320			-1.2323E+05
325			-1.2329E+05
330			-1.2329E+05
335			-1.2332E+05
340			-1.2334E+05
345			-1.2337E+05
350			-1.2339E+05
355			-1.2339E+05
360			-1.2342E+05
365			-1.2344E+05
370			-1.2347E+05
375			-1.2349E+05
380			-1.2349E+05
385			-1.2352E+05
390			-1.2354E+05
395			-1.2357E+05
400			-1.2358E+05
405			-1.2359E+05
410			-1.2361E+05
415			-1.2363E+05
420			-1.2366E+05
425			-1.2367E+05
430			-1.2368E+05
435			-1.2370E+05
440			-1.2372E+05
445			-1.2374E+05
450			-1.2376E+05
455			-1.2376E+05
460			-1.2378E+05
465			-1.2380E+05
470			-1.2383E+05
475			-1.2384E+05
480			-1.2385E+05
485			-1.2387E+05
490			-1.2389E+05
495			-1.2391E+05
500			-1.2393E+05
500			-1.2393E+05
