1			-8.0753E+04
5			-8.1224E+04
10			-8.2127E+04
15			-8.3771E+04
20			-8.6573E+04
25			-9.0406E+04
30			-9.5747E+04
35			-9.7502E+04
40			-9.8591E+04
45			-9.9630E+04
50			-1.0048E+05
55			-1.0166E+05
60			-1.0229E+05
65			-1.0291E+05
70			-1.0351E+05
75			-1.0399E+05
80			-1.0436E+05
85			-1.0477E+05
90			-1.0513E+05
95			-1.0545E+05
100			-1.0579E+05
105			-1.0604E+05
110			-1.0868E+05
115			-1.0965E+05
120			-1.1047E+05
125			-1.1135E+05
130			-1.1136E+05
135			-1.1201E+05
140			-1.1240E+05
145			-1.1274E+05
150			-1.1304E+05
155			-1.1305E+05
160			-1.1329E+05
165			-1.1351E+05
170			-1.1378E+05
175			-1.1404E+05
180			-1.1404E+05
185			-1.1427E+05
190			-1.1436E+05
195			-1.1472E+05
200			-1.1507E+05
205			-1.1508E+05
210			-1.1537E+05
215			-1.1548E+05
220			-1.1568E+05
225			-1.1580E+05
230			-1.1580E+05
235			-1.1593E+05
240			-1.1602E+05
245			-1.1626E+05
250			-1.1645E+05
255			-1.1645E+05
260			-1.1666E+05
265			-1.1678E+05
270			-1.1691E+05
275			-1.1699E+05
280			-1.1699E+05
285			-1.1709E+05
290			-1.1717E+05
295			-1.1735E+05
300			-1.1748E+05
305			-1.1748E+05
310			-1.1764E+05
315			-1.1774E+05
320			-1.1784E+05
325			-1.1791E+05
330			-1.1792E+05
335			-1.1801E+05
340			-1.1808E+05
345			-1.1820E+05
350			-1.1830E+05
355			-1.1831E+05
360			-1.1843E+05
365			-1.1850E+05
370			-1.1860E+05
375			-1.1866E+05
380			-1.1867E+05
385			-1.1875E+05
390			-1.1881E+05
395			-1.1891E+05
400			-1.1898E+05
405			-1.1899E+05
410			-1.1909E+05
415			-1.1914E+05
420			-1.1923E+05
425			-1.1928E+05
430			-1.1928E+05
435			-1.1935E+05
440			-1.1940E+05
445			-1.1948E+05
450			-1.1954E+05
455			-1.1955E+05
460			-1.1963E+05
465			-1.1968E+05
470			-1.1974E+05
475			-1.1979E+05
480			-1.1979E+05
485			-1.1985E+05
490			-1.1990E+05
495			-1.1997E+05
500			-1.2002E+05
500			-1.2002E+05
