#Frame           RMSD
       1       0.0000
       2       0.1084
       3       0.1096
       4       0.1125
       5       0.1118
       6       0.1034
       7       0.1111
       8       0.1113
       9       0.1119
      10       0.1113
      11       0.1089
      12       0.1099
      13       0.1149
      14       0.1077
      15       0.1132
      16       0.1138
      17       0.1084
      18       0.1065
      19       0.1119
      20       0.1117
      21       0.1074
      22       0.1099
      23       0.1086
      24       0.1095
      25       0.1129
      26       0.1119
      27       0.1122
      28       0.1138
      29       0.1134
      30       0.1109
      31       0.1055
      32       0.1060
      33       0.1130
      34       0.1086
      35       0.1142
      36       0.1106
      37       0.1073
      38       0.1128
      39       0.1136
      40       0.1101
      41       0.1138
      42       0.1086
      43       0.1075
      44       0.1105
      45       0.1070
      46       0.1128
      47       0.1066
      48       0.1119
      49       0.1114
      50       0.1133
      51       0.1127
      52       0.1111
      53       0.1069
      54       0.1085
      55       0.1116
      56       0.1115
      57       0.1135
      58       0.1112
      59       0.1099
      60       0.1154
      61       0.1123
      62       0.1103
      63       0.1067
      64       0.1132
      65       0.1098
      66       0.1088
      67       0.1102
      68       0.1116
      69       0.1090
      70       0.1084
      71       0.1077
      72       0.1101
      73       0.1135
      74       0.1095
      75       0.1106
      76       0.1098
      77       0.1049
      78       0.1048
      79       0.1110
      80       0.1103
      81       0.1105
      82       0.1056
      83       0.1107
      84       0.1125
      85       0.1122
      86       0.1112
      87       0.1136
      88       0.1141
      89       0.1096
      90       0.1101
      91       0.1097
      92       0.1120
      93       0.1150
      94       0.1093
      95       0.1128
      96       0.1116
      97       0.1150
      98       0.1065
      99       0.1094
     100       0.1153
     101       0.1308
     102       0.1258
     103       0.1321
     104       0.1290
     105       0.1329
     106       0.1262
     107       0.1317
     108       0.1317
     109       0.1300
     110       0.1310
     111       0.1293
     112       0.1271
     113       0.1323
     114       0.1336
     115       0.1293
     116       0.1321
     117       0.1287
     118       0.1240
     119       0.1345
     120       0.1280
     121       0.1283
     122       0.1306
     123       0.1298
     124       0.1329
     125       0.1341
     126       0.1290
     127       0.1341
     128       0.1293
     129       0.1309
     130       0.1329
     131       0.1374
     132       0.1325
     133       0.1351
     134       0.1284
     135       0.1289
     136       0.1273
     137       0.1306
     138       0.1313
     139       0.1309
     140       0.1323
     141       0.1328
     142       0.1329
     143       0.1282
     144       0.1273
     145       0.1319
     146       0.1351
     147       0.1283
     148       0.1263
     149       0.1290
     150       0.1303
     151       0.1300
     152       0.1316
     153       0.1332
     154       0.1320
     155       0.1351
     156       0.1322
     157       0.1277
     158       0.1308
     159       0.1309
     160       0.1329
     161       0.1343
     162       0.1280
     163       0.1308
     164       0.1250
     165       0.1312
     166       0.1291
     167       0.1319
     168       0.1296
     169       0.1295
     170       0.1327
     171       0.1316
     172       0.1344
     173       0.1240
     174       0.1248
     175       0.1266
     176       0.1314
     177       0.1321
     178       0.1266
     179       0.1282
     180       0.1286
     181       0.1328
     182       0.1294
     183       0.1323
     184       0.1310
     185       0.1328
     186       0.1305
     187       0.1326
     188       0.1316
     189       0.1295
     190       0.1338
     191       0.1275
     192       0.1286
     193       0.1260
     194       0.1331
     195       0.1273
     196       0.1317
     197       0.1293
     198       0.1324
     199       0.1282
     200       0.1294
     201       0.1433
     202       0.1475
     203       0.1435
     204       0.1454
     205       0.1469
     206       0.1477
     207       0.1435
     208       0.1448
     209       0.1459
     210       0.1464
     211       0.1450
     212       0.1499
     213       0.1462
     214       0.1490
     215       0.1450
     216       0.1419
     217       0.1494
     218       0.1434
     219       0.1416
     220       0.1448
     221       0.1420
     222       0.1474
     223       0.1483
     224       0.1442
     225       0.1488
     226       0.1444
     227       0.1407
     228       0.1530
     229       0.1437
     230       0.1443
     231       0.1462
     232       0.1465
     233       0.1454
     234       0.1395
     235       0.1526
     236       0.1491
     237       0.1477
     238       0.1467
     239       0.1402
     240       0.1457
     241       0.1426
     242       0.1461
     243       0.1464
     244       0.1400
     245       0.1421
     246       0.1411
     247       0.1472
     248       0.1506
     249       0.1451
     250       0.1475
     251       0.1444
     252       0.1516
     253       0.1386
     254       0.1484
     255       0.1490
     256       0.1468
     257       0.1468
     258       0.1412
     259       0.1445
     260       0.1460
     261       0.1448
     262       0.1486
     263       0.1487
     264       0.1474
     265       0.1441
     266       0.1409
     267       0.1450
     268       0.1445
     269       0.1410
     270       0.1415
     271       0.1454
     272       0.1477
     273       0.1461
     274       0.1462
     275       0.1426
     276       0.1457
     277       0.1432
     278       0.1413
     279       0.1529
     280       0.1448
     281       0.1446
     282       0.1444
     283       0.1413
     284       0.1464
     285       0.1443
     286       0.1413
     287       0.1447
     288       0.1502
     289       0.1455
     290       0.1447
     291       0.1496
     292       0.1497
     293       0.1418
     294       0.1440
     295       0.1438
     296       0.1427
     297       0.1421
     298       0.1481
     299       0.1442
     300       0.1417
     301       0.1576
     302       0.1536
     303       0.1568
     304       0.1514
     305       0.1551
     306       0.1600
     307       0.1526
     308       0.1595
     309       0.1551
     310       0.1576
     311       0.1527
     312       0.1529
     313       0.1514
     314       0.1570
     315       0.1524
     316       0.1562
     317       0.1545
     318       0.1551
     319       0.1489
     320       0.1539
     321       0.1525
     322       0.1572
     323       0.1561
     324       0.1514
     325       0.1566
     326       0.1592
     327       0.1545
     328       0.1569
     329       0.1523
     330       0.1474
     331       0.1537
     332       0.1587
     333       0.1490
     334       0.1595
     335       0.1541
     336       0.1562
     337       0.1586
     338       0.1552
     339       0.1569
     340       0.1494
     341       0.1561
     342       0.1562
     343       0.1524
     344       0.1499
     345       0.1556
     346       0.1496
     347       0.1585
     348       0.1590
     349       0.1575
     350       0.1573
     351       0.1548
     352       0.1534
     353       0.1575
     354       0.1517
     355       0.1569
     356       0.1609
     357       0.1550
     358       0.1542
     359       0.1558
     360       0.1552
     361       0.1497
     362       0.1551
     363       0.1560
     364       0.1547
     365       0.1551
     366       0.1559
     367       0.1547
     368       0.1511
     369       0.1584
     370       0.1539
     371       0.1531
     372       0.1570
     373       0.1533
     374       0.1552
     375       0.1597
     376       0.1509
     377       0.1556
     378       0.1576
     379       0.1570
     380       0.1564
     381       0.1533
     382       0.1580
     383       0.1555
     384       0.1501
     385       0.1510
     386       0.1523
     387       0.1518
     388       0.1540
     389       0.1553
     390       0.1542
     391       0.1568
     392       0.1550
     393       0.1589
     394       0.1537
     395       0.1547
     396       0.1564
     397       0.1525
     398       0.1537
     399       0.1522
     400       0.1577
     401       0.1751
     402       0.1742
     403       0.1673
     404       0.1720
     405       0.1784
     406       0.1804
     407       0.1777
     408       0.1760
     409       0.1650
     410       0.1772
     411       0.1717
     412       0.1698
     413       0.1770
     414       0.1737
     415       0.1717
     416       0.1670
     417       0.1791
     418       0.1756
     419       0.1729
     420       0.1644
     421       0.1635
     422       0.1737
     423       0.1705
     424       0.1646
     425       0.1710
     426       0.1671
     427       0.1683
     428       0.1730
     429       0.1676
     430       0.1717
     431       0.1716
     432       0.1732
     433       0.1689
     434       0.1757
     435       0.1675
     436       0.1639
     437       0.1757
     438       0.1702
     439       0.1799
     440       0.1757
     441       0.1709
     442       0.1731
     443       0.1723
     444       0.1791
     445       0.1780
     446       0.1712
     447       0.1728
     448       0.1712
     449       0.1703
     450       0.1695
     451       0.1697
     452       0.1707
     453       0.1792
     454       0.1754
     455       0.1721
     456       0.1685
     457       0.1711
     458       0.1621
     459       0.1705
     460       0.1664
     461       0.1737
     462       0.1650
     463       0.1750
     464       0.1752
     465       0.1686
     466       0.1742
     467       0.1741
     468       0.1725
     469       0.1711
     470       0.1758
     471       0.1747
     472       0.1750
     473       0.1740
     474       0.1740
     475       0.1760
     476       0.1734
     477       0.1747
     478       0.1677
     479       0.1750
     480       0.1762
     481       0.1700
     482       0.1659
     483       0.1765
     484       0.1750
     485       0.1744
     486       0.1702
     487       0.1718
     488       0.1692
     489       0.1739
     490       0.1755
     491       0.1667
     492       0.1749
     493       0.1732
     494       0.1708
     495       0.1690
     496       0.1757
     497       0.1685
     498       0.1735
     499       0.1747
     500       0.1763
     501       0.1893
     502       0.1865
     503       0.1962
     504       0.1935
     505       0.1840
     506       0.1931
     507       0.1858
     508       0.1847
     509       0.1821
     510       0.1951
     511       0.1885
     512       0.1971
     513       0.1950
     514       0.1874
     515       0.1870
     516       0.1901
     517       0.1894
     518       0.1865
     519       0.1946
     520       0.2065
     521       0.1815
     522       0.1910
     523       0.1920
     524       0.1900
     525       0.1847
     526       0.1926
     527       0.1871
     528       0.1930
     529       0.1862
     530       0.1876
     531       0.1876
     532       0.1845
     533       0.1848
     534       0.1877
     535       0.1926
     536       0.1827
     537       0.1882
     538       0.1904
     539       0.1949
     540       0.1915
     541       0.1975
     542       0.1844
     543       0.1931
     544       0.1871
     545       0.1921
     546       0.1938
     547       0.1870
     548       0.1896
     549       0.1847
     550       0.1955
     551       0.1956
     552       0.1947
     553       0.1835
     554       0.1865
     555       0.1853
     556       0.1889
     557       0.1908
     558       0.1850
     559       0.1839
     560       0.1931
     561       0.1903
     562       0.1900
     563       0.1871
     564       0.1882
     565       0.1897
     566       0.1977
     567       0.1914
     568       0.1846
     569       0.1870
     570       0.1877
     571       0.1967
     572       0.1913
     573       0.1913
     574       0.1916
     575       0.1928
     576       0.1844
     577       0.1859
     578       0.1908
     579       0.1872
     580       0.1807
     581       0.1903
     582       0.1927
     583       0.1904
     584       0.1927
     585       0.1910
     586       0.1969
     587       0.1889
     588       0.1951
     589       0.1952
     590       0.1953
     591       0.1902
     592       0.1920
     593       0.1901
     594       0.1930
     595       0.1976
     596       0.1862
     597       0.1940
     598       0.1929
     599       0.1910
     600       0.1925
     601       0.2210
     602       0.2113
     603       0.2121
     604       0.2072
     605       0.2176
     606       0.2142
     607       0.2064
     608       0.2168
     609       0.2154
     610       0.2088
     611       0.2072
     612       0.2050
     613       0.2042
     614       0.1983
     615       0.2092
     616       0.2140
     617       0.2040
     618       0.2131
     619       0.2050
     620       0.2047
     621       0.2001
     622       0.2078
     623       0.1972
     624       0.1965
     625       0.2056
     626       0.2053
     627       0.2005
     628       0.2009
     629       0.2112
     630       0.2147
     631       0.2032
     632       0.2159
     633       0.2142
     634       0.2243
     635       0.2108
     636       0.2133
     637       0.2132
     638       0.2032
     639       0.2029
     640       0.2020
     641       0.1970
     642       0.2070
     643       0.2089
     644       0.2044
     645       0.2037
     646       0.2117
     647       0.2201
     648       0.1998
     649       0.2006
     650       0.2121
     651       0.2131
     652       0.2118
     653       0.2103
     654       0.2053
     655       0.2168
     656       0.2249
     657       0.2105
     658       0.2080
     659       0.2108
     660       0.2163
     661       0.2094
     662       0.2104
     663       0.2071
     664       0.2064
     665       0.2032
     666       0.2067
     667       0.2167
     668       0.2026
     669       0.2148
     670       0.2110
     671       0.2084
     672       0.2080
     673       0.2105
     674       0.2104
     675       0.2156
     676       0.2172
     677       0.2096
     678       0.2108
     679       0.2091
     680       0.2085
     681       0.2087
     682       0.2148
     683       0.2062
     684       0.2063
     685       0.2067
     686       0.2139
     687       0.2049
     688       0.2056
     689       0.2098
     690       0.2117
     691       0.2049
     692       0.2019
     693       0.2150
     694       0.2136
     695       0.2055
     696       0.2073
     697       0.2177
     698       0.2058
     699       0.2111
     700       0.2090
     701       0.2246
     702       0.2304
     703       0.2324
     704       0.2285
     705       0.2345
     706       0.2319
     707       0.2338
     708       0.2165
     709       0.2259
     710       0.2257
     711       0.2260
     712       0.2281
     713       0.2231
     714       0.2249
     715       0.2214
     716       0.2231
     717       0.2217
     718       0.2317
     719       0.2287
     720       0.2278
     721       0.2253
     722       0.2272
     723       0.2280
     724       0.2213
     725       0.2192
     726       0.2280
     727       0.2230
     728       0.2238
     729       0.2247
     730       0.2245
     731       0.2269
     732       0.2378
     733       0.2269
     734       0.2200
     735       0.2241
     736       0.2234
     737       0.2235
     738       0.2288
     739       0.2270
     740       0.2289
     741       0.2263
     742       0.2217
     743       0.2324
     744       0.2311
     745       0.2269
     746       0.2273
     747       0.2327
     748       0.2225
     749       0.2247
     750       0.2249
     751       0.2232
     752       0.2159
     753       0.2152
     754       0.2276
     755       0.2263
     756       0.2270
     757       0.2304
     758       0.2268
     759       0.2206
     760       0.2255
     761       0.2249
     762       0.2360
     763       0.2231
     764       0.2255
     765       0.2203
     766       0.2243
     767       0.2196
     768       0.2174
     769       0.2303
     770       0.2321
     771       0.2219
     772       0.2210
     773       0.2330
     774       0.2313
     775       0.2202
     776       0.2283
     777       0.2279
     778       0.2257
     779       0.2255
     780       0.2241
     781       0.2212
     782       0.2233
     783       0.2261
     784       0.2196
     785       0.2268
     786       0.2239
     787       0.2246
     788       0.2266
     789       0.2244
     790       0.2300
     791       0.2342
     792       0.2238
     793       0.2305
     794       0.2322
     795       0.2385
     796       0.2319
     797       0.2226
     798       0.2252
     799       0.2263
     800       0.2303
     801       0.2489
     802       0.2535
     803       0.2516
     804       0.2525
     805       0.2460
     806       0.2550
     807       0.2486
     808       0.2522
     809       0.2435
     810       0.2433
     811       0.2372
     812       0.2379
     813       0.2395
     814       0.2513
     815       0.2361
     816       0.2399
     817       0.2453
     818       0.2431
     819       0.2402
     820       0.2406
     821       0.2333
     822       0.2412
     823       0.2439
     824       0.2426
     825       0.2418
     826       0.2452
     827       0.2425
     828       0.2408
     829       0.2354
     830       0.2488
     831       0.2441
     832       0.2436
     833       0.2410
     834       0.2368
     835       0.2404
     836       0.2463
     837       0.2447
     838       0.2488
     839       0.2377
     840       0.2461
     841       0.2488
     842       0.2452
     843       0.2439
     844       0.2390
     845       0.2467
     846       0.2496
     847       0.2299
     848       0.2369
     849       0.2412
     850       0.2411
     851       0.2480
     852       0.2521
     853       0.2474
     854       0.2385
     855       0.2436
     856       0.2411
     857       0.2456
     858       0.2420
     859       0.2505
     860       0.2525
     861       0.2373
     862       0.2428
     863       0.2414
     864       0.2422
     865       0.2443
     866       0.2410
     867       0.2530
     868       0.2466
     869       0.2419
     870       0.2445
     871       0.2432
     872       0.2399
     873       0.2434
     874       0.2429
     875       0.2455
     876       0.2401
     877       0.2377
     878       0.2330
     879       0.2393
     880       0.2404
     881       0.2452
     882       0.2393
     883       0.2469
     884       0.2390
     885       0.2425
     886       0.2388
     887       0.2374
     888       0.2361
     889       0.2352
     890       0.2425
     891       0.2326
     892       0.2519
     893       0.2390
     894       0.2427
     895       0.2413
     896       0.2377
     897       0.2520
     898       0.2427
     899       0.2424
     900       0.2361
     901       0.2540
     902       0.2606
     903       0.2551
     904       0.2573
     905       0.2602
     906       0.2574
     907       0.2583
     908       0.2504
     909       0.2543
     910       0.2511
     911       0.2578
     912       0.2567
     913       0.2520
     914       0.2458
     915       0.2528
     916       0.2658
     917       0.2681
     918       0.2556
     919       0.2596
     920       0.2478
     921       0.2578
     922       0.2568
     923       0.2577
     924       0.2453
     925       0.2614
     926       0.2642
     927       0.2580
     928       0.2599
     929       0.2534
     930       0.2599
     931       0.2561
     932       0.2424
     933       0.2595
     934       0.2621
     935       0.2607
     936       0.2515
     937       0.2594
     938       0.2594
     939       0.2512
     940       0.2589
     941       0.2615
     942       0.2570
     943       0.2591
     944       0.2582
     945       0.2587
     946       0.2545
     947       0.2592
     948       0.2597
     949       0.2617
     950       0.2583
     951       0.2555
     952       0.2638
     953       0.2541
     954       0.2555
     955       0.2529
     956       0.2499
     957       0.2552
     958       0.2583
     959       0.2636
     960       0.2527
     961       0.2559
     962       0.2554
     963       0.2572
     964       0.2455
     965       0.2508
     966       0.2497
     967       0.2531
     968       0.2605
     969       0.2473
     970       0.2564
     971       0.2573
     972       0.2629
     973       0.2491
     974       0.2500
     975       0.2586
     976       0.2467
     977       0.2537
     978       0.2608
     979       0.2609
     980       0.2565
     981       0.2520
     982       0.2590
     983       0.2524
     984       0.2601
     985       0.2530
     986       0.2457
     987       0.2697
     988       0.2461
     989       0.2525
     990       0.2571
     991       0.2450
     992       0.2589
     993       0.2512
     994       0.2542
     995       0.2560
     996       0.2693
     997       0.2579
     998       0.2496
     999       0.2508
    1000       0.2571
    1001       0.2803
    1002       0.2853
    1003       0.2759
    1004       0.2818
    1005       0.2730
    1006       0.2802
    1007       0.2821
    1008       0.2683
    1009       0.2717
    1010       0.2726
    1011       0.2646
    1012       0.2657
    1013       0.2692
    1014       0.2678
    1015       0.2763
    1016       0.2707
    1017       0.2622
    1018       0.2653
    1019       0.2779
    1020       0.2716
    1021       0.2750
    1022       0.2659
    1023       0.2796
    1024       0.2723
    1025       0.2614
    1026       0.2613
    1027       0.2650
    1028       0.2637
    1029       0.2721
    1030       0.2784
    1031       0.2802
    1032       0.2837
    1033       0.2755
    1034       0.2726
    1035       0.2717
    1036       0.2671
    1037       0.2761
    1038       0.2720
    1039       0.2706
    1040       0.2764
    1041       0.2696
    1042       0.2720
    1043       0.2669
    1044       0.2753
    1045       0.2750
    1046       0.2705
    1047       0.2776
    1048       0.2699
    1049       0.2702
    1050       0.2660
    1051       0.2661
    1052       0.2694
    1053       0.2687
    1054       0.2616
    1055       0.2747
    1056       0.2603
    1057       0.2725
    1058       0.2793
    1059       0.2682
    1060       0.2704
    1061       0.2693
    1062       0.2799
    1063       0.2656
    1064       0.2673
    1065       0.2745
    1066       0.2776
    1067       0.2802
    1068       0.2686
    1069       0.2766
    1070       0.2752
    1071       0.2671
    1072       0.2731
    1073       0.2801
    1074       0.2640
    1075       0.2811
    1076       0.2686
    1077       0.2718
    1078       0.2585
    1079       0.2752
    1080       0.2653
    1081       0.2826
    1082       0.2728
    1083       0.2730
    1084       0.2771
    1085       0.2739
    1086       0.2729
    1087       0.2874
    1088       0.2646
    1089       0.2704
    1090       0.2820
    1091       0.2705
    1092       0.2693
    1093       0.2770
    1094       0.2701
    1095       0.2717
    1096       0.2666
    1097       0.2650
    1098       0.2745
    1099       0.2712
    1100       0.2822
    1101       0.2873
    1102       0.2983
    1103       0.2967
    1104       0.2918
    1105       0.2954
    1106       0.2975
    1107       0.2970
    1108       0.2913
    1109       0.2930
    1110       0.2949
    1111       0.2934
    1112       0.2918
    1113       0.3030
    1114       0.2935
    1115       0.2945
    1116       0.2966
    1117       0.2996
    1118       0.2973
    1119       0.2873
    1120       0.2887
    1121       0.2851
    1122       0.2869
    1123       0.2946
    1124       0.2961
    1125       0.2977
    1126       0.2981
    1127       0.3080
    1128       0.3070
    1129       0.2820
    1130       0.2813
    1131       0.2888
    1132       0.2922
    1133       0.3012
    1134       0.2944
    1135       0.2878
    1136       0.2907
    1137       0.2900
    1138       0.2928
    1139       0.2867
    1140       0.2730
    1141       0.2846
    1142       0.2933
    1143       0.2895
    1144       0.2973
    1145       0.2917
    1146       0.3045
    1147       0.2993
    1148       0.2931
    1149       0.2859
    1150       0.3072
    1151       0.2955
    1152       0.3050
    1153       0.2980
    1154       0.3020
    1155       0.2751
    1156       0.2878
    1157       0.2914
    1158       0.2941
    1159       0.2972
    1160       0.2951
    1161       0.2764
    1162       0.2821
    1163       0.2929
    1164       0.2892
    1165       0.2860
    1166       0.2999
    1167       0.2947
    1168       0.2963
    1169       0.2903
    1170       0.2922
    1171       0.3053
    1172       0.2989
    1173       0.2953
    1174       0.2914
    1175       0.2929
    1176       0.2887
    1177       0.2935
    1178       0.2763
    1179       0.2935
    1180       0.3061
    1181       0.2940
    1182       0.2982
    1183       0.2921
    1184       0.2991
    1185       0.2945
    1186       0.2935
    1187       0.3041
    1188       0.2957
    1189       0.2844
    1190       0.2978
    1191       0.2983
    1192       0.2920
    1193       0.2918
    1194       0.2876
    1195       0.2941
    1196       0.3001
    1197       0.3018
    1198       0.3052
    1199       0.2987
    1200       0.2885
    1201       0.3027
    1202       0.3081
    1203       0.3056
    1204       0.3088
    1205       0.2922
    1206       0.3158
    1207       0.3031
    1208       0.3070
    1209       0.3079
    1210       0.3004
    1211       0.3093
    1212       0.3093
    1213       0.2963
    1214       0.3071
    1215       0.3058
    1216       0.2995
    1217       0.2921
    1218       0.2941
    1219       0.3000
    1220       0.3010
    1221       0.2960
    1222       0.3007
    1223       0.2998
    1224       0.3085
    1225       0.3099
    1226       0.2955
    1227       0.3083
    1228       0.3077
    1229       0.3106
    1230       0.3061
    1231       0.3027
    1232       0.3024
    1233       0.2971
    1234       0.3094
    1235       0.3049
    1236       0.3093
    1237       0.3127
    1238       0.3118
    1239       0.3044
    1240       0.3015
    1241       0.3067
    1242       0.3009
    1243       0.3031
    1244       0.3030
    1245       0.3196
    1246       0.2935
    1247       0.3022
    1248       0.3078
    1249       0.3070
    1250       0.3087
    1251       0.3109
    1252       0.3047
    1253       0.3109
    1254       0.3051
    1255       0.3046
    1256       0.3095
    1257       0.3043
    1258       0.3117
    1259       0.3080
    1260       0.2961
    1261       0.2994
    1262       0.3075
    1263       0.2899
    1264       0.3043
    1265       0.2990
    1266       0.2944
    1267       0.2895
    1268       0.3204
    1269       0.2931
    1270       0.2979
    1271       0.2973
    1272       0.2963
    1273       0.3037
    1274       0.3117
    1275       0.3072
    1276       0.2991
    1277       0.3170
    1278       0.2987
    1279       0.3030
    1280       0.3040
    1281       0.3042
    1282       0.3032
    1283       0.3052
    1284       0.2905
    1285       0.2946
    1286       0.2985
    1287       0.3155
    1288       0.3065
    1289       0.3017
    1290       0.3084
    1291       0.3041
    1292       0.3024
    1293       0.3051
    1294       0.3152
    1295       0.2901
    1296       0.3144
    1297       0.3140
    1298       0.2998
    1299       0.3133
    1300       0.3009
    1301       0.3279
    1302       0.3148
    1303       0.3182
    1304       0.3344
    1305       0.3168
    1306       0.3161
    1307       0.3148
    1308       0.3223
    1309       0.3112
    1310       0.3080
    1311       0.3241
    1312       0.3226
    1313       0.3132
    1314       0.3214
    1315       0.3246
    1316       0.3216
    1317       0.3246
    1318       0.3116
    1319       0.3148
    1320       0.3370
    1321       0.3222
    1322       0.3236
    1323       0.3136
    1324       0.3102
    1325       0.3158
    1326       0.3171
    1327       0.3306
    1328       0.3179
    1329       0.3210
    1330       0.3189
    1331       0.3270
    1332       0.3281
    1333       0.3234
    1334       0.3272
    1335       0.3186
    1336       0.3335
    1337       0.3154
    1338       0.3087
    1339       0.3397
    1340       0.3237
    1341       0.3226
    1342       0.3266
    1343       0.3224
    1344       0.3224
    1345       0.3094
    1346       0.3257
    1347       0.3303
    1348       0.3309
    1349       0.3279
    1350       0.3173
    1351       0.3304
    1352       0.3314
    1353       0.3259
    1354       0.3088
    1355       0.3154
    1356       0.3186
    1357       0.3077
    1358       0.3264
    1359       0.3216
    1360       0.3159
    1361       0.3307
    1362       0.3245
    1363       0.3374
    1364       0.3144
    1365       0.3185
    1366       0.3168
    1367       0.3360
    1368       0.3206
    1369       0.3286
    1370       0.3140
    1371       0.3252
    1372       0.3265
    1373       0.3210
    1374       0.3348
    1375       0.3251
    1376       0.3358
    1377       0.3373
    1378       0.3450
    1379       0.3307
    1380       0.3078
    1381       0.3303
    1382       0.3341
    1383       0.3232
    1384       0.3259
    1385       0.3158
    1386       0.3117
    1387       0.3294
    1388       0.3169
    1389       0.3285
    1390       0.3256
    1391       0.3256
    1392       0.3296
    1393       0.3217
    1394       0.3172
    1395       0.3151
    1396       0.3175
    1397       0.3250
    1398       0.3359
    1399       0.3308
    1400       0.3169
    1401       0.3345
    1402       0.3393
    1403       0.3306
    1404       0.3450
    1405       0.3450
    1406       0.3464
    1407       0.3549
    1408       0.3574
    1409       0.3356
    1410       0.3463
    1411       0.3631
    1412       0.3619
    1413       0.3455
    1414       0.3533
    1415       0.3386
    1416       0.3529
    1417       0.3552
    1418       0.3512
    1419       0.3411
    1420       0.3604
    1421       0.3620
    1422       0.3469
    1423       0.3502
    1424       0.3411
    1425       0.3381
    1426       0.3365
    1427       0.3561
    1428       0.3419
    1429       0.3477
    1430       0.3482
    1431       0.3504
    1432       0.3589
    1433       0.3386
    1434       0.3368
    1435       0.3591
    1436       0.3327
    1437       0.3427
    1438       0.3395
    1439       0.3553
    1440       0.3486
    1441       0.3476
    1442       0.3493
    1443       0.3259
    1444       0.3465
    1445       0.3513
    1446       0.3473
    1447       0.3345
    1448       0.3444
    1449       0.3477
    1450       0.3433
    1451       0.3545
    1452       0.3553
    1453       0.3528
    1454       0.3507
    1455       0.3594
    1456       0.3393
    1457       0.3430
    1458       0.3457
    1459       0.3592
    1460       0.3500
    1461       0.3409
    1462       0.3380
    1463       0.3542
    1464       0.3350
    1465       0.3505
    1466       0.3376
    1467       0.3488
    1468       0.3514
    1469       0.3524
    1470       0.3556
    1471       0.3576
    1472       0.3570
    1473       0.3415
    1474       0.3408
    1475       0.3396
    1476       0.3558
    1477       0.3539
    1478       0.3512
    1479       0.3455
    1480       0.3612
    1481       0.3580
    1482       0.3526
    1483       0.3740
    1484       0.3502
    1485       0.3539
    1486       0.3540
    1487       0.3553
    1488       0.3454
    1489       0.3623
    1490       0.3618
    1491       0.3625
    1492       0.3506
    1493       0.3514
    1494       0.3342
    1495       0.3403
    1496       0.3446
    1497       0.3529
    1498       0.3471
    1499       0.3644
    1500       0.3386
    1501       0.3889
    1502       0.3820
    1503       0.3685
    1504       0.3592
    1505       0.3792
    1506       0.3674
    1507       0.3863
    1508       0.3923
    1509       0.3761
    1510       0.3695
    1511       0.3754
    1512       0.3772
    1513       0.3852
    1514       0.3760
    1515       0.3570
    1516       0.3834
    1517       0.3999
    1518       0.3578
    1519       0.3659
    1520       0.3766
    1521       0.3666
    1522       0.3921
    1523       0.3676
    1524       0.3706
    1525       0.3638
    1526       0.3731
    1527       0.3678
    1528       0.3651
    1529       0.3714
    1530       0.3743
    1531       0.3680
    1532       0.3686
    1533       0.3734
    1534       0.3618
    1535       0.3630
    1536       0.3622
    1537       0.3722
    1538       0.3706
    1539       0.3675
    1540       0.3548
    1541       0.3608
    1542       0.3893
    1543       0.3665
    1544       0.3589
    1545       0.3512
    1546       0.3637
    1547       0.3735
    1548       0.3842
    1549       0.3636
    1550       0.3534
    1551       0.3698
    1552       0.3662
    1553       0.3747
    1554       0.3657
    1555       0.3831
    1556       0.3713
    1557       0.3845
    1558       0.3711
    1559       0.3737
    1560       0.3816
    1561       0.3824
    1562       0.3649
    1563       0.3724
    1564       0.3599
    1565       0.3481
    1566       0.3579
    1567       0.3583
    1568       0.3501
    1569       0.3705
    1570       0.3632
    1571       0.3662
    1572       0.3716
    1573       0.3742
    1574       0.3793
    1575       0.3646
    1576       0.3619
    1577       0.3581
    1578       0.3721
    1579       0.3586
    1580       0.3656
    1581       0.3837
    1582       0.3636
    1583       0.3595
    1584       0.3590
    1585       0.3606
    1586       0.3459
    1587       0.3705
    1588       0.3668
    1589       0.3597
    1590       0.3662
    1591       0.3753
    1592       0.3488
    1593       0.3794
    1594       0.3753
    1595       0.3710
    1596       0.3535
    1597       0.3768
    1598       0.3531
    1599       0.3723
    1600       0.3627
    1601       0.4131
    1602       0.4065
    1603       0.3857
    1604       0.4072
    1605       0.4066
    1606       0.3950
    1607       0.4008
    1608       0.3935
    1609       0.4016
    1610       0.3990
    1611       0.4052
    1612       0.4014
    1613       0.3881
    1614       0.3984
    1615       0.3949
    1616       0.3804
    1617       0.3933
    1618       0.4126
    1619       0.4169
    1620       0.4080
    1621       0.3922
    1622       0.4096
    1623       0.4011
    1624       0.4024
    1625       0.4215
    1626       0.3892
    1627       0.4098
    1628       0.3759
    1629       0.4045
    1630       0.3925
    1631       0.4085
    1632       0.3838
    1633       0.3822
    1634       0.3901
    1635       0.3970
    1636       0.3722
    1637       0.4040
    1638       0.4126
    1639       0.3885
    1640       0.3999
    1641       0.4126
    1642       0.4067
    1643       0.4159
    1644       0.4142
    1645       0.3953
    1646       0.4026
    1647       0.3845
    1648       0.3911
    1649       0.4122
    1650       0.4032
    1651       0.4103
    1652       0.4140
    1653       0.4051
    1654       0.4029
    1655       0.3906
    1656       0.4216
    1657       0.3955
    1658       0.4125
    1659       0.3988
    1660       0.4244
    1661       0.4032
    1662       0.4160
    1663       0.4034
    1664       0.4103
    1665       0.4081
    1666       0.4266
    1667       0.4081
    1668       0.4218
    1669       0.4022
    1670       0.3857
    1671       0.4064
    1672       0.3973
    1673       0.3905
    1674       0.4062
    1675       0.3939
    1676       0.3831
    1677       0.4061
    1678       0.3976
    1679       0.3982
    1680       0.4122
    1681       0.4023
    1682       0.4046
    1683       0.3882
    1684       0.4022
    1685       0.4127
    1686       0.4054
    1687       0.3910
    1688       0.3979
    1689       0.4012
    1690       0.3998
    1691       0.3927
    1692       0.3856
    1693       0.3938
    1694       0.3952
    1695       0.3967
    1696       0.3746
    1697       0.3995
    1698       0.3903
    1699       0.3827
    1700       0.3925
    1701       0.4242
    1702       0.4381
    1703       0.4205
    1704       0.4354
    1705       0.4276
    1706       0.4444
    1707       0.4295
    1708       0.4292
    1709       0.4464
    1710       0.4432
    1711       0.4438
    1712       0.4341
    1713       0.4376
    1714       0.4407
    1715       0.4498
    1716       0.4375
    1717       0.4402
    1718       0.4438
    1719       0.4652
    1720       0.4315
    1721       0.4255
    1722       0.4537
    1723       0.4375
    1724       0.4486
    1725       0.4440
    1726       0.4439
    1727       0.4344
    1728       0.4370
    1729       0.4633
    1730       0.4457
    1731       0.4452
    1732       0.4449
    1733       0.4223
    1734       0.4400
    1735       0.4388
    1736       0.4204
    1737       0.4585
    1738       0.4326
    1739       0.4568
    1740       0.4469
    1741       0.4473
    1742       0.4551
    1743       0.4439
    1744       0.4394
    1745       0.4444
    1746       0.4347
    1747       0.4582
    1748       0.4659
    1749       0.4445
    1750       0.4369
    1751       0.4443
    1752       0.4603
    1753       0.4517
    1754       0.4603
    1755       0.4570
    1756       0.4374
    1757       0.4390
    1758       0.4510
    1759       0.4610
    1760       0.4466
    1761       0.4650
    1762       0.4646
    1763       0.4423
    1764       0.4485
    1765       0.4546
    1766       0.4300
    1767       0.4379
    1768       0.4588
    1769       0.4335
    1770       0.4355
    1771       0.4237
    1772       0.4361
    1773       0.4311
    1774       0.4351
    1775       0.4433
    1776       0.4610
    1777       0.4421
    1778       0.4352
    1779       0.4260
    1780       0.4500
    1781       0.4473
    1782       0.4345
    1783       0.4300
    1784       0.4122
    1785       0.4385
    1786       0.4342
    1787       0.4377
    1788       0.4262
    1789       0.4370
    1790       0.4169
    1791       0.4412
    1792       0.4389
    1793       0.4527
    1794       0.4442
    1795       0.4381
    1796       0.4322
    1797       0.4606
    1798       0.4439
    1799       0.4737
    1800       0.4199
    1801       0.4573
    1802       0.4686
    1803       0.4801
    1804       0.4515
    1805       0.4599
    1806       0.4925
    1807       0.4516
    1808       0.4551
    1809       0.4621
    1810       0.4857
    1811       0.4739
    1812       0.4741
    1813       0.4711
    1814       0.4579
    1815       0.4628
    1816       0.4602
    1817       0.4410
    1818       0.4439
    1819       0.4671
    1820       0.4576
    1821       0.4458
    1822       0.4526
    1823       0.4539
    1824       0.4631
    1825       0.4546
    1826       0.4650
    1827       0.4643
    1828       0.4415
    1829       0.4758
    1830       0.4600
    1831       0.4518
    1832       0.4514
    1833       0.4863
    1834       0.4421
    1835       0.4464
    1836       0.4565
    1837       0.4811
    1838       0.4638
    1839       0.4667
    1840       0.4543
    1841       0.4465
    1842       0.4664
    1843       0.4798
    1844       0.4750
    1845       0.4627
    1846       0.4432
    1847       0.4469
    1848       0.4690
    1849       0.4729
    1850       0.4592
    1851       0.4747
    1852       0.4712
    1853       0.4647
    1854       0.4585
    1855       0.4661
    1856       0.4702
    1857       0.4592
    1858       0.4859
    1859       0.4569
    1860       0.4728
    1861       0.4569
    1862       0.4725
    1863       0.4726
    1864       0.4617
    1865       0.4573
    1866       0.4704
    1867       0.4672
    1868       0.4662
    1869       0.4605
    1870       0.4607
    1871       0.4778
    1872       0.4625
    1873       0.4829
    1874       0.4787
    1875       0.4730
    1876       0.4640
    1877       0.4655
    1878       0.4659
    1879       0.4712
    1880       0.4672
    1881       0.4456
    1882       0.4608
    1883       0.4668
    1884       0.4511
    1885       0.4283
    1886       0.4540
    1887       0.4724
    1888       0.4784
    1889       0.4384
    1890       0.4753
    1891       0.4483
    1892       0.4420
    1893       0.4479
    1894       0.4403
    1895       0.4592
    1896       0.4527
    1897       0.4404
    1898       0.4484
    1899       0.4508
    1900       0.4424
    1901       0.4671
    1902       0.4692
    1903       0.5193
    1904       0.5049
    1905       0.4952
    1906       0.4795
    1907       0.4614
    1908       0.4686
    1909       0.4538
    1910       0.4605
    1911       0.4642
    1912       0.5003
    1913       0.4911
    1914       0.5207
    1915       0.5151
    1916       0.5091
    1917       0.5213
    1918       0.4947
    1919       0.4763
    1920       0.4630
    1921       0.4808
    1922       0.4967
    1923       0.4786
    1924       0.5079
    1925       0.5174
    1926       0.5078
    1927       0.4868
    1928       0.4947
    1929       0.4563
    1930       0.4848
    1931       0.4973
    1932       0.5219
    1933       0.4886
    1934       0.4959
    1935       0.5054
    1936       0.5247
    1937       0.4991
    1938       0.4907
    1939       0.4950
    1940       0.5038
    1941       0.5361
    1942       0.5123
    1943       0.5065
    1944       0.5091
    1945       0.4998
    1946       0.5080
    1947       0.4816
    1948       0.4870
    1949       0.5035
    1950       0.4915
    1951       0.4978
    1952       0.5036
    1953       0.5067
    1954       0.5001
    1955       0.4862
    1956       0.4944
    1957       0.4600
    1958       0.4878
    1959       0.4785
    1960       0.4737
    1961       0.5092
    1962       0.4938
    1963       0.5086
    1964       0.5118
    1965       0.5094
    1966       0.5204
    1967       0.4969
    1968       0.5224
    1969       0.5014
    1970       0.5181
    1971       0.5443
    1972       0.5218
    1973       0.5126
    1974       0.5426
    1975       0.4864
    1976       0.4857
    1977       0.4968
    1978       0.4911
    1979       0.5038
    1980       0.5197
    1981       0.5194
    1982       0.5024
    1983       0.5129
    1984       0.5147
    1985       0.5218
    1986       0.5058
    1987       0.5009
    1988       0.4916
    1989       0.4587
    1990       0.4782
    1991       0.4619
    1992       0.4809
    1993       0.4712
    1994       0.4738
    1995       0.5032
    1996       0.5121
    1997       0.5165
    1998       0.5198
    1999       0.4742
    2000       0.4771
    2001       0.5233
    2002       0.5343
    2003       0.5361
    2004       0.5378
    2005       0.5175
    2006       0.5301
    2007       0.5395
    2008       0.5714
    2009       0.5566
    2010       0.5250
    2011       0.5603
    2012       0.5611
    2013       0.5749
    2014       0.5641
    2015       0.5740
    2016       0.5535
    2017       0.5289
    2018       0.5031
    2019       0.5480
    2020       0.5392
    2021       0.5402
    2022       0.5465
    2023       0.5428
    2024       0.5288
    2025       0.5121
    2026       0.5031
    2027       0.5304
    2028       0.5197
    2029       0.5221
    2030       0.5227
    2031       0.5237
    2032       0.5469
    2033       0.5474
    2034       0.5596
    2035       0.5276
    2036       0.5361
    2037       0.5246
    2038       0.5258
    2039       0.5203
    2040       0.5265
    2041       0.5070
    2042       0.5504
    2043       0.5330
    2044       0.5109
    2045       0.5203
    2046       0.5321
    2047       0.5457
    2048       0.5541
    2049       0.5431
    2050       0.5611
    2051       0.5596
    2052       0.5652
    2053       0.5041
    2054       0.5318
    2055       0.5318
    2056       0.5704
    2057       0.5523
    2058       0.5183
    2059       0.5311
    2060       0.5465
    2061       0.5903
    2062       0.5597
    2063       0.5541
    2064       0.5302
    2065       0.5479
    2066       0.5228
    2067       0.5474
    2068       0.5763
    2069       0.5550
    2070       0.5457
    2071       0.5598
    2072       0.5345
    2073       0.5331
    2074       0.5195
    2075       0.4983
    2076       0.5415
    2077       0.5460
    2078       0.5221
    2079       0.5522
    2080       0.5524
    2081       0.5564
    2082       0.5480
    2083       0.5557
    2084       0.5651
    2085       0.5520
    2086       0.5664
    2087       0.5308
    2088       0.5320
    2089       0.5115
    2090       0.5405
    2091       0.5057
    2092       0.5160
    2093       0.5443
    2094       0.5084
    2095       0.5176
    2096       0.5085
    2097       0.5198
    2098       0.5360
    2099       0.5365
    2100       0.5356
    2101       0.5675
    2102       0.5719
    2103       0.5638
    2104       0.5664
    2105       0.5589
    2106       0.5700
    2107       0.5667
    2108       0.5733
    2109       0.5625
    2110       0.5539
    2111       0.5669
    2112       0.5639
    2113       0.5803
    2114       0.5655
    2115       0.5523
    2116       0.5545
    2117       0.5966
    2118       0.5598
    2119       0.5710
    2120       0.5773
    2121       0.5975
    2122       0.6071
    2123       0.5883
    2124       0.6114
    2125       0.5815
    2126       0.5813
    2127       0.5739
    2128       0.5945
    2129       0.6317
    2130       0.5963
    2131       0.5956
    2132       0.5930
    2133       0.5641
    2134       0.5991
    2135       0.6059
    2136       0.6318
    2137       0.6173
    2138       0.6071
    2139       0.6353
    2140       0.6608
    2141       0.6205
    2142       0.6161
    2143       0.5743
    2144       0.5785
    2145       0.5684
    2146       0.5661
    2147       0.5881
    2148       0.5873
    2149       0.6035
    2150       0.6126
    2151       0.5867
    2152       0.5812
    2153       0.6069
    2154       0.5785
    2155       0.5647
    2156       0.5746
    2157       0.6009
    2158       0.5823
    2159       0.6012
    2160       0.5641
    2161       0.5696
    2162       0.6171
    2163       0.5639
    2164       0.6006
    2165       0.6013
    2166       0.6085
    2167       0.6025
    2168       0.6271
    2169       0.5948
    2170       0.6084
    2171       0.5932
    2172       0.5920
    2173       0.6190
    2174       0.6295
    2175       0.6083
    2176       0.6288
    2177       0.5953
    2178       0.5968
    2179       0.6099
    2180       0.6269
    2181       0.6023
    2182       0.6372
    2183       0.6419
    2184       0.6256
    2185       0.6283
    2186       0.6135
    2187       0.5763
    2188       0.5887
    2189       0.6069
    2190       0.5765
    2191       0.5927
    2192       0.6378
    2193       0.6122
    2194       0.6095
    2195       0.6395
    2196       0.6391
    2197       0.6357
    2198       0.5963
    2199       0.6041
    2200       0.5884
    2201       0.6080
    2202       0.6417
    2203       0.6600
    2204       0.6656
    2205       0.6470
    2206       0.6308
    2207       0.6466
    2208       0.6465
    2209       0.6540
    2210       0.6431
    2211       0.6574
    2212       0.6610
    2213       0.6712
    2214       0.6362
    2215       0.6335
    2216       0.6387
    2217       0.6994
    2218       0.6595
    2219       0.6215
    2220       0.6300
    2221       0.6130
    2222       0.6409
    2223       0.6288
    2224       0.6541
    2225       0.6744
    2226       0.6692
    2227       0.6608
    2228       0.6654
    2229       0.6644
    2230       0.6861
    2231       0.7065
    2232       0.6987
    2233       0.7115
    2234       0.6779
    2235       0.6772
    2236       0.6198
    2237       0.7076
    2238       0.6581
    2239       0.6471
    2240       0.6509
    2241       0.6380
    2242       0.6750
    2243       0.6600
    2244       0.6717
    2245       0.6420
    2246       0.6543
    2247       0.6486
    2248       0.6555
    2249       0.6473
    2250       0.6687
    2251       0.6722
    2252       0.6970
    2253       0.7215
    2254       0.6840
    2255       0.6590
    2256       0.6531
    2257       0.6714
    2258       0.6615
    2259       0.6499
    2260       0.6428
    2261       0.6216
    2262       0.5788
    2263       0.6199
    2264       0.6060
    2265       0.6465
    2266       0.6331
    2267       0.6774
    2268       0.6574
    2269       0.6966
    2270       0.6947
    2271       0.6861
    2272       0.6932
    2273       0.6640
    2274       0.6835
    2275       0.7015
    2276       0.6960
    2277       0.7111
    2278       0.7264
    2279       0.7244
    2280       0.7018
    2281       0.6854
    2282       0.7265
    2283       0.6945
    2284       0.6868
    2285       0.6882
    2286       0.7067
    2287       0.7269
    2288       0.7310
    2289       0.6945
    2290       0.6824
    2291       0.6944
    2292       0.6813
    2293       0.6639
    2294       0.6412
    2295       0.6308
    2296       0.6522
    2297       0.6319
    2298       0.6263
    2299       0.6201
    2300       0.6639
    2301       0.6836
    2302       0.7264
    2303       0.7163
    2304       0.7002
    2305       0.7222
    2306       0.6696
    2307       0.6928
    2308       0.7030
    2309       0.7284
    2310       0.7330
    2311       0.6755
    2312       0.7105
    2313       0.7283
    2314       0.6634
    2315       0.7244
    2316       0.7503
    2317       0.7445
    2318       0.7002
    2319       0.7103
    2320       0.7102
    2321       0.7271
    2322       0.6905
    2323       0.7145
    2324       0.7105
    2325       0.7774
    2326       0.7632
    2327       0.7701
    2328       0.7487
    2329       0.7434
    2330       0.7350
    2331       0.7171
    2332       0.7767
    2333       0.7597
    2334       0.7598
    2335       0.7093
    2336       0.7171
    2337       0.7277
    2338       0.7501
    2339       0.7349
    2340       0.7257
    2341       0.7266
    2342       0.7562
    2343       0.7489
    2344       0.7106
    2345       0.6880
    2346       0.7017
    2347       0.7061
    2348       0.7027
    2349       0.6541
    2350       0.6762
    2351       0.6602
    2352       0.6692
    2353       0.6682
    2354       0.7077
    2355       0.6848
    2356       0.6775
    2357       0.6844
    2358       0.7065
    2359       0.6528
    2360       0.6967
    2361       0.7111
    2362       0.7289
    2363       0.7130
    2364       0.7394
    2365       0.7496
    2366       0.7127
    2367       0.7415
    2368       0.7643
    2369       0.7470
    2370       0.7545
    2371       0.7958
    2372       0.7520
    2373       0.7717
    2374       0.8118
    2375       0.8030
    2376       0.7625
    2377       0.7393
    2378       0.7358
    2379       0.7178
    2380       0.7191
    2381       0.7041
    2382       0.7076
    2383       0.7124
    2384       0.7290
    2385       0.7399
    2386       0.6996
    2387       0.7392
    2388       0.7421
    2389       0.7598
    2390       0.7665
    2391       0.7076
    2392       0.7225
    2393       0.6909
    2394       0.7506
    2395       0.7369
    2396       0.7397
    2397       0.6836
    2398       0.7322
    2399       0.7392
    2400       0.7098
    2401       0.7695
    2402       0.7874
    2403       0.7848
    2404       0.8058
    2405       0.8357
    2406       0.8077
    2407       0.7822
    2408       0.7957
    2409       0.7494
    2410       0.7604
    2411       0.7529
    2412       0.7789
    2413       0.8188
    2414       0.8678
    2415       0.8165
    2416       0.7466
    2417       0.7785
    2418       0.8061
    2419       0.8076
    2420       0.8135
    2421       0.8073
    2422       0.8437
    2423       0.8418
    2424       0.8384
    2425       0.8133
    2426       0.7751
    2427       0.8645
    2428       0.8449
    2429       0.8314
    2430       0.8543
    2431       0.8451
    2432       0.8536
    2433       0.8742
    2434       0.8775
    2435       0.9110
    2436       0.9442
    2437       0.8753
    2438       0.9349
    2439       0.9354
    2440       0.9007
    2441       0.9323
    2442       0.8982
    2443       0.9060
    2444       0.8536
    2445       0.8153
    2446       0.8536
    2447       0.8195
    2448       0.8009
    2449       0.7757
    2450       0.7897
    2451       0.8294
    2452       0.8322
    2453       0.8100
    2454       0.8136
    2455       0.8136
    2456       0.8377
    2457       0.8739
    2458       0.8563
    2459       0.8216
    2460       0.8151
    2461       0.8053
    2462       0.8456
    2463       0.8708
    2464       0.8830
    2465       0.9155
    2466       0.9297
    2467       0.9280
    2468       0.9428
    2469       0.9917
    2470       0.9873
    2471       1.0236
    2472       0.9873
    2473       0.9697
    2474       0.8901
    2475       0.8809
    2476       0.9040
    2477       0.8279
    2478       0.8862
    2479       0.8696
    2480       0.8393
    2481       0.8708
    2482       0.8357
    2483       0.9116
    2484       0.9265
    2485       0.9675
    2486       0.9807
    2487       0.9704
    2488       0.9368
    2489       0.9339
    2490       0.9534
    2491       0.9493
    2492       0.9161
    2493       0.9622
    2494       0.9684
    2495       0.9527
    2496       0.9565
    2497       0.8865
    2498       0.8832
    2499       0.8890
    2500       0.9069
    2501       0.8576
    2502       0.9123
    2503       0.9265
    2504       0.9175
    2505       0.9226
    2506       0.9000
    2507       0.9282
    2508       0.9216
    2509       0.9087
    2510       0.9309
    2511       0.9000
    2512       0.9369
    2513       0.9345
    2514       0.9149
    2515       0.9156
    2516       0.9137
    2517       0.9185
    2518       1.0033
    2519       0.9884
    2520       0.9156
    2521       0.9000
    2522       0.9207
    2523       0.9377
    2524       0.9440
    2525       0.9400
    2526       0.9970
    2527       1.0430
    2528       1.0670
    2529       1.0525
    2530       1.0551
    2531       1.0180
    2532       1.0329
    2533       1.0231
    2534       1.0359
    2535       0.9889
    2536       1.0112
    2537       1.0085
    2538       0.9906
    2539       1.0288
    2540       0.9921
    2541       1.0206
    2542       1.0064
    2543       1.0211
    2544       1.0077
    2545       0.9853
    2546       0.9885
    2547       0.9297
    2548       0.9610
    2549       0.9748
    2550       0.9410
    2551       0.9544
    2552       0.9673
    2553       0.9724
    2554       0.9711
    2555       1.0052
    2556       1.0947
    2557       1.0691
    2558       1.0791
    2559       1.1124
    2560       1.0995
    2561       1.1155
    2562       1.0892
    2563       1.0306
    2564       1.0725
    2565       1.0443
    2566       1.0573
    2567       1.0174
    2568       1.0301
    2569       1.0019
    2570       0.9844
    2571       1.0419
    2572       1.0076
    2573       1.0683
    2574       1.0975
    2575       1.1038
    2576       1.1085
    2577       1.1286
    2578       1.0983
    2579       1.1072
    2580       1.1319
    2581       1.0800
    2582       1.1459
    2583       1.1257
    2584       1.1267
    2585       1.1447
    2586       1.1266
    2587       1.1928
    2588       1.1802
    2589       1.1509
    2590       1.1479
    2591       1.2143
    2592       1.1958
    2593       1.2366
    2594       1.2121
    2595       1.1837
    2596       1.1789
    2597       1.1502
    2598       1.1057
    2599       1.1081
    2600       1.1624
    2601       1.1372
    2602       1.2031
    2603       1.1814
    2604       1.1955
    2605       1.2164
    2606       1.1805
    2607       1.2042
    2608       1.1541
    2609       1.1831
    2610       1.1680
    2611       1.1705
    2612       1.2288
    2613       1.2271
    2614       1.1936
    2615       1.1863
    2616       1.1830
    2617       1.1592
    2618       1.1664
    2619       1.2014
    2620       1.1990
    2621       1.2142
    2622       1.2111
    2623       1.1903
    2624       1.2442
    2625       1.2301
    2626       1.1839
    2627       1.1960
    2628       1.1862
    2629       1.1894
    2630       1.1805
    2631       1.2183
    2632       1.2149
    2633       1.1795
    2634       1.1538
    2635       1.1451
    2636       1.1436
    2637       1.1497
    2638       1.1608
    2639       1.1985
    2640       1.1974
    2641       1.2078
    2642       1.1902
    2643       1.1873
    2644       1.2124
    2645       1.2082
    2646       1.2161
    2647       1.2208
    2648       1.2121
    2649       1.2402
    2650       1.2348
    2651       1.2159
    2652       1.2385
    2653       1.2309
    2654       1.2262
    2655       1.1981
    2656       1.2402
    2657       1.2846
    2658       1.2671
    2659       1.2563
    2660       1.1978
    2661       1.2115
    2662       1.2159
    2663       1.2169
    2664       1.2242
    2665       1.2505
    2666       1.2423
    2667       1.2163
    2668       1.2024
    2669       1.2369
    2670       1.2250
    2671       1.2651
    2672       1.2399
    2673       1.2769
    2674       1.2716
    2675       1.2690
    2676       1.2685
    2677       1.2635
    2678       1.2628
    2679       1.2652
    2680       1.2822
    2681       1.2730
    2682       1.2417
    2683       1.2620
    2684       1.2246
    2685       1.2117
    2686       1.2186
    2687       1.1925
    2688       1.2378
    2689       1.1994
    2690       1.1626
    2691       1.1565
    2692       1.2030
    2693       1.1551
    2694       1.2455
    2695       1.1978
    2696       1.1911
    2697       1.2026
    2698       1.2269
    2699       1.2026
    2700       1.1733
    2701       1.2743
    2702       1.3817
    2703       1.3055
    2704       1.3121
    2705       1.3280
    2706       1.4654
    2707       1.4318
    2708       1.4977
    2709       1.3625
    2710       1.3047
    2711       1.2215
    2712       1.1659
    2713       1.2144
    2714       1.2499
    2715       1.3078
    2716       1.3656
    2717       1.4581
    2718       1.4812
    2719       1.4798
    2720       1.4138
    2721       1.5439
    2722       1.5520
    2723       1.5957
    2724       1.5903
    2725       1.6313
    2726       1.5966
    2727       1.4750
    2728       1.5382
    2729       1.4535
    2730       1.5731
    2731       1.4294
    2732       1.2512
    2733       1.3893
    2734       1.4571
    2735       1.4721
    2736       1.4701
    2737       1.4495
    2738       1.4588
    2739       1.4239
    2740       1.4540
    2741       1.3285
    2742       1.2734
    2743       1.3199
    2744       1.2540
    2745       1.3226
    2746       1.3128
    2747       1.5064
    2748       1.4804
    2749       1.4650
    2750       1.4621
    2751       1.3329
    2752       1.2688
    2753       1.2640
    2754       1.3388
    2755       1.5255
    2756       1.6027
    2757       1.7687
    2758       1.7197
    2759       1.7198
    2760       1.8346
    2761       1.7852
    2762       1.7659
    2763       1.6772
    2764       1.5693
    2765       1.6293
    2766       1.6602
    2767       1.5605
    2768       1.7377
    2769       1.6467
    2770       1.6837
    2771       1.6537
    2772       1.6037
    2773       1.6257
    2774       1.6132
    2775       1.6254
    2776       1.6671
    2777       1.6145
    2778       1.5718
    2779       1.5768
    2780       1.6745
    2781       1.3370
    2782       1.5745
    2783       1.4297
    2784       1.4200
    2785       1.4929
    2786       1.4811
    2787       1.4375
    2788       1.5650
    2789       1.4511
    2790       1.3465
    2791       1.3636
    2792       1.3295
    2793       1.5155
    2794       1.5026
    2795       1.4416
    2796       1.5507
    2797       1.4931
    2798       1.4843
    2799       1.4625
    2800       1.5323
    2801       1.4910
    2802       1.5229
    2803       1.5893
    2804       1.4576
    2805       1.4021
    2806       1.5475
    2807       1.7189
    2808       1.6997
    2809       1.5621
    2810       1.6809
    2811       1.9293
    2812       1.8723
    2813       1.7904
    2814       1.7992
    2815       1.7763
    2816       1.7541
    2817       1.8292
    2818       1.8412
    2819       1.8918
    2820       1.9483
    2821       1.9790
    2822       2.0752
    2823       2.1187
    2824       1.8307
    2825       1.6980
    2826       1.8424
    2827       1.8558
    2828       1.7998
    2829       1.8906
    2830       2.0471
    2831       2.0568
    2832       2.0899
    2833       2.0717
    2834       1.9983
    2835       1.9193
    2836       1.9321
    2837       1.8683
    2838       2.0213
    2839       1.9544
    2840       2.0396
    2841       1.9189
    2842       1.9687
    2843       2.0996
    2844       1.8944
    2845       1.8051
    2846       1.8208
    2847       1.7545
    2848       1.9528
    2849       1.7465
    2850       1.8681
    2851       1.8708
    2852       1.7825
    2853       1.6498
    2854       1.7300
    2855       1.8440
    2856       1.8004
    2857       1.6324
    2858       1.4853
    2859       1.5074
    2860       1.5999
    2861       1.7499
    2862       1.8106
    2863       1.9038
    2864       1.8363
    2865       1.6456
    2866       1.4859
    2867       1.5973
    2868       1.6850
    2869       1.6558
    2870       1.6345
    2871       1.7526
    2872       1.7800
    2873       1.8099
    2874       1.6864
    2875       1.6996
    2876       1.9108
    2877       1.8774
    2878       1.9428
    2879       1.7934
    2880       1.8476
    2881       2.0159
    2882       1.8587
    2883       1.9152
    2884       1.8604
    2885       1.8847
    2886       1.8583
    2887       1.8594
    2888       1.7209
    2889       1.7379
    2890       1.8397
    2891       1.7449
    2892       1.7782
    2893       1.5915
    2894       1.6012
    2895       1.5913
    2896       1.6543
    2897       1.5829
    2898       1.5077
    2899       1.4612
    2900       1.7698
    2901       1.6980
    2902       1.6891
    2903       1.6130
    2904       1.6824
    2905       1.6014
    2906       1.4581
    2907       1.4975
    2908       1.5261
    2909       1.4770
    2910       1.4018
    2911       1.4211
    2912       1.4270
    2913       1.5905
    2914       1.5501
    2915       1.3536
    2916       1.3252
